Datetime,Streamflow (m3/s)
1970-03-25,0.08799999952316284
1970-03-26,
1970-03-27,
1970-03-28,
1970-03-29,
1970-03-30,
1970-03-31,
1970-04-01,0.10199999809265137
1970-04-02,0.10199999809265137
1970-04-03,0.11299999803304672
1970-04-04,0.12200000137090684
1970-04-05,0.12700000405311584
1970-04-06,0.1469999998807907
1970-04-07,0.1589999943971634
1970-04-08,0.1589999943971634
1970-04-09,0.1589999943971634
1970-04-10,0.1589999943971634
1970-04-11,0.164000004529953
1970-04-12,0.17000000178813934
1970-04-13,0.1589999943971634
1970-04-14,0.17000000178813934
1970-04-15,0.17800000309944153
1970-04-16,0.18400000035762787
1970-04-17,0.18400000035762787
1970-04-18,0.18400000035762787
1970-04-19,0.1979999989271164
1970-04-20,0.2290000021457672
1970-04-21,0.25200000405311584
1970-04-22,0.26100000739097595
1970-04-23,0.2689999938011169
1970-04-24,0.2689999938011169
1970-04-25,0.2689999938011169
1970-04-26,0.26100000739097595
1970-04-27,0.25200000405311584
1970-04-28,0.25200000405311584
1970-04-29,0.26100000739097595
1970-04-30,0.26100000739097595
1970-05-01,0.2689999938011169
1970-05-02,0.3479999899864197
1970-05-03,0.4050000011920929
1970-05-04,0.4900000095367432
1970-05-05,0.6119999885559082
1970-05-06,0.6480000019073486
1970-05-07,0.6970000267028809
1970-05-08,0.7590000033378601
1970-05-09,0.8519999980926514
1970-05-10,0.7590000033378601
1970-05-11,0.6970000267028809
1970-05-12,0.6650000214576721
1970-05-13,0.6119999885559082
1970-05-14,0.6309999823570251
1970-05-15,0.6480000019073486
1970-05-16,0.6480000019073486
1970-05-17,0.8209999799728394
1970-05-18,0.8830000162124634
1970-05-19,0.915000021457672
1970-05-20,0.915000021457672
1970-05-21,1.2200000286102295
1970-05-22,1.309999942779541
1970-05-23,1.350000023841858
1970-05-24,1.350000023841858
1970-05-25,1.350000023841858
1970-05-26,1.3899999856948853
1970-05-27,1.350000023841858
1970-05-28,1.100000023841858
1970-05-29,0.915000021457672
1970-05-30,0.9459999799728394
1970-05-31,0.9459999799728394
1970-06-01,0.9459999799728394
1970-06-02,1.0599999427795408
1970-06-03,1.1799999475479126
1970-06-04,0.9459999799728394
1970-06-05,0.9459999799728394
1970-06-06,0.9459999799728394
1970-06-07,0.8209999799728394
1970-06-08,0.8209999799728394
1970-06-09,0.7590000033378601
1970-06-10,0.6480000019073486
1970-06-11,0.5950000286102295
1970-06-12,0.4900000095367432
1970-06-13,0.4300000071525574
1970-06-14,0.453000009059906
1970-06-15,0.5239999890327454
1970-06-16,0.4790000021457672
1970-06-17,0.4790000021457672
1970-06-18,0.4300000071525574
1970-06-19,0.3680000007152557
1970-06-20,0.36000001430511475
1970-06-21,0.36000001430511475
1970-06-22,0.36000001430511475
1970-06-23,0.36000001430511475
1970-06-24,0.3199999928474426
1970-06-25,0.3199999928474426
1970-06-26,0.2689999938011169
1970-06-27,0.2290000021457672
1970-06-28,0.2460000067949295
1970-06-29,0.2290000021457672
1970-06-30,0.2460000067949295
1970-07-01,0.2290000021457672
1970-07-02,0.2070000022649765
1970-07-03,0.18400000035762787
1970-07-04,0.164000004529953
1970-07-05,0.1589999943971634
1970-07-06,0.1469999998807907
1970-07-07,0.1469999998807907
1970-07-08,0.12700000405311584
1970-07-09,0.12200000137090684
1970-07-10,0.11599999666213988
1970-07-11,0.11299999803304672
1970-07-12,0.10199999809265137
1970-07-13,0.08799999952316284
1970-07-14,0.07900000363588333
1970-07-15,0.07100000232458115
1970-07-16,0.06499999761581421
1970-07-17,0.059000000357627876
1970-07-18,0.059000000357627876
1970-07-19,0.059000000357627876
1970-07-20,0.059000000357627876
1970-07-21,0.059000000357627876
1970-07-22,0.059000000357627876
1970-07-23,0.06800000369548798
1970-07-24,0.07400000095367433
1970-07-25,0.07599999755620956
1970-07-26,0.10199999809265137
1970-07-27,0.1899999976158142
1970-07-28,0.17800000309944153
1970-07-29,0.1589999943971634
1970-07-30,0.15299999713897705
1970-07-31,0.13899999856948853
1970-08-01,0.12700000405311584
1970-08-02,0.11599999666213988
1970-08-03,0.10199999809265137
1970-08-04,0.090999998152256
1970-08-05,0.07599999755620956
1970-08-06,0.07400000095367433
1970-08-07,0.07400000095367433
1970-08-08,0.07400000095367433
1970-08-09,0.07400000095367433
1970-08-10,0.06800000369548798
1970-08-11,0.06499999761581421
1970-08-12,0.059000000357627876
1970-08-13,0.05700000002980232
1970-08-14,0.05400000140070915
1970-08-15,0.05400000140070915
1970-08-16,0.04800000041723251
1970-08-17,0.045000001788139336
1970-08-18,0.03999999910593033
1970-08-19,0.03999999910593033
1970-08-20,0.03700000047683717
1970-08-21,0.03700000047683717
1970-08-22,0.03400000184774399
1970-08-23,0.03400000184774399
1970-08-24,0.03400000184774399
1970-08-25,0.03999999910593033
1970-08-26,0.03400000184774399
1970-08-27,0.03400000184774399
1970-08-28,0.03400000184774399
1970-08-29,0.03700000047683717
1970-08-30,0.03700000047683717
1970-08-31,0.03700000047683717
1970-09-01,0.03700000047683717
1970-09-02,0.03700000047683717
1970-09-03,0.03700000047683717
1970-09-04,0.03700000047683717
1970-09-05,0.03700000047683717
1970-09-06,0.045000001788139336
1970-09-07,0.05400000140070915
1970-09-08,0.045000001788139336
1970-09-09,0.03700000047683717
1970-09-10,0.03700000047683717
1970-09-11,0.03700000047683717
1970-09-12,0.03700000047683717
1970-09-13,0.03700000047683717
1970-09-14,0.03700000047683717
1970-09-15,0.03700000047683717
1970-09-16,0.03700000047683717
1970-09-17,0.03999999910593033
1970-09-18,0.04199999943375588
1970-09-19,0.050999999046325684
1970-09-20,0.045000001788139336
1970-09-21,0.04199999943375588
1970-09-22,0.04199999943375588
1970-09-23,0.04199999943375588
1970-09-24,0.04199999943375588
1970-09-25,0.04199999943375588
1970-09-26,0.04199999943375588
1970-09-27,0.03999999910593033
1970-09-28,0.03999999910593033
1970-09-29,0.03999999910593033
1970-09-30,0.03700000047683717
1970-10-01,
1970-10-02,
1970-10-03,
1970-10-04,
1970-10-05,
1970-10-06,
1970-10-07,
1970-10-08,
1970-10-09,
1970-10-10,
1970-10-11,
1970-10-12,
1970-10-13,
1970-10-14,
1970-10-15,
1970-10-16,
1970-10-17,
1970-10-18,
1970-10-19,
1970-10-20,
1970-10-21,
1970-10-22,
1970-10-23,
1970-10-24,
1970-10-25,
1970-10-26,
1970-10-27,
1970-10-28,
1970-10-29,
1970-10-30,
1970-10-31,
1970-11-01,
1970-11-02,
1970-11-03,
1970-11-04,
1970-11-05,
1970-11-06,
1970-11-07,
1970-11-08,
1970-11-09,
1970-11-10,
1970-11-11,
1970-11-12,
1970-11-13,
1970-11-14,
1970-11-15,
1970-11-16,
1970-11-17,
1970-11-18,
1970-11-19,
1970-11-20,
1970-11-21,
1970-11-22,
1970-11-23,
1970-11-24,
1970-11-25,
1970-11-26,
1970-11-27,
1970-11-28,
1970-11-29,
1970-11-30,
1970-12-01,
1970-12-02,
1970-12-03,
1970-12-04,
1970-12-05,
1970-12-06,
1970-12-07,
1970-12-08,
1970-12-09,
1970-12-10,
1970-12-11,
1970-12-12,
1970-12-13,
1970-12-14,
1970-12-15,
1970-12-16,
1970-12-17,
1970-12-18,
1970-12-19,
1970-12-20,
1970-12-21,
1970-12-22,
1970-12-23,
1970-12-24,
1970-12-25,
1970-12-26,
1970-12-27,
1970-12-28,
1970-12-29,
1970-12-30,
1970-12-31,
1971-01-01,
1971-01-02,
1971-01-03,
1971-01-04,
1971-01-05,
1971-01-06,
1971-01-07,
1971-01-08,
1971-01-09,
1971-01-10,
1971-01-11,
1971-01-12,
1971-01-13,
1971-01-14,
1971-01-15,
1971-01-16,
1971-01-17,
1971-01-18,
1971-01-19,
1971-01-20,
1971-01-21,
1971-01-22,
1971-01-23,
1971-01-24,
1971-01-25,
1971-01-26,
1971-01-27,
1971-01-28,
1971-01-29,
1971-01-30,
1971-01-31,
1971-02-01,
1971-02-02,
1971-02-03,
1971-02-04,
1971-02-05,
1971-02-06,
1971-02-07,
1971-02-08,
1971-02-09,
1971-02-10,
1971-02-11,
1971-02-12,
1971-02-13,
1971-02-14,
1971-02-15,
1971-02-16,
1971-02-17,
1971-02-18,
1971-02-19,
1971-02-20,
1971-02-21,
1971-02-22,
1971-02-23,
1971-02-24,
1971-02-25,
1971-02-26,
1971-02-27,
1971-02-28,
1971-03-01,
1971-03-02,
1971-03-03,
1971-03-04,
1971-03-05,
1971-03-06,
1971-03-07,
1971-03-08,
1971-03-09,
1971-03-10,
1971-03-11,
1971-03-12,
1971-03-13,
1971-03-14,
1971-03-15,
1971-03-16,
1971-03-17,
1971-03-18,
1971-03-19,
1971-03-20,
1971-03-21,
1971-03-22,
1971-03-23,
1971-03-24,
1971-03-25,
1971-03-26,
1971-03-27,
1971-03-28,
1971-03-29,
1971-03-30,
1971-03-31,0.05400000140070915
1971-04-01,0.045000001788139336
1971-04-02,0.03999999910593033
1971-04-03,0.045000001788139336
1971-04-04,0.04800000041723251
1971-04-05,0.05400000140070915
1971-04-06,0.05400000140070915
1971-04-07,0.05700000002980232
1971-04-08,0.059000000357627876
1971-04-09,0.06499999761581421
1971-04-10,0.06800000369548798
1971-04-11,0.07599999755620956
1971-04-12,0.08799999952316284
1971-04-13,0.090999998152256
1971-04-14,0.10199999809265137
1971-04-15,0.10199999809265137
1971-04-16,0.11299999803304672
1971-04-17,0.11599999666213988
1971-04-18,0.1330000013113022
1971-04-19,0.15299999713897705
1971-04-20,0.18400000035762787
1971-04-21,0.1979999989271164
1971-04-22,0.3479999899864197
1971-04-23,0.3790000081062317
1971-04-24,0.4790000021457672
1971-04-25,0.6539999842643738
1971-04-26,1.1200000047683716
1971-04-27,1.2000000476837158
1971-04-28,1.2300000190734863
1971-04-29,1.2300000190734863
1971-04-30,1.2300000190734863
1971-05-01,1.2300000190734863
1971-05-02,1.25
1971-05-03,1.2699999809265137
1971-05-04,1.350000023841858
1971-05-05,1.4199999570846558
1971-05-06,1.4900000095367432
1971-05-07,1.830000042915344
1971-05-08,1.8899999856948853
1971-05-09,1.8899999856948853
1971-05-10,1.649999976158142
1971-05-11,1.7000000476837158
1971-05-12,1.940000057220459
1971-05-13,2.3199999332427983
1971-05-14,1.940000057220459
1971-05-15,1.5900000333786009
1971-05-16,1.5900000333786009
1971-05-17,1.5900000333786009
1971-05-18,1.309999942779541
1971-05-19,1.309999942779541
1971-05-20,1.399999976158142
1971-05-21,1.4900000095367432
1971-05-22,1.4900000095367432
1971-05-23,1.399999976158142
1971-05-24,1.4900000095367432
1971-05-25,1.5900000333786009
1971-05-26,1.5900000333786009
1971-05-27,1.5900000333786009
1971-05-28,1.7000000476837158
1971-05-29,1.5900000333786009
1971-05-30,1.5900000333786009
1971-05-31,1.4900000095367432
1971-06-01,1.4900000095367432
1971-06-02,1.4900000095367432
1971-06-03,1.5900000333786009
1971-06-04,1.4900000095367432
1971-06-05,1.399999976158142
1971-06-06,1.309999942779541
1971-06-07,1.399999976158142
1971-06-08,1.4900000095367432
1971-06-09,1.7000000476837158
1971-06-10,1.5900000333786009
1971-06-11,1.4900000095367432
1971-06-12,1.399999976158142
1971-06-13,1.309999942779541
1971-06-14,1.309999942779541
1971-06-15,1.4900000095367432
1971-06-16,1.399999976158142
1971-06-17,1.309999942779541
1971-06-18,1.399999976158142
1971-06-19,0.99099999666214
1971-06-20,0.99099999666214
1971-06-21,0.99099999666214
1971-06-22,0.99099999666214
1971-06-23,0.99099999666214
1971-06-24,0.8069999814033508
1971-06-25,0.8069999814033508
1971-06-26,0.8069999814033508
1971-06-27,0.6370000243186951
1971-06-28,0.6370000243186951
1971-06-29,0.6370000243186951
1971-06-30,0.6370000243186951
1971-07-01,0.6370000243186951
1971-07-02,0.5640000104904175
1971-07-03,0.4900000095367432
1971-07-04,0.4900000095367432
1971-07-05,0.4900000095367432
1971-07-06,0.4900000095367432
1971-07-07,0.4900000095367432
1971-07-08,0.4300000071525574
1971-07-09,0.4300000071525574
1971-07-10,0.5640000104904175
1971-07-11,0.5640000104904175
1971-07-12,0.4900000095367432
1971-07-13,0.4300000071525574
1971-07-14,0.3680000007152557
1971-07-15,0.3680000007152557
1971-07-16,0.3479999899864197
1971-07-17,0.3199999928474426
1971-07-18,0.3199999928474426
1971-07-19,0.2689999938011169
1971-07-20,0.2689999938011169
1971-07-21,0.2689999938011169
1971-07-22,0.2689999938011169
1971-07-23,0.2689999938011169
1971-07-24,0.1899999976158142
1971-07-25,0.1899999976158142
1971-07-26,0.1899999976158142
1971-07-27,0.1899999976158142
1971-07-28,0.1899999976158142
1971-07-29,0.1899999976158142
1971-07-30,0.1899999976158142
1971-07-31,0.1589999943971634
1971-08-01,0.1589999943971634
1971-08-02,0.1589999943971634
1971-08-03,0.12700000405311584
1971-08-04,0.12700000405311584
1971-08-05,0.12700000405311584
1971-08-06,0.12700000405311584
1971-08-07,0.12700000405311584
1971-08-08,0.12700000405311584
1971-08-09,0.12700000405311584
1971-08-10,0.12700000405311584
1971-08-11,0.12200000137090684
1971-08-12,0.12200000137090684
1971-08-13,0.12200000137090684
1971-08-14,0.11299999803304672
1971-08-15,0.11299999803304672
1971-08-16,0.08799999952316284
1971-08-17,0.08799999952316284
1971-08-18,0.08799999952316284
1971-08-19,0.08799999952316284
1971-08-20,0.08799999952316284
1971-08-21,0.08799999952316284
1971-08-22,0.08799999952316284
1971-08-23,0.06499999761581421
1971-08-24,0.0820000022649765
1971-08-25,0.0820000022649765
1971-08-26,0.0820000022649765
1971-08-27,0.0820000022649765
1971-08-28,0.0820000022649765
1971-08-29,0.0820000022649765
1971-08-30,0.07599999755620956
1971-08-31,0.0820000022649765
1971-09-01,0.0820000022649765
1971-09-02,0.0820000022649765
1971-09-03,0.07599999755620956
1971-09-04,0.07599999755620956
1971-09-05,0.07599999755620956
1971-09-06,0.07599999755620956
1971-09-07,0.06800000369548798
1971-09-08,0.06800000369548798
1971-09-09,0.06800000369548798
1971-09-10,0.07400000095367433
1971-09-11,0.07400000095367433
1971-09-12,0.07400000095367433
1971-09-13,0.07400000095367433
1971-09-14,0.07400000095367433
1971-09-15,0.07400000095367433
1971-09-16,0.06800000369548798
1971-09-17,0.06800000369548798
1971-09-18,0.06800000369548798
1971-09-19,0.06499999761581421
1971-09-20,0.06499999761581421
1971-09-21,0.059000000357627876
1971-09-22,0.059000000357627876
1971-09-23,0.059000000357627876
1971-09-24,0.05700000002980232
1971-09-25,0.05400000140070915
1971-09-26,0.05400000140070915
1971-09-27,0.05400000140070915
1971-09-28,0.05400000140070915
1971-09-29,0.04800000041723251
1971-09-30,0.04800000041723251
1971-10-01,
1971-10-02,
1971-10-03,
1971-10-04,
1971-10-05,
1971-10-06,
1971-10-07,
1971-10-08,
1971-10-09,
1971-10-10,
1971-10-11,
1971-10-12,
1971-10-13,
1971-10-14,
1971-10-15,
1971-10-16,
1971-10-17,
1971-10-18,
1971-10-19,
1971-10-20,
1971-10-21,
1971-10-22,
1971-10-23,
1971-10-24,
1971-10-25,
1971-10-26,
1971-10-27,
1971-10-28,
1971-10-29,
1971-10-30,
1971-10-31,
1971-11-01,
1971-11-02,
1971-11-03,
1971-11-04,
1971-11-05,
1971-11-06,
1971-11-07,
1971-11-08,
1971-11-09,
1971-11-10,
1971-11-11,
1971-11-12,
1971-11-13,
1971-11-14,
1971-11-15,
1971-11-16,
1971-11-17,
1971-11-18,
1971-11-19,
1971-11-20,
1971-11-21,
1971-11-22,
1971-11-23,
1971-11-24,
1971-11-25,
1971-11-26,
1971-11-27,
1971-11-28,
1971-11-29,
1971-11-30,
1971-12-01,
1971-12-02,
1971-12-03,
1971-12-04,
1971-12-05,
1971-12-06,
1971-12-07,
1971-12-08,
1971-12-09,
1971-12-10,
1971-12-11,
1971-12-12,
1971-12-13,
1971-12-14,
1971-12-15,
1971-12-16,
1971-12-17,
1971-12-18,
1971-12-19,
1971-12-20,
1971-12-21,
1971-12-22,
1971-12-23,
1971-12-24,
1971-12-25,
1971-12-26,
1971-12-27,
1971-12-28,
1971-12-29,
1971-12-30,
1971-12-31,
1972-01-01,
1972-01-02,
1972-01-03,
1972-01-04,
1972-01-05,
1972-01-06,
1972-01-07,
1972-01-08,
1972-01-09,
1972-01-10,
1972-01-11,
1972-01-12,
1972-01-13,
1972-01-14,
1972-01-15,
1972-01-16,
1972-01-17,
1972-01-18,
1972-01-19,
1972-01-20,
1972-01-21,
1972-01-22,
1972-01-23,
1972-01-24,
1972-01-25,
1972-01-26,
1972-01-27,
1972-01-28,
1972-01-29,
1972-01-30,
1972-01-31,
1972-02-01,
1972-02-02,
1972-02-03,
1972-02-04,
1972-02-05,
1972-02-06,
1972-02-07,
1972-02-08,
1972-02-09,
1972-02-10,
1972-02-11,
1972-02-12,
1972-02-13,
1972-02-14,
1972-02-15,
1972-02-16,
1972-02-17,
1972-02-18,
1972-02-19,
1972-02-20,
1972-02-21,
1972-02-22,
1972-02-23,
1972-02-24,
1972-02-25,
1972-02-26,
1972-02-27,
1972-02-28,
1972-02-29,
1972-03-01,
1972-03-02,
1972-03-03,
1972-03-04,
1972-03-05,
1972-03-06,
1972-03-07,
1972-03-08,
1972-03-09,
1972-03-10,
1972-03-11,
1972-03-12,
1972-03-13,
1972-03-14,
1972-03-15,
1972-03-16,
1972-03-17,
1972-03-18,
1972-03-19,
1972-03-20,
1972-03-21,
1972-03-22,
1972-03-23,
1972-03-24,
1972-03-25,
1972-03-26,
1972-03-27,0.2939999997615814
1972-03-28,0.35100001096725464
1972-03-29,0.4079999923706055
1972-03-30,0.4670000076293945
1972-03-31,0.5239999890327454
1972-04-01,0.5799999833106995
1972-04-02,0.6510000228881836
1972-04-03,0.722000002861023
1972-04-04,0.722000002861023
1972-04-05,0.6510000228881836
1972-04-06,0.7649999856948853
1972-04-07,0.8270000219345093
1972-04-08,0.878000020980835
1972-04-09,0.878000020980835
1972-04-10,0.843999981880188
1972-04-11,0.8270000219345093
1972-04-12,0.7649999856948853
1972-04-13,0.7929999828338623
1972-04-14,0.8610000014305115
1972-04-15,0.7929999828338623
1972-04-16,0.7929999828338623
1972-04-17,0.7929999828338623
1972-04-18,0.7929999828338623
1972-04-19,0.7929999828338623
1972-04-20,0.7929999828338623
1972-04-21,0.878000020980835
1972-04-22,0.878000020980835
1972-04-23,0.9629999995231628
1972-04-24,1.0499999523162842
1972-04-25,1.1299999952316284
1972-04-26,1.1299999952316284
1972-04-27,1.2300000190734863
1972-04-28,1.7100000381469729
1972-04-29,1.9299999475479128
1972-04-30,1.9299999475479128
1972-05-01,1.9299999475479128
1972-05-02,1.9299999475479128
1972-05-03,1.9299999475479128
1972-05-04,2.3499999046325684
1972-05-05,3.0299999713897705
1972-05-06,3.259999990463257
1972-05-07,3.4800000190734863
1972-05-08,3.4800000190734863
1972-05-09,3.369999885559082
1972-05-10,3.4800000190734863
1972-05-11,3.259999990463257
1972-05-12,3.4800000190734863
1972-05-13,3.4800000190734863
1972-05-14,3.619999885559082
1972-05-15,3.740000009536743
1972-05-16,3.740000009536743
1972-05-17,3.619999885559082
1972-05-18,3.880000114440918
1972-05-19,3.259999990463257
1972-05-20,3.369999885559082
1972-05-21,3.4800000190734863
1972-05-22,3.259999990463257
1972-05-23,3.4800000190734863
1972-05-24,3.259999990463257
1972-05-25,2.799999952316284
1972-05-26,2.799999952316284
1972-05-27,2.799999952316284
1972-05-28,3.0299999713897705
1972-05-29,3.4800000190734863
1972-05-30,3.740000009536743
1972-05-31,3.880000114440918
1972-06-01,3.5699999332427983
1972-06-02,2.9200000762939453
1972-06-03,2.5799999237060547
1972-06-04,2.5799999237060547
1972-06-05,2.5799999237060547
1972-06-06,2.3499999046325684
1972-06-07,2.3499999046325684
1972-06-08,2.3499999046325684
1972-06-09,2.1400001049041752
1972-06-10,2.1400001049041752
1972-06-11,2.1400001049041752
1972-06-12,2.3499999046325684
1972-06-13,2.3499999046325684
1972-06-14,2.1400001049041752
1972-06-15,2.309999942779541
1972-06-16,2.1400001049041752
1972-06-17,2.1400001049041752
1972-06-18,1.7100000381469729
1972-06-19,1.5
1972-06-20,1.5
1972-06-21,1.4099999666213991
1972-06-22,1.3200000524520874
1972-06-23,1.1299999952316284
1972-06-24,1.1299999952316284
1972-06-25,1.3200000524520874
1972-06-26,1.2300000190734863
1972-06-27,1.0499999523162842
1972-06-28,1.0499999523162842
1972-06-29,0.9629999995231628
1972-06-30,0.7929999828338623
1972-07-01,0.722000002861023
1972-07-02,0.722000002861023
1972-07-03,0.722000002861023
1972-07-04,0.722000002861023
1972-07-05,0.6940000057220459
1972-07-06,0.6510000228881836
1972-07-07,0.5799999833106995
1972-07-08,0.6510000228881836
1972-07-09,0.6510000228881836
1972-07-10,0.6510000228881836
1972-07-11,0.6510000228881836
1972-07-12,1.2300000190734863
1972-07-13,1.7100000381469729
1972-07-14,1.2300000190734863
1972-07-15,1.0499999523162842
1972-07-16,0.878000020980835
1972-07-17,0.7929999828338623
1972-07-18,0.878000020980835
1972-07-19,0.7929999828338623
1972-07-20,0.722000002861023
1972-07-21,0.722000002861023
1972-07-22,0.6510000228881836
1972-07-23,0.6510000228881836
1972-07-24,0.5799999833106995
1972-07-25,0.5099999904632568
1972-07-26,0.5099999904632568
1972-07-27,0.5099999904632568
1972-07-28,0.5099999904632568
1972-07-29,0.453000009059906
1972-07-30,0.3959999978542328
1972-07-31,0.3959999978542328
1972-08-01,0.3959999978542328
1972-08-02,0.2829999923706055
1972-08-03,0.2829999923706055
1972-08-04,0.2829999923706055
1972-08-05,0.2829999923706055
1972-08-06,0.2829999923706055
1972-08-07,0.2829999923706055
1972-08-08,0.2829999923706055
1972-08-09,0.2829999923706055
1972-08-10,0.2409999966621399
1972-08-11,0.2409999966621399
1972-08-12,0.2409999966621399
1972-08-13,0.2409999966621399
1972-08-14,0.2409999966621399
1972-08-15,0.1979999989271164
1972-08-16,0.1979999989271164
1972-08-17,0.1979999989271164
1972-08-18,0.1979999989271164
1972-08-19,0.1979999989271164
1972-08-20,0.1979999989271164
1972-08-21,0.1979999989271164
1972-08-22,0.1979999989271164
1972-08-23,0.2409999966621399
1972-08-24,0.2409999966621399
1972-08-25,0.2409999966621399
1972-08-26,0.2409999966621399
1972-08-27,0.2409999966621399
1972-08-28,0.2409999966621399
1972-08-29,0.1979999989271164
1972-08-30,0.1979999989271164
1972-08-31,0.15600000321865082
1972-09-01,0.15600000321865082
1972-09-02,0.15600000321865082
1972-09-03,0.15600000321865082
1972-09-04,0.15600000321865082
1972-09-05,0.15600000321865082
1972-09-06,0.15600000321865082
1972-09-07,0.15600000321865082
1972-09-08,0.15600000321865082
1972-09-09,0.15600000321865082
1972-09-10,0.15600000321865082
1972-09-11,0.15600000321865082
1972-09-12,0.15600000321865082
1972-09-13,0.15600000321865082
1972-09-14,0.15600000321865082
1972-09-15,0.15600000321865082
1972-09-16,0.11299999803304672
1972-09-17,0.11299999803304672
1972-09-18,0.11299999803304672
1972-09-19,0.11299999803304672
1972-09-20,0.11299999803304672
1972-09-21,0.15600000321865082
1972-09-22,0.15600000321865082
1972-09-23,0.15600000321865082
1972-09-24,0.15600000321865082
1972-09-25,0.15600000321865082
1972-09-26,0.15600000321865082
1972-09-27,0.1979999989271164
1972-09-28,0.1979999989271164
1972-09-29,0.15600000321865082
1972-09-30,0.15600000321865082
1972-10-01,
1972-10-02,
1972-10-03,
1972-10-04,
1972-10-05,
1972-10-06,
1972-10-07,
1972-10-08,
1972-10-09,
1972-10-10,
1972-10-11,
1972-10-12,
1972-10-13,
1972-10-14,
1972-10-15,
1972-10-16,
1972-10-17,
1972-10-18,
1972-10-19,
1972-10-20,
1972-10-21,
1972-10-22,
1972-10-23,
1972-10-24,
1972-10-25,
1972-10-26,
1972-10-27,
1972-10-28,
1972-10-29,
1972-10-30,
1972-10-31,
1972-11-01,
1972-11-02,
1972-11-03,
1972-11-04,
1972-11-05,
1972-11-06,
1972-11-07,
1972-11-08,
1972-11-09,
1972-11-10,
1972-11-11,
1972-11-12,
1972-11-13,
1972-11-14,
1972-11-15,
1972-11-16,
1972-11-17,
1972-11-18,
1972-11-19,
1972-11-20,
1972-11-21,
1972-11-22,
1972-11-23,
1972-11-24,
1972-11-25,
1972-11-26,
1972-11-27,
1972-11-28,
1972-11-29,
1972-11-30,
1972-12-01,
1972-12-02,
1972-12-03,
1972-12-04,
1972-12-05,
1972-12-06,
1972-12-07,
1972-12-08,
1972-12-09,
1972-12-10,
1972-12-11,
1972-12-12,
1972-12-13,
1972-12-14,
1972-12-15,
1972-12-16,
1972-12-17,
1972-12-18,
1972-12-19,
1972-12-20,
1972-12-21,
1972-12-22,
1972-12-23,
1972-12-24,
1972-12-25,
1972-12-26,
1972-12-27,
1972-12-28,
1972-12-29,
1972-12-30,
1972-12-31,
1973-01-01,
1973-01-02,
1973-01-03,
1973-01-04,
1973-01-05,
1973-01-06,
1973-01-07,
1973-01-08,
1973-01-09,
1973-01-10,
1973-01-11,
1973-01-12,
1973-01-13,
1973-01-14,
1973-01-15,
1973-01-16,
1973-01-17,
1973-01-18,
1973-01-19,
1973-01-20,
1973-01-21,
1973-01-22,
1973-01-23,
1973-01-24,
1973-01-25,
1973-01-26,
1973-01-27,
1973-01-28,
1973-01-29,
1973-01-30,
1973-01-31,
1973-02-01,
1973-02-02,
1973-02-03,
1973-02-04,
1973-02-05,
1973-02-06,
1973-02-07,
1973-02-08,
1973-02-09,
1973-02-10,
1973-02-11,
1973-02-12,
1973-02-13,
1973-02-14,
1973-02-15,
1973-02-16,
1973-02-17,
1973-02-18,
1973-02-19,
1973-02-20,
1973-02-21,
1973-02-22,
1973-02-23,
1973-02-24,
1973-02-25,
1973-02-26,
1973-02-27,
1973-02-28,
1973-03-01,
1973-03-02,
1973-03-03,
1973-03-04,
1973-03-05,
1973-03-06,
1973-03-07,
1973-03-08,
1973-03-09,
1973-03-10,
1973-03-11,
1973-03-12,
1973-03-13,
1973-03-14,
1973-03-15,
1973-03-16,
1973-03-17,
1973-03-18,
1973-03-19,
1973-03-20,
1973-03-21,
1973-03-22,
1973-03-23,
1973-03-24,
1973-03-25,
1973-03-26,
1973-03-27,
1973-03-28,
1973-03-29,
1973-03-30,
1973-03-31,
1973-04-01,0.10499999672174454
1973-04-02,0.10999999940395357
1973-04-03,0.10999999940395357
1973-04-04,0.10999999940395357
1973-04-05,0.11599999666213988
1973-04-06,0.10999999940395357
1973-04-07,0.10999999940395357
1973-04-08,0.10999999940395357
1973-04-09,0.2119999974966049
1973-04-10,0.296999990940094
1973-04-11,0.3059999942779541
1973-04-12,0.3540000021457672
1973-04-13,0.3540000021457672
1973-04-14,0.39899998903274536
1973-04-15,0.3709999918937683
1973-04-16,0.39899998903274536
1973-04-17,0.39899998903274536
1973-04-18,0.39899998903274536
1973-04-19,0.39899998903274536
1973-04-20,0.39899998903274536
1973-04-21,0.4189999997615814
1973-04-22,0.453000009059906
1973-04-23,0.453000009059906
1973-04-24,0.5040000081062317
1973-04-25,0.4729999899864197
1973-04-26,0.5040000081062317
1973-04-27,0.5040000081062317
1973-04-28,0.5149999856948853
1973-04-29,0.5149999856948853
1973-04-30,0.5149999856948853
1973-05-01,0.5270000100135803
1973-05-02,0.5640000104904175
1973-05-03,0.5860000252723694
1973-05-04,0.6970000267028809
1973-05-05,0.7250000238418579
1973-05-06,0.7250000238418579
1973-05-07,0.7110000252723694
1973-05-08,0.8040000200271606
1973-05-09,0.7250000238418579
1973-05-10,0.6970000267028809
1973-05-11,0.6510000228881836
1973-05-12,0.6370000243186951
1973-05-13,0.7110000252723694
1973-05-14,0.871999979019165
1973-05-15,1.1599999666213991
1973-05-16,1.4099999666213991
1973-05-17,1.820000052452088
1973-05-18,1.9099999666213991
1973-05-19,1.7999999523162842
1973-05-20,1.6399999856948853
1973-05-21,1.5399999618530271
1973-05-22,1.2200000286102295
1973-05-23,1.1100000143051147
1973-05-24,1.1100000143051147
1973-05-25,1.2599999904632568
1973-05-26,1.2000000476837158
1973-05-27,1.2000000476837158
1973-05-28,0.9800000190734864
1973-05-29,0.8889999985694885
1973-05-30,0.8889999985694885
1973-05-31,0.9800000190734864
1973-06-01,0.7870000004768372
1973-06-02,0.7870000004768372
1973-06-03,0.7110000252723694
1973-06-04,0.6970000267028809
1973-06-05,0.6970000267028809
1973-06-06,0.8040000200271606
1973-06-07,0.6230000257492065
1973-06-08,0.6370000243186951
1973-06-09,0.6370000243186951
1973-06-10,0.6370000243186951
1973-06-11,0.5860000252723694
1973-06-12,0.5270000100135803
1973-06-13,0.5270000100135803
1973-06-14,0.5410000085830688
1973-06-15,0.4839999973773956
1973-06-16,0.4839999973773956
1973-06-17,0.5410000085830688
1973-06-18,0.4930000007152557
1973-06-19,0.4420000016689301
1973-06-20,0.4420000016689301
1973-06-21,0.453000009059906
1973-06-22,0.39899998903274536
1973-06-23,0.39899998903274536
1973-06-24,0.4620000123977661
1973-06-25,0.43299999833107
1973-06-26,0.4050000011920929
1973-06-27,0.37700000405311584
1973-06-28,0.3449999988079071
1973-06-29,0.31700000166893005
1973-06-30,0.289000004529953
1973-07-01,0.3540000021457672
1973-07-02,0.33399999141693115
1973-07-03,0.296999990940094
1973-07-04,0.2179999947547913
1973-07-05,0.3059999942779541
1973-07-06,0.3140000104904175
1973-07-07,0.2630000114440918
1973-07-08,0.2269999980926513
1973-07-09,0.1899999976158142
1973-07-10,0.2269999980926513
1973-07-11,0.23499999940395355
1973-07-12,0.1979999989271164
1973-07-13,0.16099999845027926
1973-07-14,0.2179999947547913
1973-07-15,0.17599999904632568
1973-07-16,0.17599999904632568
1973-07-17,0.16099999845027926
1973-07-18,0.16099999845027926
1973-07-19,0.16099999845027926
1973-07-20,0.1589999943971634
1973-07-21,0.15600000321865082
1973-07-22,0.15600000321865082
1973-07-23,0.1469999998807907
1973-07-24,0.1469999998807907
1973-07-25,0.1469999998807907
1973-07-26,0.1420000046491623
1973-07-27,0.1420000046491623
1973-07-28,0.1420000046491623
1973-07-29,0.13600000739097595
1973-07-30,0.13600000739097595
1973-07-31,0.12200000137090684
1973-08-01,0.12700000405311584
1973-08-02,0.12700000405311584
1973-08-03,0.11599999666213988
1973-08-04,0.11599999666213988
1973-08-05,0.11599999666213988
1973-08-06,0.11599999666213988
1973-08-07,0.10499999672174454
1973-08-08,0.090999998152256
1973-08-09,0.090999998152256
1973-08-10,0.0820000022649765
1973-08-11,0.0820000022649765
1973-08-12,0.0820000022649765
1973-08-13,0.06800000369548798
1973-08-14,0.07599999755620956
1973-08-15,0.059000000357627876
1973-08-16,0.05700000002980232
1973-08-17,0.059000000357627876
1973-08-18,0.05700000002980232
1973-08-19,0.05700000002980232
1973-08-20,0.059000000357627876
1973-08-21,0.05700000002980232
1973-08-22,0.05700000002980232
1973-08-23,0.05700000002980232
1973-08-24,0.06499999761581421
1973-08-25,0.06499999761581421
1973-08-26,0.059000000357627876
1973-08-27,0.05700000002980232
1973-08-28,0.04800000041723251
1973-08-29,0.04800000041723251
1973-08-30,0.04800000041723251
1973-08-31,0.04800000041723251
1973-09-01,0.04199999943375588
1973-09-02,0.04800000041723251
1973-09-03,0.04800000041723251
1973-09-04,0.04800000041723251
1973-09-05,0.04800000041723251
1973-09-06,0.03999999910593033
1973-09-07,0.04800000041723251
1973-09-08,0.03999999910593033
1973-09-09,0.03700000047683717
1973-09-10,0.03999999910593033
1973-09-11,0.03099999949336052
1973-09-12,0.03099999949336052
1973-09-13,0.03099999949336052
1973-09-14,0.03099999949336052
1973-09-15,0.03099999949336052
1973-09-16,0.03099999949336052
1973-09-17,0.03099999949336052
1973-09-18,0.03099999949336052
1973-09-19,0.03099999949336052
1973-09-20,0.03099999949336052
1973-09-21,0.03099999949336052
1973-09-22,0.03099999949336052
1973-09-23,0.050999999046325684
1973-09-24,0.04199999943375588
1973-09-25,0.04199999943375588
1973-09-26,0.04199999943375588
1973-09-27,0.03099999949336052
1973-09-28,0.03099999949336052
1973-09-29,0.03099999949336052
1973-09-30,0.03099999949336052
1973-10-01,
1973-10-02,
1973-10-03,
1973-10-04,
1973-10-05,
1973-10-06,
1973-10-07,
1973-10-08,
1973-10-09,
1973-10-10,
1973-10-11,
1973-10-12,
1973-10-13,
1973-10-14,
1973-10-15,
1973-10-16,
1973-10-17,
1973-10-18,
1973-10-19,
1973-10-20,
1973-10-21,
1973-10-22,
1973-10-23,
1973-10-24,
1973-10-25,
1973-10-26,
1973-10-27,
1973-10-28,
1973-10-29,
1973-10-30,
1973-10-31,
1973-11-01,
1973-11-02,
1973-11-03,
1973-11-04,
1973-11-05,
1973-11-06,
1973-11-07,
1973-11-08,
1973-11-09,
1973-11-10,
1973-11-11,
1973-11-12,
1973-11-13,
1973-11-14,
1973-11-15,
1973-11-16,
1973-11-17,
1973-11-18,
1973-11-19,
1973-11-20,
1973-11-21,
1973-11-22,
1973-11-23,
1973-11-24,
1973-11-25,
1973-11-26,
1973-11-27,
1973-11-28,
1973-11-29,
1973-11-30,
1973-12-01,
1973-12-02,
1973-12-03,
1973-12-04,
1973-12-05,
1973-12-06,
1973-12-07,
1973-12-08,
1973-12-09,
1973-12-10,
1973-12-11,
1973-12-12,
1973-12-13,
1973-12-14,
1973-12-15,
1973-12-16,
1973-12-17,
1973-12-18,
1973-12-19,
1973-12-20,
1973-12-21,
1973-12-22,
1973-12-23,
1973-12-24,
1973-12-25,
1973-12-26,
1973-12-27,
1973-12-28,
1973-12-29,
1973-12-30,
1973-12-31,
1974-01-01,
1974-01-02,
1974-01-03,
1974-01-04,
1974-01-05,
1974-01-06,
1974-01-07,
1974-01-08,
1974-01-09,
1974-01-10,
1974-01-11,
1974-01-12,
1974-01-13,
1974-01-14,
1974-01-15,
1974-01-16,
1974-01-17,
1974-01-18,
1974-01-19,
1974-01-20,
1974-01-21,
1974-01-22,
1974-01-23,
1974-01-24,
1974-01-25,
1974-01-26,
1974-01-27,
1974-01-28,
1974-01-29,
1974-01-30,
1974-01-31,
1974-02-01,
1974-02-02,
1974-02-03,
1974-02-04,
1974-02-05,
1974-02-06,
1974-02-07,
1974-02-08,
1974-02-09,
1974-02-10,
1974-02-11,
1974-02-12,
1974-02-13,
1974-02-14,
1974-02-15,
1974-02-16,
1974-02-17,
1974-02-18,
1974-02-19,
1974-02-20,
1974-02-21,
1974-02-22,
1974-02-23,
1974-02-24,
1974-02-25,
1974-02-26,
1974-02-27,
1974-02-28,
1974-03-01,
1974-03-02,
1974-03-03,
1974-03-04,
1974-03-05,
1974-03-06,
1974-03-07,
1974-03-08,
1974-03-09,
1974-03-10,
1974-03-11,
1974-03-12,
1974-03-13,
1974-03-14,
1974-03-15,
1974-03-16,
1974-03-17,
1974-03-18,
1974-03-19,
1974-03-20,
1974-03-21,
1974-03-22,
1974-03-23,
1974-03-24,
1974-03-25,
1974-03-26,
1974-03-27,
1974-03-28,
1974-03-29,
1974-03-30,
1974-03-31,
1974-04-01,0.17000000178813934
1974-04-02,0.2039999961853028
1974-04-03,0.3059999942779541
1974-04-04,0.3540000021457672
1974-04-05,0.39899998903274536
1974-04-06,0.4300000071525574
1974-04-07,0.5040000081062317
1974-04-08,0.5640000104904175
1974-04-09,0.6230000257492065
1974-04-10,0.6650000214576721
1974-04-11,0.8830000162124634
1974-04-12,0.9850000143051147
1974-04-13,1.0199999809265137
1974-04-14,1.0900000333786009
1974-04-15,1.190000057220459
1974-04-16,1.4600000381469729
1974-04-17,1.5299999713897705
1974-04-18,1.6299999952316284
1974-04-19,1.7699999809265137
1974-04-20,1.7999999523162842
1974-04-21,1.870000004768372
1974-04-22,1.940000057220459
1974-04-23,2.0699999332427983
1974-04-24,2.2100000381469727
1974-04-25,2.549999952316284
1974-04-26,2.5799999237060547
1974-04-27,2.630000114440918
1974-04-28,2.6700000762939453
1974-04-29,2.75
1974-04-30,2.9200000762939453
1974-05-01,2.890000104904175
1974-05-02,2.940000057220459
1974-05-03,3.0299999713897705
1974-05-04,3.0899999141693115
1974-05-05,3.109999895095825
1974-05-06,3.140000104904175
1974-05-07,3.2000000476837163
1974-05-08,3.2300000190734863
1974-05-09,3.1700000762939453
1974-05-10,3.059999942779541
1974-05-11,2.970000028610228
1974-05-12,2.720000028610229
1974-05-13,2.509999990463257
1974-05-14,2.039999961853028
1974-05-15,1.559999942779541
1974-05-16,1.440000057220459
1974-05-17,1.3600000143051147
1974-05-18,1.3899999856948853
1974-05-19,1.600000023841858
1974-05-20,1.6299999952316284
1974-05-21,1.6299999952316284
1974-05-22,1.7000000476837158
1974-05-23,2.1199998855590816
1974-05-24,2.380000114440918
1974-05-25,2.5799999237060547
1974-05-26,2.619999885559082
1974-05-27,2.5999999046325684
1974-05-28,2.5799999237060547
1974-05-29,2.4800000190734863
1974-05-30,2.450000047683716
1974-05-31,2.4800000190734863
1974-06-01,2.509999990463257
1974-06-02,2.4800000190734863
1974-06-03,2.450000047683716
1974-06-04,2.509999990463257
1974-06-05,2.549999952316284
1974-06-06,2.509999990463257
1974-06-07,2.450000047683716
1974-06-08,2.289999961853028
1974-06-09,2.289999961853028
1974-06-10,1.870000004768372
1974-06-11,1.950000047683716
1974-06-12,2.2300000190734863
1974-06-13,2.549999952316284
1974-06-14,2.5799999237060547
1974-06-15,2.650000095367432
1974-06-16,2.619999885559082
1974-06-17,2.5799999237060547
1974-06-18,2.5799999237060547
1974-06-19,2.380000114440918
1974-06-20,2.289999961853028
1974-06-21,2.039999961853028
1974-06-22,2.0
1974-06-23,1.950000047683716
1974-06-24,1.830000042915344
1974-06-25,1.6299999952316284
1974-06-26,1.600000023841858
1974-06-27,1.3600000143051147
1974-06-28,1.2899999618530271
1974-06-29,1.2200000286102295
1974-06-30,1.190000057220459
1974-07-01,1.100000023841858
1974-07-02,0.9850000143051147
1974-07-03,0.9509999752044678
1974-07-04,0.8830000162124634
1974-07-05,0.8159999847412109
1974-07-06,0.6650000214576721
1974-07-07,0.5860000252723694
1974-07-08,0.5640000104904175
1974-07-09,0.574999988079071
1974-07-10,0.6230000257492065
1974-07-11,0.7080000042915344
1974-07-12,0.6230000257492065
1974-07-13,0.5640000104904175
1974-07-14,0.4930000007152557
1974-07-15,0.453000009059906
1974-07-16,0.4300000071525574
1974-07-17,0.5040000081062317
1974-07-18,0.5040000081062317
1974-07-19,0.5270000100135803
1974-07-20,0.3429999947547913
1974-07-21,0.32600000500679016
1974-07-22,0.32600000500679016
1974-07-23,0.3059999942779541
1974-07-24,0.296999990940094
1974-07-25,0.296999990940094
1974-07-26,0.289000004529953
1974-07-27,0.289000004529953
1974-07-28,0.2720000147819519
1974-07-29,0.2630000114440918
1974-07-30,0.25200000405311584
1974-07-31,0.25200000405311584
1974-08-01,0.23499999940395355
1974-08-02,0.23499999940395355
1974-08-03,0.2269999980926513
1974-08-04,0.2269999980926513
1974-08-05,0.2119999974966049
1974-08-06,0.2119999974966049
1974-08-07,0.2070000022649765
1974-08-08,0.20100000500679016
1974-08-09,0.19499999284744265
1974-08-10,0.1899999976158142
1974-08-11,0.18400000035762787
1974-08-12,0.17800000309944153
1974-08-13,0.17299999296665192
1974-08-14,0.16699999570846558
1974-08-15,0.164000004529953
1974-08-16,0.1589999943971634
1974-08-17,0.15299999713897705
1974-08-18,0.1469999998807907
1974-08-19,0.1420000046491623
1974-08-20,0.13899999856948853
1974-08-21,0.13600000739097595
1974-08-22,0.12999999523162842
1974-08-23,0.12700000405311584
1974-08-24,0.125
1974-08-25,0.12200000137090684
1974-08-26,0.11900000274181365
1974-08-27,0.11599999666213988
1974-08-28,0.11299999803304672
1974-08-29,0.10999999940395357
1974-08-30,0.10999999940395357
1974-08-31,0.1080000028014183
1974-09-01,0.10499999672174454
1974-09-02,0.10199999809265137
1974-09-03,0.0989999994635582
1974-09-04,0.09600000083446504
1974-09-05,0.09300000220537186
1974-09-06,0.090999998152256
1974-09-07,0.090999998152256
1974-09-08,0.08799999952316284
1974-09-09,0.08500000089406967
1974-09-10,0.08500000089406967
1974-09-11,0.0820000022649765
1974-09-12,0.0820000022649765
1974-09-13,0.07900000363588333
1974-09-14,0.07900000363588333
1974-09-15,0.07599999755620956
1974-09-16,0.07599999755620956
1974-09-17,0.07400000095367433
1974-09-18,0.07100000232458115
1974-09-19,0.07100000232458115
1974-09-20,0.07100000232458115
1974-09-21,0.06800000369548798
1974-09-22,0.06800000369548798
1974-09-23,0.06499999761581421
1974-09-24,0.06499999761581421
1974-09-25,0.06499999761581421
1974-09-26,0.06199999898672104
1974-09-27,0.06199999898672104
1974-09-28,0.06199999898672104
1974-09-29,0.059000000357627876
1974-09-30,0.059000000357627876
1974-10-01,
1974-10-02,
1974-10-03,
1974-10-04,
1974-10-05,
1974-10-06,
1974-10-07,
1974-10-08,
1974-10-09,
1974-10-10,
1974-10-11,
1974-10-12,
1974-10-13,
1974-10-14,
1974-10-15,
1974-10-16,
1974-10-17,
1974-10-18,
1974-10-19,
1974-10-20,
1974-10-21,
1974-10-22,
1974-10-23,
1974-10-24,
1974-10-25,
1974-10-26,
1974-10-27,
1974-10-28,
1974-10-29,
1974-10-30,
1974-10-31,
1974-11-01,
1974-11-02,
1974-11-03,
1974-11-04,
1974-11-05,
1974-11-06,
1974-11-07,
1974-11-08,
1974-11-09,
1974-11-10,
1974-11-11,
1974-11-12,
1974-11-13,
1974-11-14,
1974-11-15,
1974-11-16,
1974-11-17,
1974-11-18,
1974-11-19,
1974-11-20,
1974-11-21,
1974-11-22,
1974-11-23,
1974-11-24,
1974-11-25,
1974-11-26,
1974-11-27,
1974-11-28,
1974-11-29,
1974-11-30,
1974-12-01,
1974-12-02,
1974-12-03,
1974-12-04,
1974-12-05,
1974-12-06,
1974-12-07,
1974-12-08,
1974-12-09,
1974-12-10,
1974-12-11,
1974-12-12,
1974-12-13,
1974-12-14,
1974-12-15,
1974-12-16,
1974-12-17,
1974-12-18,
1974-12-19,
1974-12-20,
1974-12-21,
1974-12-22,
1974-12-23,
1974-12-24,
1974-12-25,
1974-12-26,
1974-12-27,
1974-12-28,
1974-12-29,
1974-12-30,
1974-12-31,
1975-01-01,
1975-01-02,
1975-01-03,
1975-01-04,
1975-01-05,
1975-01-06,
1975-01-07,
1975-01-08,
1975-01-09,
1975-01-10,
1975-01-11,
1975-01-12,
1975-01-13,
1975-01-14,
1975-01-15,
1975-01-16,
1975-01-17,
1975-01-18,
1975-01-19,
1975-01-20,
1975-01-21,
1975-01-22,
1975-01-23,
1975-01-24,
1975-01-25,
1975-01-26,
1975-01-27,
1975-01-28,
1975-01-29,
1975-01-30,
1975-01-31,
1975-02-01,
1975-02-02,
1975-02-03,
1975-02-04,
1975-02-05,
1975-02-06,
1975-02-07,
1975-02-08,
1975-02-09,
1975-02-10,
1975-02-11,
1975-02-12,
1975-02-13,
1975-02-14,
1975-02-15,
1975-02-16,
1975-02-17,
1975-02-18,
1975-02-19,
1975-02-20,
1975-02-21,
1975-02-22,
1975-02-23,
1975-02-24,
1975-02-25,
1975-02-26,
1975-02-27,
1975-02-28,
1975-03-01,
1975-03-02,
1975-03-03,
1975-03-04,
1975-03-05,
1975-03-06,
1975-03-07,
1975-03-08,
1975-03-09,
1975-03-10,
1975-03-11,
1975-03-12,
1975-03-13,
1975-03-14,
1975-03-15,
1975-03-16,
1975-03-17,
1975-03-18,
1975-03-19,
1975-03-20,
1975-03-21,
1975-03-22,
1975-03-23,
1975-03-24,
1975-03-25,
1975-03-26,
1975-03-27,
1975-03-28,
1975-03-29,
1975-03-30,
1975-03-31,
1975-04-01,0.03999999910593033
1975-04-02,0.03999999910593033
1975-04-03,0.03999999910593033
1975-04-04,0.03700000047683717
1975-04-05,0.03700000047683717
1975-04-06,0.03700000047683717
1975-04-07,0.03700000047683717
1975-04-08,0.03700000047683717
1975-04-09,0.03999999910593033
1975-04-10,0.04199999943375588
1975-04-11,0.050999999046325684
1975-04-12,0.05700000002980232
1975-04-13,0.06800000369548798
1975-04-14,0.06800000369548798
1975-04-15,0.07599999755620956
1975-04-16,0.08500000089406967
1975-04-17,0.08500000089406967
1975-04-18,0.09600000083446504
1975-04-19,0.11599999666213988
1975-04-20,0.12200000137090684
1975-04-21,0.12200000137090684
1975-04-22,0.1420000046491623
1975-04-23,0.2800000011920929
1975-04-24,0.3709999918937683
1975-04-25,0.5410000085830688
1975-04-26,0.6370000243186951
1975-04-27,0.9229999780654908
1975-04-28,0.959999978542328
1975-04-29,1.0399999618530271
1975-04-30,1.0800000429153442
1975-05-01,1.2799999713897705
1975-05-02,1.3300000429153442
1975-05-03,1.3700000047683716
1975-05-04,1.5399999618530271
1975-05-05,1.820000052452088
1975-05-06,1.870000004768372
1975-05-07,2.009999990463257
1975-05-08,2.440000057220459
1975-05-09,3.1700000762939453
1975-05-10,3.400000095367432
1975-05-11,3.4800000190734863
1975-05-12,3.369999885559082
1975-05-13,3.7699999809265137
1975-05-14,3.849999904632568
1975-05-15,3.880000114440918
1975-05-16,3.910000085830689
1975-05-17,3.7100000381469727
1975-05-18,3.059999942779541
1975-05-19,2.8299999237060547
1975-05-20,2.5299999713897705
1975-05-21,2.4600000381469727
1975-05-22,2.3399999141693115
1975-05-23,2.240000009536743
1975-05-24,2.1199998855590816
1975-05-25,1.7300000190734863
1975-05-26,1.5700000524520874
1975-05-27,1.4800000190734863
1975-05-28,1.3700000047683716
1975-05-29,1.5700000524520874
1975-05-30,1.870000004768372
1975-05-31,2.220000028610229
1975-06-01,2.359999895095825
1975-06-02,2.650000095367432
1975-06-03,3.0
1975-06-04,2.8299999237060547
1975-06-05,2.650000095367432
1975-06-06,2.4800000190734863
1975-06-07,2.049999952316284
1975-06-08,1.940000057220459
1975-06-09,1.6100000143051147
1975-06-10,1.6100000143051147
1975-06-11,1.6399999856948853
1975-06-12,1.870000004768372
1975-06-13,2.1199998855590816
1975-06-14,1.8899999856948853
1975-06-15,1.8899999856948853
1975-06-16,1.9099999666213991
1975-06-17,1.6799999475479126
1975-06-18,1.5700000524520874
1975-06-19,1.2999999523162842
1975-06-20,1.2999999523162842
1975-06-21,1.2999999523162842
1975-06-22,1.2599999904632568
1975-06-23,1.1599999666213991
1975-06-24,1.0599999427795408
1975-06-25,0.8889999985694885
1975-06-26,0.871999979019165
1975-06-27,0.8379999995231628
1975-06-28,0.8040000200271606
1975-06-29,0.7559999823570251
1975-06-30,0.7250000238418579
1975-07-01,0.6370000243186951
1975-07-02,0.6510000228881836
1975-07-03,0.6230000257492065
1975-07-04,0.6230000257492065
1975-07-05,0.5860000252723694
1975-07-06,0.5149999856948853
1975-07-07,0.4839999973773956
1975-07-08,0.4620000123977661
1975-07-09,0.4300000071525574
1975-07-10,0.4110000133514404
1975-07-11,0.3910000026226044
1975-07-12,0.3910000026226044
1975-07-13,0.3790000081062317
1975-07-14,0.3429999947547913
1975-07-15,0.3429999947547913
1975-07-16,0.3619999885559082
1975-07-17,0.33399999141693115
1975-07-18,0.3140000104904175
1975-07-19,0.296999990940094
1975-07-20,0.2440000027418137
1975-07-21,0.23499999940395355
1975-07-22,0.2179999947547913
1975-07-23,0.2179999947547913
1975-07-24,0.2039999961853028
1975-07-25,0.1899999976158142
1975-07-26,0.18400000035762787
1975-07-27,0.17599999904632568
1975-07-28,0.17599999904632568
1975-07-29,0.17000000178813934
1975-07-30,0.17000000178813934
1975-07-31,0.17000000178813934
1975-08-01,0.16099999845027926
1975-08-02,0.15600000321865082
1975-08-03,0.15600000321865082
1975-08-04,0.15600000321865082
1975-08-05,0.1469999998807907
1975-08-06,0.1469999998807907
1975-08-07,0.1420000046491623
1975-08-08,0.1469999998807907
1975-08-09,0.1469999998807907
1975-08-10,0.1469999998807907
1975-08-11,0.1469999998807907
1975-08-12,0.1420000046491623
1975-08-13,0.13600000739097595
1975-08-14,0.1420000046491623
1975-08-15,0.1420000046491623
1975-08-16,0.1420000046491623
1975-08-17,0.13600000739097595
1975-08-18,0.13600000739097595
1975-08-19,0.13600000739097595
1975-08-20,0.13600000739097595
1975-08-21,0.13600000739097595
1975-08-22,0.1420000046491623
1975-08-23,0.13600000739097595
1975-08-24,0.13600000739097595
1975-08-25,0.12700000405311584
1975-08-26,0.12700000405311584
1975-08-27,0.12700000405311584
1975-08-28,0.12700000405311584
1975-08-29,0.12200000137090684
1975-08-30,0.12200000137090684
1975-08-31,0.11599999666213988
1975-09-01,0.11599999666213988
1975-09-02,0.10999999940395357
1975-09-03,0.10999999940395357
1975-09-04,0.10499999672174454
1975-09-05,0.10499999672174454
1975-09-06,0.09600000083446504
1975-09-07,0.09600000083446504
1975-09-08,0.09600000083446504
1975-09-09,0.090999998152256
1975-09-10,0.090999998152256
1975-09-11,0.08500000089406967
1975-09-12,0.08500000089406967
1975-09-13,0.0820000022649765
1975-09-14,0.08500000089406967
1975-09-15,0.08500000089406967
1975-09-16,0.08500000089406967
1975-09-17,0.0820000022649765
1975-09-18,0.0820000022649765
1975-09-19,0.07599999755620956
1975-09-20,0.07599999755620956
1975-09-21,0.07400000095367433
1975-09-22,0.07400000095367433
1975-09-23,0.0820000022649765
1975-09-24,0.06800000369548798
1975-09-25,0.06800000369548798
1975-09-26,0.06800000369548798
1975-09-27,0.06499999761581421
1975-09-28,0.06499999761581421
1975-09-29,0.059000000357627876
1975-09-30,0.059000000357627876
1975-10-01,
1975-10-02,
1975-10-03,
1975-10-04,
1975-10-05,
1975-10-06,
1975-10-07,
1975-10-08,
1975-10-09,
1975-10-10,
1975-10-11,
1975-10-12,
1975-10-13,
1975-10-14,
1975-10-15,
1975-10-16,
1975-10-17,
1975-10-18,
1975-10-19,
1975-10-20,
1975-10-21,
1975-10-22,
1975-10-23,
1975-10-24,
1975-10-25,
1975-10-26,
1975-10-27,
1975-10-28,
1975-10-29,
1975-10-30,
1975-10-31,
1975-11-01,
1975-11-02,
1975-11-03,
1975-11-04,
1975-11-05,
1975-11-06,
1975-11-07,
1975-11-08,
1975-11-09,
1975-11-10,
1975-11-11,
1975-11-12,
1975-11-13,
1975-11-14,
1975-11-15,
1975-11-16,
1975-11-17,
1975-11-18,
1975-11-19,
1975-11-20,
1975-11-21,
1975-11-22,
1975-11-23,
1975-11-24,
1975-11-25,
1975-11-26,
1975-11-27,
1975-11-28,
1975-11-29,
1975-11-30,
1975-12-01,
1975-12-02,
1975-12-03,
1975-12-04,
1975-12-05,
1975-12-06,
1975-12-07,
1975-12-08,
1975-12-09,
1975-12-10,
1975-12-11,
1975-12-12,
1975-12-13,
1975-12-14,
1975-12-15,
1975-12-16,
1975-12-17,
1975-12-18,
1975-12-19,
1975-12-20,
1975-12-21,
1975-12-22,
1975-12-23,
1975-12-24,
1975-12-25,
1975-12-26,
1975-12-27,
1975-12-28,
1975-12-29,
1975-12-30,
1975-12-31,
1976-01-01,
1976-01-02,
1976-01-03,
1976-01-04,
1976-01-05,
1976-01-06,
1976-01-07,
1976-01-08,
1976-01-09,
1976-01-10,
1976-01-11,
1976-01-12,
1976-01-13,
1976-01-14,
1976-01-15,
1976-01-16,
1976-01-17,
1976-01-18,
1976-01-19,
1976-01-20,
1976-01-21,
1976-01-22,
1976-01-23,
1976-01-24,
1976-01-25,
1976-01-26,
1976-01-27,
1976-01-28,
1976-01-29,
1976-01-30,
1976-01-31,
1976-02-01,
1976-02-02,
1976-02-03,
1976-02-04,
1976-02-05,
1976-02-06,
1976-02-07,
1976-02-08,
1976-02-09,
1976-02-10,
1976-02-11,
1976-02-12,
1976-02-13,
1976-02-14,
1976-02-15,
1976-02-16,
1976-02-17,
1976-02-18,
1976-02-19,
1976-02-20,
1976-02-21,
1976-02-22,
1976-02-23,
1976-02-24,
1976-02-25,
1976-02-26,
1976-02-27,
1976-02-28,
1976-02-29,
1976-03-01,
1976-03-02,
1976-03-03,
1976-03-04,
1976-03-05,
1976-03-06,
1976-03-07,
1976-03-08,
1976-03-09,
1976-03-10,
1976-03-11,
1976-03-12,
1976-03-13,
1976-03-14,
1976-03-15,
1976-03-16,
1976-03-17,
1976-03-18,
1976-03-19,
1976-03-20,
1976-03-21,
1976-03-22,
1976-03-23,
1976-03-24,
1976-03-25,
1976-03-26,
1976-03-27,
1976-03-28,
1976-03-29,
1976-03-30,
1976-03-31,0.06800000369548798
1976-04-01,0.06199999898672104
1976-04-02,0.06199999898672104
1976-04-03,0.06199999898672104
1976-04-04,0.06800000369548798
1976-04-05,0.07900000363588333
1976-04-06,0.0820000022649765
1976-04-07,0.09300000220537186
1976-04-08,0.11599999666213988
1976-04-09,0.12999999523162842
1976-04-10,0.2800000011920929
1976-04-11,0.5040000081062317
1976-04-12,0.7110000252723694
1976-04-13,0.8640000224113464
1976-04-14,1.0800000429153442
1976-04-15,1.100000023841858
1976-04-16,0.8949999809265137
1976-04-17,0.7960000038146973
1976-04-18,0.7960000038146973
1976-04-19,0.8209999799728394
1976-04-20,0.8809999823570251
1976-04-21,1.0199999809265137
1976-04-22,1.0499999523162842
1976-04-23,1.0700000524520874
1976-04-24,1.0800000429153442
1976-04-25,1.2899999618530271
1976-04-26,1.3600000143051147
1976-04-27,1.309999942779541
1976-04-28,1.440000057220459
1976-04-29,1.6399999856948853
1976-04-30,1.809999942779541
1976-05-01,2.2799999713897705
1976-05-02,2.450000047683716
1976-05-03,2.809999942779541
1976-05-04,2.8299999237060547
1976-05-05,2.9200000762939453
1976-05-06,2.7799999713897705
1976-05-07,2.9200000762939453
1976-05-08,3.2300000190734863
1976-05-09,3.849999904632568
1976-05-10,4.190000057220459
1976-05-11,4.050000190734863
1976-05-12,3.2000000476837163
1976-05-13,2.549999952316284
1976-05-14,2.650000095367432
1976-05-15,2.5699999332427983
1976-05-16,2.450000047683716
1976-05-17,3.2000000476837163
1976-05-18,2.4300000667572017
1976-05-19,2.309999942779541
1976-05-20,1.559999942779541
1976-05-21,2.1400001049041752
1976-05-22,2.1199998855590816
1976-05-23,2.0699999332427983
1976-05-24,2.1800000667572017
1976-05-25,2.4300000667572017
1976-05-26,2.0699999332427983
1976-05-27,1.830000042915344
1976-05-28,2.380000114440918
1976-05-29,2.0
1976-05-30,1.9099999666213991
1976-05-31,1.7699999809265137
1976-06-01,1.559999942779541
1976-06-02,1.5199999809265137
1976-06-03,1.2599999904632568
1976-06-04,1.149999976158142
1976-06-05,1.1399999856948853
1976-06-06,1.0199999809265137
1976-06-07,1.2000000476837158
1976-06-08,1.2200000286102295
1976-06-09,1.2699999809265137
1976-06-10,1.3600000143051147
1976-06-11,1.2699999809265137
1976-06-12,1.2000000476837158
1976-06-13,1.0700000524520874
1976-06-14,0.9120000004768372
1976-06-15,1.1699999570846558
1976-06-16,2.309999942779541
1976-06-17,1.9299999475479128
1976-06-18,1.6399999856948853
1976-06-19,1.6200000047683716
1976-06-20,1.9700000286102293
1976-06-21,1.5
1976-06-22,1.3300000429153442
1976-06-23,2.309999942779541
1976-06-24,1.9099999666213991
1976-06-25,1.5800000429153442
1976-06-26,1.4600000381469729
1976-06-27,1.350000023841858
1976-06-28,1.0499999523162842
1976-06-29,1.0399999618530271
1976-06-30,1.0399999618530271
1976-07-01,0.9570000171661376
1976-07-02,0.9879999756813048
1976-07-03,0.8809999823570251
1976-07-04,0.8809999823570251
1976-07-05,0.8640000224113464
1976-07-06,0.8069999814033508
1976-07-07,0.7960000038146973
1976-07-08,0.8069999814033508
1976-07-09,0.7390000224113464
1976-07-10,0.753000020980835
1976-07-11,0.6460000276565552
1976-07-12,0.609000027179718
1976-07-13,0.5950000286102295
1976-07-14,0.5490000247955322
1976-07-15,0.5270000100135803
1976-07-16,0.5379999876022339
1976-07-17,0.4930000007152557
1976-07-18,0.453000009059906
1976-07-19,0.4359999895095825
1976-07-20,0.4079999923706055
1976-07-21,0.4729999899864197
1976-07-22,0.4359999895095825
1976-07-23,0.3910000026226044
1976-07-24,0.3680000007152557
1976-07-25,0.36000001430511475
1976-07-26,0.35100001096725464
1976-07-27,0.33399999141693115
1976-07-28,0.3199999928474426
1976-07-29,0.38199999928474426
1976-07-30,0.4280000030994415
1976-07-31,0.4189999997615814
1976-08-01,0.36000001430511475
1976-08-02,0.5270000100135803
1976-08-03,0.4810000061988831
1976-08-04,0.4189999997615814
1976-08-05,0.36000001430511475
1976-08-06,0.328000009059906
1976-08-07,0.36000001430511475
1976-08-08,0.35100001096725464
1976-08-09,0.3680000007152557
1976-08-10,0.36000001430511475
1976-08-11,0.33399999141693115
1976-08-12,0.3109999895095825
1976-08-13,0.296999990940094
1976-08-14,0.38199999928474426
1976-08-15,0.39899998903274536
1976-08-16,0.609000027179718
1976-08-17,0.8949999809265137
1976-08-18,0.9120000004768372
1976-08-19,1.0800000429153442
1976-08-20,1.4800000190734863
1976-08-21,1.2400000095367432
1976-08-22,0.8949999809265137
1976-08-23,0.8069999814033508
1976-08-24,0.9430000185966492
1976-08-25,2.0899999141693115
1976-08-26,1.6399999856948853
1976-08-27,1.2899999618530271
1976-08-28,1.2599999904632568
1976-08-29,1.1799999475479126
1976-08-30,1.1200000047683716
1976-08-31,1.0099999904632568
1976-09-01,0.9570000171661376
1976-09-02,0.8640000224113464
1976-09-03,0.8500000238418579
1976-09-04,0.8640000224113464
1976-09-05,0.8209999799728394
1976-09-06,0.7960000038146973
1976-09-07,0.7670000195503235
1976-09-08,0.6990000009536743
1976-09-09,0.6850000023841858
1976-09-10,0.6740000247955322
1976-09-11,0.6740000247955322
1976-09-12,0.6460000276565552
1976-09-13,0.6200000047683716
1976-09-14,0.5720000267028809
1976-09-15,0.5270000100135803
1976-09-16,0.5040000081062317
1976-09-17,0.4639999866485596
1976-09-18,0.4639999866485596
1976-09-19,0.453000009059906
1976-09-20,0.4449999928474426
1976-09-21,0.4359999895095825
1976-09-22,0.4280000030994415
1976-09-23,0.4280000030994415
1976-09-24,0.4359999895095825
1976-09-25,0.4359999895095825
1976-09-26,0.4280000030994415
1976-09-27,0.4280000030994415
1976-09-28,0.4189999997615814
1976-09-29,0.4189999997615814
1976-09-30,0.4079999923706055
1976-10-01,
1976-10-02,
1976-10-03,
1976-10-04,
1976-10-05,
1976-10-06,
1976-10-07,
1976-10-08,
1976-10-09,
1976-10-10,
1976-10-11,
1976-10-12,
1976-10-13,
1976-10-14,
1976-10-15,
1976-10-16,
1976-10-17,
1976-10-18,
1976-10-19,
1976-10-20,
1976-10-21,
1976-10-22,
1976-10-23,
1976-10-24,
1976-10-25,
1976-10-26,
1976-10-27,
1976-10-28,
1976-10-29,
1976-10-30,
1976-10-31,
1976-11-01,
1976-11-02,
1976-11-03,
1976-11-04,
1976-11-05,
1976-11-06,
1976-11-07,
1976-11-08,
1976-11-09,
1976-11-10,
1976-11-11,
1976-11-12,
1976-11-13,
1976-11-14,
1976-11-15,
1976-11-16,
1976-11-17,
1976-11-18,
1976-11-19,
1976-11-20,
1976-11-21,
1976-11-22,
1976-11-23,
1976-11-24,
1976-11-25,
1976-11-26,
1976-11-27,
1976-11-28,
1976-11-29,
1976-11-30,
1976-12-01,
1976-12-02,
1976-12-03,
1976-12-04,
1976-12-05,
1976-12-06,
1976-12-07,
1976-12-08,
1976-12-09,
1976-12-10,
1976-12-11,
1976-12-12,
1976-12-13,
1976-12-14,
1976-12-15,
1976-12-16,
1976-12-17,
1976-12-18,
1976-12-19,
1976-12-20,
1976-12-21,
1976-12-22,
1976-12-23,
1976-12-24,
1976-12-25,
1976-12-26,
1976-12-27,
1976-12-28,
1976-12-29,
1976-12-30,
1976-12-31,
1977-01-01,
1977-01-02,
1977-01-03,
1977-01-04,
1977-01-05,
1977-01-06,
1977-01-07,
1977-01-08,
1977-01-09,
1977-01-10,
1977-01-11,
1977-01-12,
1977-01-13,
1977-01-14,
1977-01-15,
1977-01-16,
1977-01-17,
1977-01-18,
1977-01-19,
1977-01-20,
1977-01-21,
1977-01-22,
1977-01-23,
1977-01-24,
1977-01-25,
1977-01-26,
1977-01-27,
1977-01-28,
1977-01-29,
1977-01-30,
1977-01-31,
1977-02-01,
1977-02-02,
1977-02-03,
1977-02-04,
1977-02-05,
1977-02-06,
1977-02-07,
1977-02-08,
1977-02-09,
1977-02-10,
1977-02-11,
1977-02-12,
1977-02-13,
1977-02-14,
1977-02-15,
1977-02-16,
1977-02-17,
1977-02-18,
1977-02-19,
1977-02-20,
1977-02-21,
1977-02-22,
1977-02-23,
1977-02-24,
1977-02-25,
1977-02-26,
1977-02-27,
1977-02-28,
1977-03-01,
1977-03-02,
1977-03-03,
1977-03-04,
1977-03-05,
1977-03-06,
1977-03-07,
1977-03-08,
1977-03-09,
1977-03-10,
1977-03-11,
1977-03-12,
1977-03-13,
1977-03-14,
1977-03-15,
1977-03-16,
1977-03-17,
1977-03-18,
1977-03-19,
1977-03-20,
1977-03-21,
1977-03-22,
1977-03-23,
1977-03-24,
1977-03-25,
1977-03-26,
1977-03-27,
1977-03-28,
1977-03-29,
1977-03-30,0.1420000046491623
1977-03-31,0.14399999380111694
1977-04-01,0.12200000137090684
1977-04-02,0.13600000739097595
1977-04-03,0.13600000739097595
1977-04-04,0.13600000739097595
1977-04-05,0.15600000321865082
1977-04-06,0.1899999976158142
1977-04-07,0.25200000405311584
1977-04-08,0.8209999799728394
1977-04-09,1.2200000286102295
1977-04-10,0.959999978542328
1977-04-11,0.8379999995231628
1977-04-12,0.8379999995231628
1977-04-13,0.7559999823570251
1977-04-14,0.7870000004768372
1977-04-15,0.7699999809265137
1977-04-16,0.7559999823570251
1977-04-17,0.7559999823570251
1977-04-18,0.7250000238418579
1977-04-19,0.7110000252723694
1977-04-20,0.6679999828338623
1977-04-21,0.6510000228881836
1977-04-22,0.6510000228881836
1977-04-23,0.7870000004768372
1977-04-24,1.2999999523162842
1977-04-25,1.5399999618530271
1977-04-26,2.1199998855590816
1977-04-27,2.1199998855590816
1977-04-28,1.8400000333786009
1977-04-29,1.820000052452088
1977-04-30,1.8400000333786009
1977-05-01,1.8400000333786009
1977-05-02,1.820000052452088
1977-05-03,2.0999999046325684
1977-05-04,2.1199998855590816
1977-05-05,1.7799999713897705
1977-05-06,1.8400000333786009
1977-05-07,1.7799999713897705
1977-05-08,1.6399999856948853
1977-05-09,1.6399999856948853
1977-05-10,1.6599999666213991
1977-05-11,1.6599999666213991
1977-05-12,1.6100000143051147
1977-05-13,1.5499999523162842
1977-05-14,1.4600000381469729
1977-05-15,1.399999976158142
1977-05-16,1.3400000333786009
1977-05-17,1.2799999713897705
1977-05-18,1.2400000095367432
1977-05-19,1.149999976158142
1977-05-20,1.0599999427795408
1977-05-21,1.0299999713897705
1977-05-22,0.9570000171661376
1977-05-23,0.8920000195503235
1977-05-24,0.8920000195503235
1977-05-25,0.875
1977-05-26,0.8610000014305115
1977-05-27,0.9089999794960022
1977-05-28,0.9089999794960022
1977-05-29,0.9259999990463256
1977-05-30,0.8920000195503235
1977-05-31,0.8610000014305115
1977-06-01,0.8920000195503235
1977-06-02,0.9570000171661376
1977-06-03,0.9259999990463256
1977-06-04,0.9089999794960022
1977-06-05,0.875
1977-06-06,0.8610000014305115
1977-06-07,0.8270000219345093
1977-06-08,0.7820000052452087
1977-06-09,0.7390000224113464
1977-06-10,0.7080000042915344
1977-06-11,0.6510000228881836
1977-06-12,0.5950000286102295
1977-06-13,0.609000027179718
1977-06-14,0.5799999833106995
1977-06-15,0.5659999847412109
1977-06-16,0.5270000100135803
1977-06-17,0.4900000095367432
1977-06-18,0.4790000021457672
1977-06-19,0.453000009059906
1977-06-20,0.4420000016689301
1977-06-21,0.4420000016689301
1977-06-22,0.4420000016689301
1977-06-23,0.4160000085830689
1977-06-24,0.3880000114440918
1977-06-25,0.3680000007152557
1977-06-26,0.3479999899864197
1977-06-27,0.3400000035762787
1977-06-28,0.3199999928474426
1977-06-29,0.2939999997615814
1977-06-30,0.27799999713897705
1977-07-01,0.2689999938011169
1977-07-02,0.26100000739097595
1977-07-03,0.25200000405311584
1977-07-04,0.27799999713897705
1977-07-05,0.27799999713897705
1977-07-06,0.2689999938011169
1977-07-07,0.26100000739097595
1977-07-08,0.25200000405311584
1977-07-09,0.23499999940395355
1977-07-10,0.22100000083446505
1977-07-11,0.2290000021457672
1977-07-12,0.2440000027418137
1977-07-13,0.2440000027418137
1977-07-14,0.25200000405311584
1977-07-15,0.2440000027418137
1977-07-16,0.2440000027418137
1977-07-17,0.23499999940395355
1977-07-18,0.2290000021457672
1977-07-19,0.22100000083446505
1977-07-20,0.2070000022649765
1977-07-21,0.20100000500679016
1977-07-22,0.193000003695488
1977-07-23,0.18700000643730166
1977-07-24,0.17800000309944153
1977-07-25,0.17800000309944153
1977-07-26,0.17299999296665192
1977-07-27,0.17299999296665192
1977-07-28,0.17299999296665192
1977-07-29,0.18700000643730166
1977-07-30,0.1589999943971634
1977-07-31,0.15000000596046448
1977-08-01,0.14399999380111694
1977-08-02,0.14399999380111694
1977-08-03,0.13600000739097595
1977-08-04,0.13600000739097595
1977-08-05,0.13600000739097595
1977-08-06,0.13600000739097595
1977-08-07,0.13600000739097595
1977-08-08,0.13600000739097595
1977-08-09,0.13600000739097595
1977-08-10,0.12999999523162842
1977-08-11,0.12200000137090684
1977-08-12,0.11599999666213988
1977-08-13,0.11599999666213988
1977-08-14,0.11599999666213988
1977-08-15,0.1080000028014183
1977-08-16,0.1080000028014183
1977-08-17,0.12200000137090684
1977-08-18,0.10199999809265137
1977-08-19,0.10199999809265137
1977-08-20,0.09300000220537186
1977-08-21,0.08799999952316284
1977-08-22,0.07900000363588333
1977-08-23,0.07900000363588333
1977-08-24,0.08799999952316284
1977-08-25,0.09300000220537186
1977-08-26,0.09300000220537186
1977-08-27,0.08799999952316284
1977-08-28,0.08799999952316284
1977-08-29,0.08799999952316284
1977-08-30,0.09300000220537186
1977-08-31,0.09300000220537186
1977-09-01,0.09300000220537186
1977-09-02,0.10199999809265137
1977-09-03,0.10199999809265137
1977-09-04,0.10199999809265137
1977-09-05,0.1080000028014183
1977-09-06,0.1080000028014183
1977-09-07,0.10199999809265137
1977-09-08,0.10199999809265137
1977-09-09,0.08799999952316284
1977-09-10,0.08799999952316284
1977-09-11,0.08799999952316284
1977-09-12,0.0820000022649765
1977-09-13,0.0820000022649765
1977-09-14,0.06800000369548798
1977-09-15,0.07900000363588333
1977-09-16,0.07900000363588333
1977-09-17,0.0820000022649765
1977-09-18,0.0820000022649765
1977-09-19,0.0820000022649765
1977-09-20,0.0820000022649765
1977-09-21,0.08799999952316284
1977-09-22,0.08799999952316284
1977-09-23,0.0820000022649765
1977-09-24,0.0820000022649765
1977-09-25,0.0820000022649765
1977-09-26,0.07900000363588333
1977-09-27,0.07900000363588333
1977-09-28,0.07900000363588333
1977-09-29,0.07400000095367433
1977-09-30,0.07400000095367433
1977-10-01,
1977-10-02,
1977-10-03,
1977-10-04,
1977-10-05,
1977-10-06,
1977-10-07,
1977-10-08,
1977-10-09,
1977-10-10,
1977-10-11,
1977-10-12,
1977-10-13,
1977-10-14,
1977-10-15,
1977-10-16,
1977-10-17,
1977-10-18,
1977-10-19,
1977-10-20,
1977-10-21,
1977-10-22,
1977-10-23,
1977-10-24,
1977-10-25,
1977-10-26,
1977-10-27,
1977-10-28,
1977-10-29,
1977-10-30,
1977-10-31,
1977-11-01,
1977-11-02,
1977-11-03,
1977-11-04,
1977-11-05,
1977-11-06,
1977-11-07,
1977-11-08,
1977-11-09,
1977-11-10,
1977-11-11,
1977-11-12,
1977-11-13,
1977-11-14,
1977-11-15,
1977-11-16,
1977-11-17,
1977-11-18,
1977-11-19,
1977-11-20,
1977-11-21,
1977-11-22,
1977-11-23,
1977-11-24,
1977-11-25,
1977-11-26,
1977-11-27,
1977-11-28,
1977-11-29,
1977-11-30,
1977-12-01,
1977-12-02,
1977-12-03,
1977-12-04,
1977-12-05,
1977-12-06,
1977-12-07,
1977-12-08,
1977-12-09,
1977-12-10,
1977-12-11,
1977-12-12,
1977-12-13,
1977-12-14,
1977-12-15,
1977-12-16,
1977-12-17,
1977-12-18,
1977-12-19,
1977-12-20,
1977-12-21,
1977-12-22,
1977-12-23,
1977-12-24,
1977-12-25,
1977-12-26,
1977-12-27,
1977-12-28,
1977-12-29,
1977-12-30,
1977-12-31,
1978-01-01,
1978-01-02,
1978-01-03,
1978-01-04,
1978-01-05,
1978-01-06,
1978-01-07,
1978-01-08,
1978-01-09,
1978-01-10,
1978-01-11,
1978-01-12,
1978-01-13,
1978-01-14,
1978-01-15,
1978-01-16,
1978-01-17,
1978-01-18,
1978-01-19,
1978-01-20,
1978-01-21,
1978-01-22,
1978-01-23,
1978-01-24,
1978-01-25,
1978-01-26,
1978-01-27,
1978-01-28,
1978-01-29,
1978-01-30,
1978-01-31,
1978-02-01,
1978-02-02,
1978-02-03,
1978-02-04,
1978-02-05,
1978-02-06,
1978-02-07,
1978-02-08,
1978-02-09,
1978-02-10,
1978-02-11,
1978-02-12,
1978-02-13,
1978-02-14,
1978-02-15,
1978-02-16,
1978-02-17,
1978-02-18,
1978-02-19,
1978-02-20,
1978-02-21,
1978-02-22,
1978-02-23,
1978-02-24,
1978-02-25,
1978-02-26,
1978-02-27,
1978-02-28,
1978-03-01,
1978-03-02,
1978-03-03,
1978-03-04,
1978-03-05,
1978-03-06,
1978-03-07,
1978-03-08,
1978-03-09,
1978-03-10,
1978-03-11,
1978-03-12,
1978-03-13,
1978-03-14,
1978-03-15,
1978-03-16,
1978-03-17,
1978-03-18,
1978-03-19,
1978-03-20,
1978-03-21,
1978-03-22,
1978-03-23,
1978-03-24,
1978-03-25,
1978-03-26,
1978-03-27,
1978-03-28,
1978-03-29,
1978-03-30,
1978-03-31,
1978-04-01,
1978-04-02,
1978-04-03,
1978-04-04,
1978-04-05,
1978-04-06,
1978-04-07,
1978-04-08,
1978-04-09,
1978-04-10,
1978-04-11,
1978-04-12,
1978-04-13,
1978-04-14,
1978-04-15,
1978-04-16,
1978-04-17,
1978-04-18,
1978-04-19,
1978-04-20,
1978-04-21,
1978-04-22,
1978-04-23,
1978-04-24,
1978-04-25,
1978-04-26,
1978-04-27,
1978-04-28,
1978-04-29,
1978-04-30,
1978-05-01,
1978-05-02,
1978-05-03,
1978-05-04,
1978-05-05,
1978-05-06,
1978-05-07,
1978-05-08,
1978-05-09,
1978-05-10,
1978-05-11,
1978-05-12,
1978-05-13,
1978-05-14,
1978-05-15,
1978-05-16,
1978-05-17,
1978-05-18,
1978-05-19,
1978-05-20,
1978-05-21,
1978-05-22,
1978-05-23,
1978-05-24,
1978-05-25,
1978-05-26,
1978-05-27,
1978-05-28,
1978-05-29,
1978-05-30,
1978-05-31,1.440000057220459
1978-06-01,1.820000052452088
1978-06-02,2.309999942779541
1978-06-03,2.359999895095825
1978-06-04,2.4300000667572017
1978-06-05,2.4800000190734863
1978-06-06,2.5299999713897705
1978-06-07,2.4800000190734863
1978-06-08,2.3499999046325684
1978-06-09,2.1700000762939453
1978-06-10,2.039999961853028
1978-06-11,1.850000023841858
1978-06-12,1.7699999809265137
1978-06-13,1.75
1978-06-14,1.649999976158142
1978-06-15,1.3799999952316284
1978-06-16,1.4199999570846558
1978-06-17,1.350000023841858
1978-06-18,1.2000000476837158
1978-06-19,1.0299999713897705
1978-06-20,1.0099999904632568
1978-06-21,0.9570000171661376
1978-06-22,0.9259999990463256
1978-06-23,0.8920000195503235
1978-06-24,0.8610000014305115
1978-06-25,0.8270000219345093
1978-06-26,0.7789999842643738
1978-06-27,0.6990000009536743
1978-06-28,0.6850000023841858
1978-06-29,0.6539999842643738
1978-06-30,0.6370000243186951
1978-07-01,0.6370000243186951
1978-07-02,0.5799999833106995
1978-07-03,0.5519999861717224
1978-07-04,0.5239999890327454
1978-07-05,0.4959999918937683
1978-07-06,0.4670000076293945
1978-07-07,0.289000004529953
1978-07-08,0.289000004529953
1978-07-09,0.289000004529953
1978-07-10,0.30000001192092896
1978-07-11,0.3449999988079071
1978-07-12,0.3109999895095825
1978-07-13,0.3109999895095825
1978-07-14,0.30000001192092896
1978-07-15,0.289000004529953
1978-07-16,0.27799999713897705
1978-07-17,0.27799999713897705
1978-07-18,0.2549999952316284
1978-07-19,0.2440000027418137
1978-07-20,0.2440000027418137
1978-07-21,0.23499999940395355
1978-07-22,0.23499999940395355
1978-07-23,0.23499999940395355
1978-07-24,0.23499999940395355
1978-07-25,0.2269999980926513
1978-07-26,0.2269999980926513
1978-07-27,0.2179999947547913
1978-07-28,0.20999999344348907
1978-07-29,0.20999999344348907
1978-07-30,0.1899999976158142
1978-07-31,0.1899999976158142
1978-08-01,0.1809999942779541
1978-08-02,0.1809999942779541
1978-08-03,0.164000004529953
1978-08-04,0.164000004529953
1978-08-05,0.15600000321865082
1978-08-06,0.1469999998807907
1978-08-07,0.1469999998807907
1978-08-08,0.14399999380111694
1978-08-09,0.13899999856948853
1978-08-10,0.13600000739097595
1978-08-11,0.13600000739097595
1978-08-12,0.1330000013113022
1978-08-13,0.1330000013113022
1978-08-14,0.125
1978-08-15,0.12700000405311584
1978-08-16,0.12700000405311584
1978-08-17,0.12700000405311584
1978-08-18,0.12700000405311584
1978-08-19,0.12700000405311584
1978-08-20,0.1330000013113022
1978-08-21,0.1330000013113022
1978-08-22,0.12700000405311584
1978-08-23,0.12700000405311584
1978-08-24,0.125
1978-08-25,0.125
1978-08-26,0.125
1978-08-27,0.125
1978-08-28,0.125
1978-08-29,0.125
1978-08-30,0.125
1978-08-31,0.125
1978-09-01,0.125
1978-09-02,0.125
1978-09-03,0.1330000013113022
1978-09-04,0.13600000739097595
1978-09-05,0.13899999856948853
1978-09-06,0.1469999998807907
1978-09-07,0.15600000321865082
1978-09-08,0.1899999976158142
1978-09-09,0.1979999989271164
1978-09-10,0.20999999344348907
1978-09-11,0.2179999947547913
1978-09-12,0.2179999947547913
1978-09-13,0.2269999980926513
1978-09-14,0.2269999980926513
1978-09-15,0.2269999980926513
1978-09-16,0.23499999940395355
1978-09-17,0.23499999940395355
1978-09-18,0.23499999940395355
1978-09-19,0.23499999940395355
1978-09-20,0.23499999940395355
1978-09-21,0.2440000027418137
1978-09-22,0.2440000027418137
1978-09-23,0.2440000027418137
1978-09-24,0.2549999952316284
1978-09-25,0.2549999952316284
1978-09-26,0.2549999952316284
1978-09-27,0.2660000026226044
1978-09-28,0.2660000026226044
1978-09-29,0.2660000026226044
1978-09-30,0.2660000026226044
1978-10-01,0.2660000026226044
1978-10-02,0.2660000026226044
1978-10-03,0.2630000114440918
1978-10-04,0.25799998641014105
1978-10-05,0.25200000405311584
1978-10-06,0.2409999966621399
1978-10-07,0.23199999332427976
1978-10-08,0.2240000069141388
1978-10-09,0.2150000035762787
1978-10-10,0.2070000022649765
1978-10-11,0.20100000500679016
1978-10-12,0.19499999284744265
1978-10-13,0.18700000643730166
1978-10-14,0.17599999904632568
1978-10-15,0.17000000178813934
1978-10-16,0.16699999570846558
1978-10-17,0.164000004529953
1978-10-18,0.16099999845027926
1978-10-19,0.16699999570846558
1978-10-20,0.193000003695488
1978-10-21,0.2119999974966049
1978-10-22,0.2269999980926513
1978-10-23,0.2409999966621399
1978-10-24,0.2409999966621399
1978-10-25,0.2269999980926513
1978-10-26,0.2119999974966049
1978-10-27,0.1979999989271164
1978-10-28,0.19499999284744265
1978-10-29,0.19499999284744265
1978-10-30,0.19499999284744265
1978-10-31,0.19499999284744265
1978-11-01,0.193000003695488
1978-11-02,0.193000003695488
1978-11-03,0.19499999284744265
1978-11-04,0.2039999961853028
1978-11-05,0.2119999974966049
1978-11-06,0.22100000083446505
1978-11-07,0.2290000021457672
1978-11-08,0.23499999940395355
1978-11-09,0.23199999332427976
1978-11-10,0.2150000035762787
1978-11-11,0.2119999974966049
1978-11-12,0.20999999344348907
1978-11-13,0.2070000022649765
1978-11-14,0.193000003695488
1978-11-15,0.17599999904632568
1978-11-16,0.16099999845027926
1978-11-17,0.14399999380111694
1978-11-18,0.125
1978-11-19,0.10499999672174454
1978-11-20,0.09600000083446504
1978-11-21,0.090999998152256
1978-11-22,0.08799999952316284
1978-11-23,0.08799999952316284
1978-11-24,0.090999998152256
1978-11-25,0.09300000220537186
1978-11-26,0.0989999994635582
1978-11-27,0.10499999672174454
1978-11-28,0.1080000028014183
1978-11-29,0.1080000028014183
1978-11-30,0.10499999672174454
1978-12-01,0.10499999672174454
1978-12-02,0.10499999672174454
1978-12-03,0.10499999672174454
1978-12-04,0.10199999809265137
1978-12-05,0.10199999809265137
1978-12-06,0.10199999809265137
1978-12-07,0.10199999809265137
1978-12-08,0.0989999994635582
1978-12-09,0.0989999994635582
1978-12-10,0.0989999994635582
1978-12-11,0.0989999994635582
1978-12-12,0.0989999994635582
1978-12-13,0.10199999809265137
1978-12-14,0.10199999809265137
1978-12-15,0.10499999672174454
1978-12-16,0.10499999672174454
1978-12-17,0.10199999809265137
1978-12-18,0.0989999994635582
1978-12-19,0.07599999755620956
1978-12-20,0.0989999994635582
1978-12-21,0.0989999994635582
1978-12-22,0.09300000220537186
1978-12-23,0.09300000220537186
1978-12-24,0.09300000220537186
1978-12-25,0.09300000220537186
1978-12-26,0.090999998152256
1978-12-27,0.08799999952316284
1978-12-28,0.08500000089406967
1978-12-29,0.0820000022649765
1978-12-30,0.0820000022649765
1978-12-31,0.07900000363588333
1979-01-01,0.07599999755620956
1979-01-02,0.07599999755620956
1979-01-03,0.07599999755620956
1979-01-04,0.07400000095367433
1979-01-05,0.07400000095367433
1979-01-06,0.07100000232458115
1979-01-07,0.07100000232458115
1979-01-08,0.07100000232458115
1979-01-09,0.07000000029802322
1979-01-10,0.07000000029802322
1979-01-11,0.06499999761581421
1979-01-12,0.059999998658895486
1979-01-13,0.059999998658895486
1979-01-14,0.054999999701976776
1979-01-15,0.054999999701976776
1979-01-16,0.0820000022649765
1979-01-17,0.0820000022649765
1979-01-18,0.07900000363588333
1979-01-19,0.07599999755620956
1979-01-20,0.07599999755620956
1979-01-21,0.07599999755620956
1979-01-22,0.07400000095367433
1979-01-23,0.07100000232458115
1979-01-24,0.06800000369548798
1979-01-25,0.06199999898672104
1979-01-26,0.06199999898672104
1979-01-27,0.059000000357627876
1979-01-28,0.05700000002980232
1979-01-29,0.05400000140070915
1979-01-30,0.05400000140070915
1979-01-31,0.050999999046325684
1979-02-01,0.05000000074505806
1979-02-02,0.05400000140070915
1979-02-03,0.05700000002980232
1979-02-04,0.059000000357627876
1979-02-05,0.059999998658895486
1979-02-06,0.054999999701976776
1979-02-07,0.054999999701976776
1979-02-08,0.054999999701976776
1979-02-09,0.054999999701976776
1979-02-10,0.054999999701976776
1979-02-11,0.05000000074505806
1979-02-12,0.05000000074505806
1979-02-13,0.05000000074505806
1979-02-14,0.050999999046325684
1979-02-15,0.05400000140070915
1979-02-16,0.05700000002980232
1979-02-17,0.054999999701976776
1979-02-18,0.05000000074505806
1979-02-19,0.05000000074505806
1979-02-20,0.04600000008940697
1979-02-21,0.04600000008940697
1979-02-22,0.04600000008940697
1979-02-23,0.04600000008940697
1979-02-24,0.04600000008940697
1979-02-25,0.04600000008940697
1979-02-26,0.05000000074505806
1979-02-27,0.05000000074505806
1979-02-28,0.05000000074505806
1979-03-01,0.05000000074505806
1979-03-02,0.05000000074505806
1979-03-03,0.05000000074505806
1979-03-04,0.05000000074505806
1979-03-05,0.054999999701976776
1979-03-06,0.059999998658895486
1979-03-07,0.059999998658895486
1979-03-08,0.059999998658895486
1979-03-09,0.059999998658895486
1979-03-10,0.059999998658895486
1979-03-11,0.059999998658895486
1979-03-12,0.059999998658895486
1979-03-13,0.059999998658895486
1979-03-14,0.054999999701976776
1979-03-15,0.054999999701976776
1979-03-16,0.054999999701976776
1979-03-17,0.054999999701976776
1979-03-18,0.054999999701976776
1979-03-19,0.054999999701976776
1979-03-20,0.059999998658895486
1979-03-21,0.07000000029802322
1979-03-22,0.07400000095367433
1979-03-23,0.08399999886751175
1979-03-24,0.08900000154972076
1979-03-25,0.08900000154972076
1979-03-26,0.0949999988079071
1979-03-27,0.10000000149011612
1979-03-28,0.10000000149011612
1979-03-29,0.10499999672174454
1979-03-30,0.10499999672174454
1979-03-31,0.10999999940395357
1979-04-01,0.10999999940395357
1979-04-02,0.10999999940395357
1979-04-03,0.10999999940395357
1979-04-04,0.10999999940395357
1979-04-05,0.119999997317791
1979-04-06,0.14900000393390656
1979-04-07,0.1550000011920929
1979-04-08,0.1679999977350235
1979-04-09,0.17399999499320984
1979-04-10,0.18000000715255735
1979-04-11,0.18000000715255735
1979-04-12,0.2269999980926513
1979-04-13,0.26100000739097595
1979-04-14,0.2870000004768372
1979-04-15,0.4410000145435333
1979-04-16,0.4519999921321869
1979-04-17,0.4620000123977661
1979-04-18,0.4620000123977661
1979-04-19,0.4729999899864197
1979-04-20,0.4850000143051148
1979-04-21,0.4850000143051148
1979-04-22,0.5090000033378601
1979-04-23,0.5220000147819519
1979-04-24,0.6200000047683716
1979-04-25,0.6579999923706055
1979-04-26,0.7649999856948853
1979-04-27,0.9259999990463256
1979-04-28,0.9729999899864196
1979-04-29,1.0900000333786009
1979-04-30,1.1799999475479126
1979-05-01,1.2100000381469729
1979-05-02,1.25
1979-05-03,1.2699999809265137
1979-05-04,1.309999942779541
1979-05-05,1.3400000333786009
1979-05-06,1.3799999952316284
1979-05-07,1.440000057220459
1979-05-08,1.6699999570846558
1979-05-09,1.649999976158142
1979-05-10,1.649999976158142
1979-05-11,1.6100000143051147
1979-05-12,1.5399999618530271
1979-05-13,1.5
1979-05-14,1.4600000381469729
1979-05-15,1.4600000381469729
1979-05-16,1.4600000381469729
1979-05-17,1.440000057220459
1979-05-18,1.440000057220459
1979-05-19,1.440000057220459
1979-05-20,1.4199999570846558
1979-05-21,1.4199999570846558
1979-05-22,1.399999976158142
1979-05-23,1.3300000429153442
1979-05-24,1.3600000143051147
1979-05-25,1.3400000333786009
1979-05-26,1.3300000429153442
1979-05-27,1.2899999618530271
1979-05-28,1.2699999809265137
1979-05-29,1.25
1979-05-30,1.25
1979-05-31,1.2100000381469729
1979-06-01,1.2100000381469729
1979-06-02,1.1799999475479126
1979-06-03,1.1200000047683716
1979-06-04,1.0
1979-06-05,0.9100000262260436
1979-06-06,0.9259999990463256
1979-06-07,0.9259999990463256
1979-06-08,0.8949999809265137
1979-06-09,0.8790000081062317
1979-06-10,0.8500000238418579
1979-06-11,0.8209999799728394
1979-06-12,0.7649999856948853
1979-06-13,0.722000002861023
1979-06-14,0.6579999923706055
1979-06-15,0.5699999928474426
1979-06-16,0.4620000123977661
1979-06-17,0.4099999964237213
1979-06-18,0.4000000059604645
1979-06-19,0.4000000059604645
1979-06-20,0.3889999985694885
1979-06-21,0.3889999985694885
1979-06-22,0.3790000081062317
1979-06-23,0.3790000081062317
1979-06-24,0.3680000007152557
1979-06-25,0.3680000007152557
1979-06-26,0.3499999940395355
1979-06-27,0.3499999940395355
1979-06-28,0.3319999873638153
1979-06-29,0.3230000138282776
1979-06-30,0.3140000104904175
1979-07-01,0.3050000071525574
1979-07-02,0.3050000071525574
1979-07-03,0.3050000071525574
1979-07-04,0.2960000038146973
1979-07-05,0.2870000004768372
1979-07-06,0.2689999938011169
1979-07-07,0.26100000739097595
1979-07-08,0.2440000027418137
1979-07-09,0.2440000027418137
1979-07-10,0.2440000027418137
1979-07-11,0.2269999980926513
1979-07-12,0.2269999980926513
1979-07-13,0.2179999947547913
1979-07-14,0.20100000500679016
1979-07-15,0.193000003695488
1979-07-16,0.193000003695488
1979-07-17,0.1860000044107437
1979-07-18,0.18000000715255735
1979-07-19,0.18000000715255735
1979-07-20,0.17399999499320984
1979-07-21,0.17399999499320984
1979-07-22,0.1679999977350235
1979-07-23,0.1679999977350235
1979-07-24,0.15700000524520874
1979-07-25,0.1589999943971634
1979-07-26,0.1469999998807907
1979-07-27,0.1420000046491623
1979-07-28,0.1420000046491623
1979-07-29,0.14000000059604645
1979-07-30,0.13699999451637268
1979-07-31,0.13500000536441806
1979-08-01,0.13199999928474426
1979-08-02,0.13199999928474426
1979-08-03,0.12999999523162842
1979-08-04,0.12800000607967374
1979-08-05,0.125
1979-08-06,0.125
1979-08-07,0.12300000339746475
1979-08-08,0.11800000071525575
1979-08-09,0.11599999666213988
1979-08-10,0.11400000005960464
1979-08-11,0.10899999737739564
1979-08-12,0.10700000077486037
1979-08-13,0.10499999672174454
1979-08-14,0.10300000011920928
1979-08-15,0.10100000351667404
1979-08-16,0.09600000083446504
1979-08-17,0.09399999678134917
1979-08-18,0.09399999678134917
1979-08-19,0.09200000017881392
1979-08-20,0.09000000357627869
1979-08-21,0.09000000357627869
1979-08-22,0.09200000017881392
1979-08-23,0.09200000017881392
1979-08-24,0.09399999678134917
1979-08-25,0.09200000017881392
1979-08-26,0.09000000357627869
1979-08-27,0.08799999952316284
1979-08-28,0.08799999952316284
1979-08-29,0.0860000029206276
1979-08-30,0.08399999886751175
1979-08-31,0.08399999886751175
1979-09-01,0.0820000022649765
1979-09-02,0.0820000022649765
1979-09-03,0.07999999821186066
1979-09-04,0.07999999821186066
1979-09-05,0.07999999821186066
1979-09-06,0.07800000160932541
1979-09-07,0.07800000160932541
1979-09-08,0.07800000160932541
1979-09-09,0.07599999755620956
1979-09-10,0.07599999755620956
1979-09-11,0.07599999755620956
1979-09-12,0.07599999755620956
1979-09-13,0.07400000095367433
1979-09-14,0.07400000095367433
1979-09-15,0.07199999690055847
1979-09-16,0.07000000029802322
1979-09-17,0.06800000369548798
1979-09-18,0.06599999964237213
1979-09-19,0.06400000303983687
1979-09-20,0.06400000303983687
1979-09-21,0.06199999898672104
1979-09-22,0.06199999898672104
1979-09-23,0.06199999898672104
1979-09-24,0.061000000685453415
1979-09-25,0.061000000685453415
1979-09-26,0.061000000685453415
1979-09-27,0.05700000002980232
1979-09-28,0.05700000002980232
1979-09-29,0.054999999701976776
1979-09-30,0.054999999701976776
1979-10-01,0.05299999937415123
1979-10-02,0.05299999937415123
1979-10-03,0.05299999937415123
1979-10-04,0.050999999046325684
1979-10-05,0.050999999046325684
1979-10-06,0.050999999046325684
1979-10-07,0.050999999046325684
1979-10-08,0.050999999046325684
1979-10-09,0.05000000074505806
1979-10-10,0.05000000074505806
1979-10-11,0.05000000074505806
1979-10-12,0.04800000041723251
1979-10-13,0.04800000041723251
1979-10-14,0.04600000008940697
1979-10-15,0.04600000008940697
1979-10-16,0.04600000008940697
1979-10-17,0.04399999976158142
1979-10-18,0.04399999976158142
1979-10-19,0.04399999976158142
1979-10-20,0.0430000014603138
1979-10-21,0.04100000113248825
1979-10-22,0.039000000804662704
1979-10-23,0.03799999877810478
1979-10-24,0.03799999877810478
1979-10-25,0.03799999877810478
1979-10-26,0.03999999910593033
1979-10-27,0.04199999943375588
1979-10-28,0.045000001788139336
1979-10-29,0.050999999046325684
1979-10-30,0.05400000140070915
1979-10-31,0.04699999839067458
1979-11-01,0.045000001788139336
1979-11-02,0.04399999976158142
1979-11-03,0.045000001788139336
1979-11-04,0.045000001788139336
1979-11-05,0.045000001788139336
1979-11-06,0.045000001788139336
1979-11-07,0.045000001788139336
1979-11-08,0.045000001788139336
1979-11-09,0.04199999943375588
1979-11-10,0.04199999943375588
1979-11-11,0.04199999943375588
1979-11-12,0.03999999910593033
1979-11-13,0.039000000804662704
1979-11-14,0.03799999877810478
1979-11-15,0.03400000184774399
1979-11-16,0.03099999949336052
1979-11-17,0.04100000113248825
1979-11-18,0.050999999046325684
1979-11-19,0.04800000041723251
1979-11-20,0.04199999943375588
1979-11-21,0.035999998450279236
1979-11-22,0.035999998450279236
1979-11-23,0.03500000014901161
1979-11-24,0.03500000014901161
1979-11-25,0.03500000014901161
1979-11-26,0.032999999821186066
1979-11-27,0.032000001519918435
1979-11-28,0.03099999949336052
1979-11-29,0.029999999329447743
1979-11-30,0.02800000086426735
1979-12-01,0.028999999165534977
1979-12-02,0.029999999329447743
1979-12-03,0.03099999949336052
1979-12-04,0.032000001519918435
1979-12-05,0.032999999821186066
1979-12-06,0.03400000184774399
1979-12-07,0.032999999821186066
1979-12-08,0.032999999821186066
1979-12-09,0.03400000184774399
1979-12-10,0.03500000014901161
1979-12-11,0.035999998450279236
1979-12-12,0.03400000184774399
1979-12-13,0.032999999821186066
1979-12-14,0.029999999329447743
1979-12-15,0.02800000086426735
1979-12-16,0.03099999949336052
1979-12-17,0.03099999949336052
1979-12-18,0.035999998450279236
1979-12-19,0.03700000047683717
1979-12-20,0.039000000804662704
1979-12-21,0.03700000047683717
1979-12-22,0.032999999821186066
1979-12-23,0.032000001519918435
1979-12-24,0.03400000184774399
1979-12-25,0.03700000047683717
1979-12-26,0.03799999877810478
1979-12-27,0.039000000804662704
1979-12-28,0.04199999943375588
1979-12-29,0.0430000014603138
1979-12-30,0.04399999976158142
1979-12-31,0.045000001788139336
1980-01-01,0.04800000041723251
1980-01-02,0.050999999046325684
1980-01-03,0.05400000140070915
1980-01-04,0.05400000140070915
1980-01-05,0.050999999046325684
1980-01-06,0.050999999046325684
1980-01-07,0.050999999046325684
1980-01-08,0.050999999046325684
1980-01-09,0.050999999046325684
1980-01-10,0.045000001788139336
1980-01-11,0.03999999910593033
1980-01-12,0.03700000047683717
1980-01-13,0.03999999910593033
1980-01-14,0.04199999943375588
1980-01-15,0.04199999943375588
1980-01-16,0.045000001788139336
1980-01-17,0.045000001788139336
1980-01-18,0.03999999910593033
1980-01-19,0.02800000086426735
1980-01-20,0.02199999988079071
1980-01-21,0.02199999988079071
1980-01-22,0.024000000208616257
1980-01-23,0.024000000208616257
1980-01-24,0.024000000208616257
1980-01-25,0.023000000044703484
1980-01-26,0.020999999716877937
1980-01-27,0.01899999938905239
1980-01-28,0.017999999225139618
1980-01-29,0.01899999938905239
1980-01-30,0.019999999552965164
1980-01-31,0.02199999988079071
1980-02-01,0.023000000044703484
1980-02-02,0.024000000208616257
1980-02-03,0.02500000037252903
1980-02-04,0.026000000536441803
1980-02-05,0.026000000536441803
1980-02-06,0.027000000700354576
1980-02-07,0.027000000700354576
1980-02-08,0.02800000086426735
1980-02-09,0.03099999949336052
1980-02-10,0.02800000086426735
1980-02-11,0.027000000700354576
1980-02-12,0.026000000536441803
1980-02-13,0.02500000037252903
1980-02-14,0.023000000044703484
1980-02-15,0.019999999552965164
1980-02-16,0.019999999552965164
1980-02-17,0.020999999716877937
1980-02-18,0.023000000044703484
1980-02-19,0.024000000208616257
1980-02-20,0.02500000037252903
1980-02-21,0.03400000184774399
1980-02-22,0.03099999949336052
1980-02-23,0.02800000086426735
1980-02-24,0.02800000086426735
1980-02-25,0.027000000700354576
1980-02-26,0.03099999949336052
1980-02-27,0.06499999761581421
1980-02-28,0.09600000083446504
1980-02-29,0.090999998152256
1980-03-01,0.0820000022649765
1980-03-02,0.07400000095367433
1980-03-03,0.07400000095367433
1980-03-04,0.07100000232458115
1980-03-05,0.026000000536441803
1980-03-06,0.02500000037252903
1980-03-07,0.02800000086426735
1980-03-08,0.03400000184774399
1980-03-09,0.04199999943375588
1980-03-10,0.04199999943375588
1980-03-11,0.045000001788139336
1980-03-12,0.04800000041723251
1980-03-13,0.045000001788139336
1980-03-14,0.03400000184774399
1980-03-15,0.03400000184774399
1980-03-16,0.03400000184774399
1980-03-17,0.03700000047683717
1980-03-18,0.04199999943375588
1980-03-19,0.045000001788139336
1980-03-20,0.03999999910593033
1980-03-21,0.04199999943375588
1980-03-22,0.04199999943375588
1980-03-23,0.045000001788139336
1980-03-24,0.03999999910593033
1980-03-25,0.03700000047683717
1980-03-26,0.03999999910593033
1980-03-27,0.03999999910593033
1980-03-28,0.03700000047683717
1980-03-29,0.03700000047683717
1980-03-30,0.03700000047683717
1980-03-31,0.03999999910593033
1980-04-01,0.0430000014603138
1980-04-02,0.0430000014603138
1980-04-03,0.04399999976158142
1980-04-04,0.04399999976158142
1980-04-05,0.04399999976158142
1980-04-06,0.04600000008940697
1980-04-07,0.04600000008940697
1980-04-08,0.04800000041723251
1980-04-09,0.05000000074505806
1980-04-10,0.05000000074505806
1980-04-11,0.050999999046325684
1980-04-12,0.050999999046325684
1980-04-13,0.05299999937415123
1980-04-14,0.054999999701976776
1980-04-15,0.054999999701976776
1980-04-16,0.05700000002980232
1980-04-17,0.05700000002980232
1980-04-18,0.4620000123977661
1980-04-19,0.4620000123977661
1980-04-20,0.4620000123977661
1980-04-21,0.4709999859333038
1980-04-22,0.4810000061988831
1980-04-23,0.4810000061988831
1980-04-24,0.4900000095367432
1980-04-25,0.5
1980-04-26,0.5099999904632568
1980-04-27,0.5479999780654907
1980-04-28,0.6240000128746033
1980-04-29,0.8330000042915344
1980-04-30,1.0299999713897705
1980-05-01,1.5
1980-05-02,1.5900000333786009
1980-05-03,1.75
1980-05-04,1.850000023841858
1980-05-05,1.9800000190734863
1980-05-06,2.1199998855590816
1980-05-07,2.4800000190734863
1980-05-08,2.3299999237060547
1980-05-09,2.2300000190734863
1980-05-10,2.1199998855590816
1980-05-11,1.7799999713897705
1980-05-12,1.4700000286102295
1980-05-13,1.0700000524520874
1980-05-14,1.0499999523162842
1980-05-15,0.9290000200271606
1980-05-16,0.8809999823570251
1980-05-17,0.8330000042915344
1980-05-18,0.7149999737739563
1980-05-19,0.6240000128746033
1980-05-20,0.6240000128746033
1980-05-21,0.6370000243186951
1980-05-22,0.6759999990463257
1980-05-23,0.6759999990463257
1980-05-24,0.4519999921321869
1980-05-25,0.5479999780654907
1980-05-26,0.8130000233650208
1980-05-27,1.1799999475479126
1980-05-28,0.9290000200271606
1980-05-29,0.8130000233650208
1980-05-30,0.6759999990463257
1980-05-31,0.6240000128746033
1980-06-01,0.5860000252723694
1980-06-02,0.5609999895095825
1980-06-03,0.6240000128746033
1980-06-04,0.6759999990463257
1980-06-05,0.9769999980926514
1980-06-06,0.8809999823570251
1980-06-07,0.8330000042915344
1980-06-08,0.7739999890327454
1980-06-09,0.7149999737739563
1980-06-10,1.1799999475479126
1980-06-11,1.1299999952316284
1980-06-12,0.7929999828338623
1980-06-13,0.6959999799728394
1980-06-14,0.5609999895095825
1980-06-15,0.5099999904632568
1980-06-16,0.43299999833107
1980-06-17,0.6370000243186951
1980-06-18,0.43299999833107
1980-06-19,0.4519999921321869
1980-06-20,0.43299999833107
1980-06-21,0.4129999876022339
1980-06-22,0.39899998903274536
1980-06-23,0.3840000033378601
1980-06-24,0.3689999878406525
1980-06-25,0.3470000028610229
1980-06-26,0.3400000035762787
1980-06-27,0.3400000035762787
1980-06-28,0.33399999141693115
1980-06-29,0.328000009059906
1980-06-30,0.3219999969005585
1980-07-01,0.3160000145435333
1980-07-02,0.30399999022483826
1980-07-03,0.2919999957084656
1980-07-04,0.30399999022483826
1980-07-05,0.3160000145435333
1980-07-06,0.328000009059906
1980-07-07,0.30399999022483826
1980-07-08,0.2800000011920929
1980-07-09,0.2800000011920929
1980-07-10,0.2919999957084656
1980-07-11,0.2919999957084656
1980-07-12,0.28600001335144043
1980-07-13,0.2800000011920929
1980-07-14,0.2800000011920929
1980-07-15,0.2800000011920929
1980-07-16,0.2800000011920929
1980-07-17,0.2689999938011169
1980-07-18,0.2689999938011169
1980-07-19,0.2689999938011169
1980-07-20,0.16699999570846558
1980-07-21,0.16200000047683716
1980-07-22,0.16200000047683716
1980-07-23,0.15700000524520874
1980-07-24,0.15199999511241913
1980-07-25,0.15199999511241913
1980-07-26,0.14900000393390656
1980-07-27,0.14900000393390656
1980-07-28,0.1469999998807907
1980-07-29,0.1469999998807907
1980-07-30,0.14399999380111694
1980-07-31,0.14399999380111694
1980-08-01,0.14399999380111694
1980-08-02,0.1420000046491623
1980-08-03,0.1420000046491623
1980-08-04,0.14000000059604645
1980-08-05,0.14000000059604645
1980-08-06,0.13699999451637268
1980-08-07,0.13699999451637268
1980-08-08,0.13699999451637268
1980-08-09,0.13500000536441806
1980-08-10,0.13500000536441806
1980-08-11,0.13199999928474426
1980-08-12,0.12999999523162842
1980-08-13,0.12800000607967374
1980-08-14,0.12999999523162842
1980-08-15,0.12999999523162842
1980-08-16,0.12800000607967374
1980-08-17,0.12999999523162842
1980-08-18,0.12999999523162842
1980-08-19,0.13199999928474426
1980-08-20,0.13199999928474426
1980-08-21,0.13199999928474426
1980-08-22,0.13500000536441806
1980-08-23,0.13500000536441806
1980-08-24,0.13500000536441806
1980-08-25,0.13699999451637268
1980-08-26,0.13699999451637268
1980-08-27,0.13699999451637268
1980-08-28,0.1420000046491623
1980-08-29,0.14399999380111694
1980-08-30,0.14900000393390656
1980-08-31,0.14900000393390656
1980-09-01,0.14900000393390656
1980-09-02,0.14900000393390656
1980-09-03,0.15199999511241913
1980-09-04,0.15199999511241913
1980-09-05,0.15399999916553495
1980-09-06,0.15399999916553495
1980-09-07,0.15199999511241913
1980-09-08,0.15199999511241913
1980-09-09,0.14900000393390656
1980-09-10,0.14900000393390656
1980-09-11,0.1469999998807907
1980-09-12,0.1469999998807907
1980-09-13,0.14399999380111694
1980-09-14,0.14399999380111694
1980-09-15,0.1420000046491623
1980-09-16,0.14399999380111694
1980-09-17,0.1469999998807907
1980-09-18,0.1469999998807907
1980-09-19,0.1469999998807907
1980-09-20,0.14399999380111694
1980-09-21,0.14399999380111694
1980-09-22,0.1420000046491623
1980-09-23,0.14000000059604645
1980-09-24,0.13699999451637268
1980-09-25,0.13199999928474426
1980-09-26,0.12800000607967374
1980-09-27,0.125
1980-09-28,0.12099999934434892
1980-09-29,0.11800000071525575
1980-09-30,0.11800000071525575
1980-10-01,0.11800000071525575
1980-10-02,0.11599999666213988
1980-10-03,0.11599999666213988
1980-10-04,0.11400000005960464
1980-10-05,0.1120000034570694
1980-10-06,0.1120000034570694
1980-10-07,0.10700000077486037
1980-10-08,0.10499999672174454
1980-10-09,0.10300000011920928
1980-10-10,0.10100000351667404
1980-10-11,0.10100000351667404
1980-10-12,0.09799999743700027
1980-10-13,0.09799999743700027
1980-10-14,0.10100000351667404
1980-10-15,0.10100000351667404
1980-10-16,0.09799999743700027
1980-10-17,0.09799999743700027
1980-10-18,0.10100000351667404
1980-10-19,0.10100000351667404
1980-10-20,0.10300000011920928
1980-10-21,0.10300000011920928
1980-10-22,0.10499999672174454
1980-10-23,0.10700000077486037
1980-10-24,0.10499999672174454
1980-10-25,0.10300000011920928
1980-10-26,0.10300000011920928
1980-10-27,0.10300000011920928
1980-10-28,0.10499999672174454
1980-10-29,0.10499999672174454
1980-10-30,0.10499999672174454
1980-10-31,0.10499999672174454
1980-11-01,0.10499999672174454
1980-11-02,0.10499999672174454
1980-11-03,0.10700000077486037
1980-11-04,0.10700000077486037
1980-11-05,0.10499999672174454
1980-11-06,0.10300000011920928
1980-11-07,0.11400000005960464
1980-11-08,0.09200000017881392
1980-11-09,0.08799999952316284
1980-11-10,0.11400000005960464
1980-11-11,0.10700000077486037
1980-11-12,0.10499999672174454
1980-11-13,0.09200000017881392
1980-11-14,0.08799999952316284
1980-11-15,0.09000000357627869
1980-11-16,0.08799999952316284
1980-11-17,0.08799999952316284
1980-11-18,0.09200000017881392
1980-11-19,0.09200000017881392
1980-11-20,0.09200000017881392
1980-11-21,0.09200000017881392
1980-11-22,0.08799999952316284
1980-11-23,0.08399999886751175
1980-11-24,0.08399999886751175
1980-11-25,0.08399999886751175
1980-11-26,0.08399999886751175
1980-11-27,0.0860000029206276
1980-11-28,0.0860000029206276
1980-11-29,0.0860000029206276
1980-11-30,0.08399999886751175
1980-12-01,0.06400000303983687
1980-12-02,0.08399999886751175
1980-12-03,0.08399999886751175
1980-12-04,0.0860000029206276
1980-12-05,0.08399999886751175
1980-12-06,0.07999999821186066
1980-12-07,0.0820000022649765
1980-12-08,0.0820000022649765
1980-12-09,0.0820000022649765
1980-12-10,0.07999999821186066
1980-12-11,0.07999999821186066
1980-12-12,0.0820000022649765
1980-12-13,0.0820000022649765
1980-12-14,0.0820000022649765
1980-12-15,0.0820000022649765
1980-12-16,0.08399999886751175
1980-12-17,0.08399999886751175
1980-12-18,0.08399999886751175
1980-12-19,0.0860000029206276
1980-12-20,0.08399999886751175
1980-12-21,0.0820000022649765
1980-12-22,0.08799999952316284
1980-12-23,0.09000000357627869
1980-12-24,0.09399999678134917
1980-12-25,0.09399999678134917
1980-12-26,0.09600000083446504
1980-12-27,0.10100000351667404
1980-12-28,0.10899999737739564
1980-12-29,0.11599999666213988
1980-12-30,0.11599999666213988
1980-12-31,0.11599999666213988
1981-01-01,0.11599999666213988
1981-01-02,0.11400000005960464
1981-01-03,0.11599999666213988
1981-01-04,0.11599999666213988
1981-01-05,0.11599999666213988
1981-01-06,0.11900000274181365
1981-01-07,0.11599999666213988
1981-01-08,0.11299999803304672
1981-01-09,0.10999999940395357
1981-01-10,0.1080000028014183
1981-01-11,0.1080000028014183
1981-01-12,0.10999999940395357
1981-01-13,0.11299999803304672
1981-01-14,0.11599999666213988
1981-01-15,0.11900000274181365
1981-01-16,0.12200000137090684
1981-01-17,0.12200000137090684
1981-01-18,0.11599999666213988
1981-01-19,0.10999999940395357
1981-01-20,0.10999999940395357
1981-01-21,0.11599999666213988
1981-01-22,0.13199999928474426
1981-01-23,0.1509999930858612
1981-01-24,0.15299999713897705
1981-01-25,0.15700000524520874
1981-01-26,0.1509999930858612
1981-01-27,0.1509999930858612
1981-01-28,0.1509999930858612
1981-01-29,0.1509999930858612
1981-01-30,0.1509999930858612
1981-01-31,0.1509999930858612
1981-02-01,0.11800000071525575
1981-02-02,0.11800000071525575
1981-02-03,0.13199999928474426
1981-02-04,0.12300000339746475
1981-02-05,0.12700000405311584
1981-02-06,0.12700000405311584
1981-02-07,0.13699999451637268
1981-02-08,0.13699999451637268
1981-02-09,0.13699999451637268
1981-02-10,0.13600000739097595
1981-02-11,0.13600000739097595
1981-02-12,0.13600000739097595
1981-02-13,0.13699999451637268
1981-02-14,0.13500000536441806
1981-02-15,0.1420000046491623
1981-02-16,0.13699999451637268
1981-02-17,0.1509999930858612
1981-02-18,0.16200000047683716
1981-02-19,0.16200000047683716
1981-02-20,0.16200000047683716
1981-02-21,0.1509999930858612
1981-02-22,0.16200000047683716
1981-02-23,0.16200000047683716
1981-02-24,0.16200000047683716
1981-02-25,0.17800000309944153
1981-02-26,0.17800000309944153
1981-02-27,0.17800000309944153
1981-02-28,0.17800000309944153
1981-03-01,0.17800000309944153
1981-03-02,0.2070000022649765
1981-03-03,0.19499999284744265
1981-03-04,0.2800000011920929
1981-03-05,0.2800000011920929
1981-03-06,0.2689999938011169
1981-03-07,0.2689999938011169
1981-03-08,0.2689999938011169
1981-03-09,0.2800000011920929
1981-03-10,0.2800000011920929
1981-03-11,0.2800000011920929
1981-03-12,0.2800000011920929
1981-03-13,0.2800000011920929
1981-03-14,0.2919999957084656
1981-03-15,0.3030000030994416
1981-03-16,0.3400000035762787
1981-03-17,0.3400000035762787
1981-03-18,0.3400000035762787
1981-03-19,0.3540000021457672
1981-03-20,0.3540000021457672
1981-03-21,0.3400000035762787
1981-03-22,0.3540000021457672
1981-03-23,0.3540000021457672
1981-03-24,0.3540000021457672
1981-03-25,0.3680000007152557
1981-03-26,0.3680000007152557
1981-03-27,0.3849999904632568
1981-03-28,0.39899998903274536
1981-03-29,0.39899998903274536
1981-03-30,0.4129999876022339
1981-03-31,0.4129999876022339
1981-04-01,0.4519999921321869
1981-04-02,0.5099999904632568
1981-04-03,0.5099999904632568
1981-04-04,0.4519999921321869
1981-04-05,0.4519999921321869
1981-04-06,0.4519999921321869
1981-04-07,0.4129999876022339
1981-04-08,0.4129999876022339
1981-04-09,0.4129999876022339
1981-04-10,0.3849999904632568
1981-04-11,0.3680000007152557
1981-04-12,0.3680000007152557
1981-04-13,0.3680000007152557
1981-04-14,0.37700000405311584
1981-04-15,0.37700000405311584
1981-04-16,0.37700000405311584
1981-04-17,0.37700000405311584
1981-04-18,0.37700000405311584
1981-04-19,0.4129999876022339
1981-04-20,0.5099999904632568
1981-04-21,0.5099999904632568
1981-04-22,0.6370000243186951
1981-04-23,0.8330000042915344
1981-04-24,2.2100000381469727
1981-04-25,1.7799999713897705
1981-04-26,1.440000057220459
1981-04-27,1.3700000047683716
1981-04-28,1.309999942779541
1981-04-29,1.1299999952316284
1981-04-30,1.1299999952316284
1981-05-01,1.5
1981-05-02,1.690000057220459
1981-05-03,1.5
1981-05-04,1.5
1981-05-05,1.309999942779541
1981-05-06,1.3799999952316284
1981-05-07,1.309999942779541
1981-05-08,1.2400000095367432
1981-05-09,1.2400000095367432
1981-05-10,1.309999942779541
1981-05-11,1.3799999952316284
1981-05-12,1.3799999952316284
1981-05-13,1.3799999952316284
1981-05-14,1.3799999952316284
1981-05-15,1.5
1981-05-16,2.0899999141693115
1981-05-17,2.0899999141693115
1981-05-18,2.009999990463257
1981-05-19,2.009999990463257
1981-05-20,2.25
1981-05-21,2.4300000667572017
1981-05-22,2.400000095367432
1981-05-23,2.1300001144409184
1981-05-24,1.870000004768372
1981-05-25,1.820000052452088
1981-05-26,2.240000009536743
1981-05-27,2.1099998950958248
1981-05-28,1.690000057220459
1981-05-29,1.440000057220459
1981-05-30,1.399999976158142
1981-05-31,1.870000004768372
1981-06-01,1.649999976158142
1981-06-02,1.440000057220459
1981-06-03,1.3200000524520874
1981-06-04,1.3799999952316284
1981-06-05,1.25
1981-06-06,1.440000057220459
1981-06-07,1.25
1981-06-08,1.1799999475479126
1981-06-09,1.0800000429153442
1981-06-10,1.0800000429153442
1981-06-11,1.649999976158142
1981-06-12,1.440000057220459
1981-06-13,1.649999976158142
1981-06-14,1.440000057220459
1981-06-15,1.440000057220459
1981-06-16,1.440000057220459
1981-06-17,1.25
1981-06-18,1.25
1981-06-19,1.649999976158142
1981-06-20,1.649999976158142
1981-06-21,1.440000057220459
1981-06-22,1.25
1981-06-23,1.440000057220459
1981-06-24,1.25
1981-06-25,1.0800000429153442
1981-06-26,1.0800000429153442
1981-06-27,1.0
1981-06-28,0.9490000009536744
1981-06-29,0.9490000009536744
1981-06-30,0.8209999799728394
1981-07-01,1.1799999475479126
1981-07-02,0.9490000009536744
1981-07-03,0.8209999799728394
1981-07-04,0.8209999799728394
1981-07-05,0.7770000100135803
1981-07-06,0.7110000252723694
1981-07-07,0.8209999799728394
1981-07-08,0.9490000009536744
1981-07-09,0.8209999799728394
1981-07-10,0.7110000252723694
1981-07-11,0.8209999799728394
1981-07-12,0.7110000252723694
1981-07-13,0.7110000252723694
1981-07-14,1.0800000429153442
1981-07-15,1.0800000429153442
1981-07-16,1.0
1981-07-17,0.9490000009536744
1981-07-18,0.9490000009536744
1981-07-19,0.9490000009536744
1981-07-20,0.8209999799728394
1981-07-21,0.8209999799728394
1981-07-22,0.8209999799728394
1981-07-23,0.7110000252723694
1981-07-24,0.765999972820282
1981-07-25,0.7770000100135803
1981-07-26,0.7110000252723694
1981-07-27,0.7110000252723694
1981-07-28,0.609000027179718
1981-07-29,0.609000027179718
1981-07-30,0.609000027179718
1981-07-31,0.609000027179718
1981-08-01,0.5640000104904175
1981-08-02,0.5640000104904175
1981-08-03,0.5450000166893005
1981-08-04,0.5450000166893005
1981-08-05,0.5180000066757202
1981-08-06,0.4830000102519989
1981-08-07,0.4469999969005585
1981-08-08,0.38199999928474426
1981-08-09,0.38199999928474426
1981-08-10,0.38199999928474426
1981-08-11,0.3569999933242798
1981-08-12,0.32600000500679016
1981-08-13,0.32600000500679016
1981-08-14,0.3070000112056732
1981-08-15,0.3070000112056732
1981-08-16,0.2980000078678131
1981-08-17,0.2980000078678131
1981-08-18,0.2829999923706055
1981-08-19,0.2829999923706055
1981-08-20,0.2460000067949295
1981-08-21,0.2460000067949295
1981-08-22,0.2430000007152557
1981-08-23,0.2460000067949295
1981-08-24,0.239999994635582
1981-08-25,0.2290000021457672
1981-08-26,0.2290000021457672
1981-08-27,0.2290000021457672
1981-08-28,0.22300000488758087
1981-08-29,0.2290000021457672
1981-08-30,0.2460000067949295
1981-08-31,0.239999994635582
1981-09-01,0.2460000067949295
1981-09-02,0.2460000067949295
1981-09-03,0.239999994635582
1981-09-04,0.2460000067949295
1981-09-05,0.2290000021457672
1981-09-06,0.2290000021457672
1981-09-07,0.2290000021457672
1981-09-08,0.2119999974966049
1981-09-09,0.2119999974966049
1981-09-10,0.2119999974966049
1981-09-11,0.2119999974966049
1981-09-12,0.2189999967813492
1981-09-13,0.2189999967813492
1981-09-14,0.2119999974966049
1981-09-15,0.2119999974966049
1981-09-16,0.2119999974966049
1981-09-17,0.2119999974966049
1981-09-18,0.2119999974966049
1981-09-19,0.22599999606609344
1981-09-20,0.20999999344348907
1981-09-21,0.19499999284744265
1981-09-22,0.1710000038146973
1981-09-23,0.16500000655651093
1981-09-24,0.1589999943971634
1981-09-25,0.15000000596046448
1981-09-26,0.1340000033378601
1981-09-27,0.12600000202655792
1981-09-28,0.1379999965429306
1981-09-29,0.1469999998807907
1981-09-30,0.15000000596046448
1981-10-01,0.14900000393390656
1981-10-02,0.14900000393390656
1981-10-03,0.14900000393390656
1981-10-04,0.15199999511241913
1981-10-05,0.14900000393390656
1981-10-06,0.15199999511241913
1981-10-07,0.15399999916553495
1981-10-08,0.15399999916553495
1981-10-09,0.164000004529953
1981-10-10,0.1589999943971634
1981-10-11,0.1589999943971634
1981-10-12,0.15399999916553495
1981-10-13,0.15399999916553495
1981-10-14,0.15700000524520874
1981-10-15,0.15399999916553495
1981-10-16,0.15399999916553495
1981-10-17,0.15399999916553495
1981-10-18,0.15199999511241913
1981-10-19,0.15199999511241913
1981-10-20,0.15199999511241913
1981-10-21,0.15199999511241913
1981-10-22,0.15199999511241913
1981-10-23,0.14900000393390656
1981-10-24,0.14900000393390656
1981-10-25,0.14900000393390656
1981-10-26,0.1469999998807907
1981-10-27,0.14900000393390656
1981-10-28,0.14900000393390656
1981-10-29,0.14900000393390656
1981-10-30,0.14900000393390656
1981-10-31,0.15199999511241913
1981-11-01,0.15199999511241913
1981-11-02,0.15199999511241913
1981-11-03,0.15199999511241913
1981-11-04,0.14900000393390656
1981-11-05,0.14900000393390656
1981-11-06,0.15199999511241913
1981-11-07,0.15199999511241913
1981-11-08,0.15199999511241913
1981-11-09,0.15199999511241913
1981-11-10,0.14900000393390656
1981-11-11,0.14900000393390656
1981-11-12,0.14900000393390656
1981-11-13,0.14900000393390656
1981-11-14,0.14900000393390656
1981-11-15,0.14900000393390656
1981-11-16,0.14900000393390656
1981-11-17,0.14900000393390656
1981-11-18,0.15199999511241913
1981-11-19,0.14900000393390656
1981-11-20,0.14900000393390656
1981-11-21,0.15199999511241913
1981-11-22,0.14900000393390656
1981-11-23,0.14900000393390656
1981-11-24,0.14900000393390656
1981-11-25,0.1469999998807907
1981-11-26,0.1469999998807907
1981-11-27,0.1469999998807907
1981-11-28,0.1469999998807907
1981-11-29,0.1469999998807907
1981-11-30,0.14399999380111694
1981-12-01,0.14399999380111694
1981-12-02,0.1469999998807907
1981-12-03,0.14399999380111694
1981-12-04,0.14399999380111694
1981-12-05,0.1469999998807907
1981-12-06,0.1469999998807907
1981-12-07,0.1469999998807907
1981-12-08,0.1469999998807907
1981-12-09,0.1420000046491623
1981-12-10,0.14399999380111694
1981-12-11,0.14399999380111694
1981-12-12,0.1420000046491623
1981-12-13,0.1420000046491623
1981-12-14,0.13699999451637268
1981-12-15,0.13699999451637268
1981-12-16,0.13199999928474426
1981-12-17,0.12999999523162842
1981-12-18,0.12800000607967374
1981-12-19,0.125
1981-12-20,0.12300000339746475
1981-12-21,0.12300000339746475
1981-12-22,0.12300000339746475
1981-12-23,0.125
1981-12-24,0.125
1981-12-25,0.125
1981-12-26,0.125
1981-12-27,0.12300000339746475
1981-12-28,0.12300000339746475
1981-12-29,0.12300000339746475
1981-12-30,0.11900000274181365
1981-12-31,0.11599999666213988
1982-01-01,0.11299999803304672
1982-01-02,0.11299999803304672
1982-01-03,0.10999999940395357
1982-01-04,0.1080000028014183
1982-01-05,0.10499999672174454
1982-01-06,0.10199999809265137
1982-01-07,0.0989999994635582
1982-01-08,0.0989999994635582
1982-01-09,0.10499999672174454
1982-01-10,0.10999999940395357
1982-01-11,0.11299999803304672
1982-01-12,0.11299999803304672
1982-01-13,0.11299999803304672
1982-01-14,0.11299999803304672
1982-01-15,0.1080000028014183
1982-01-16,0.10499999672174454
1982-01-17,0.10199999809265137
1982-01-18,0.10199999809265137
1982-01-19,0.10499999672174454
1982-01-20,0.10199999809265137
1982-01-21,0.0989999994635582
1982-01-22,0.0989999994635582
1982-01-23,0.0989999994635582
1982-01-24,0.09300000220537186
1982-01-25,0.09600000083446504
1982-01-26,0.10199999809265137
1982-01-27,0.10199999809265137
1982-01-28,0.10199999809265137
1982-01-29,0.10199999809265137
1982-01-30,0.0989999994635582
1982-01-31,0.0989999994635582
1982-02-01,0.10199999809265137
1982-02-02,0.10199999809265137
1982-02-03,0.09300000220537186
1982-02-04,0.090999998152256
1982-02-05,0.090999998152256
1982-02-06,0.090999998152256
1982-02-07,0.08799999952316284
1982-02-08,0.0820000022649765
1982-02-09,0.07900000363588333
1982-02-10,0.0820000022649765
1982-02-11,0.08799999952316284
1982-02-12,0.090999998152256
1982-02-13,0.09300000220537186
1982-02-14,0.09300000220537186
1982-02-15,0.09600000083446504
1982-02-16,0.09300000220537186
1982-02-17,0.09300000220537186
1982-02-18,0.09399999678134917
1982-02-19,0.09200000017881392
1982-02-20,0.09200000017881392
1982-02-21,0.09000000357627869
1982-02-22,0.09399999678134917
1982-02-23,0.09399999678134917
1982-02-24,0.10499999672174454
1982-02-25,0.10899999737739564
1982-02-26,0.10700000077486037
1982-02-27,0.09399999678134917
1982-02-28,0.09600000083446504
1982-03-01,0.10100000351667404
1982-03-02,0.10999999940395357
1982-03-03,0.10499999672174454
1982-03-04,0.10899999737739564
1982-03-05,0.10499999672174454
1982-03-06,0.10499999672174454
1982-03-07,0.10700000077486037
1982-03-08,0.10499999672174454
1982-03-09,0.10300000011920928
1982-03-10,0.10300000011920928
1982-03-11,0.11800000071525575
1982-03-12,0.11599999666213988
1982-03-13,0.11599999666213988
1982-03-14,0.11800000071525575
1982-03-15,0.11800000071525575
1982-03-16,0.11800000071525575
1982-03-17,0.11800000071525575
1982-03-18,0.11800000071525575
1982-03-19,0.11800000071525575
1982-03-20,0.11800000071525575
1982-03-21,0.11800000071525575
1982-03-22,0.125
1982-03-23,0.12700000405311584
1982-03-24,0.12700000405311584
1982-03-25,0.12999999523162842
1982-03-26,0.13699999451637268
1982-03-27,0.1420000046491623
1982-03-28,0.1469999998807907
1982-03-29,0.164000004529953
1982-03-30,0.18700000643730166
1982-03-31,0.2179999947547913
1982-04-01,0.2290000021457672
1982-04-02,0.23899999260902405
1982-04-03,0.23899999260902405
1982-04-04,0.2689999938011169
1982-04-05,0.2720000147819519
1982-04-06,0.27799999713897705
1982-04-07,0.27799999713897705
1982-04-08,0.27799999713897705
1982-04-09,0.27799999713897705
1982-04-10,0.3199999928474426
1982-04-11,0.4850000143051148
1982-04-12,0.4850000143051148
1982-04-13,0.4950000047683716
1982-04-14,0.6420000195503235
1982-04-15,0.7160000205039978
1982-04-16,0.6420000195503235
1982-04-17,0.6359999775886536
1982-04-18,0.6359999775886536
1982-04-19,0.6359999775886536
1982-04-20,0.6359999775886536
1982-04-21,0.7160000205039978
1982-04-22,0.7160000205039978
1982-04-23,1.0099999904632568
1982-04-24,1.3899999856948853
1982-04-25,1.1100000143051147
1982-04-26,1.2300000190734863
1982-04-27,1.5199999809265137
1982-04-28,1.820000052452088
1982-04-29,2.640000104904175
1982-04-30,2.2799999713897705
1982-05-01,2.609999895095825
1982-05-02,2.8199999332427983
1982-05-03,3.0
1982-05-04,2.609999895095825
1982-05-05,1.9600000381469729
1982-05-06,1.9600000381469729
1982-05-07,2.640000104904175
1982-05-08,2.799999952316284
1982-05-09,2.799999952316284
1982-05-10,2.640000104904175
1982-05-11,2.640000104904175
1982-05-12,3.150000095367432
1982-05-13,3.2000000476837163
1982-05-14,3.380000114440918
1982-05-15,4.139999866485597
1982-05-16,3.900000095367432
1982-05-17,4.139999866485597
1982-05-18,4.71999979019165
1982-05-19,4.0
1982-05-20,3.5299999713897705
1982-05-21,3.690000057220459
1982-05-22,3.829999923706055
1982-05-23,3.990000009536743
1982-05-24,3.690000057220459
1982-05-25,4.199999809265137
1982-05-26,3.829999923706055
1982-05-27,3.1800000667572017
1982-05-28,3.0299999713897705
1982-05-29,2.880000114440918
1982-05-30,2.5699999332427983
1982-05-31,2.720000028610229
1982-06-01,2.720000028610229
1982-06-02,2.880000114440918
1982-06-03,2.880000114440918
1982-06-04,2.900000095367432
1982-06-05,2.720000028610229
1982-06-06,2.4300000667572017
1982-06-07,2.1600000858306885
1982-06-08,2.1300001144409184
1982-06-09,1.8899999856948853
1982-06-10,1.8899999856948853
1982-06-11,1.8899999856948853
1982-06-12,1.8899999856948853
1982-06-13,2.0
1982-06-14,2.1199998855590816
1982-06-15,2.1199998855590816
1982-06-16,2.0
1982-06-17,1.7799999713897705
1982-06-18,1.6399999856948853
1982-06-19,1.4500000476837158
1982-06-20,1.350000023841858
1982-06-21,1.2599999904632568
1982-06-22,1.2599999904632568
1982-06-23,1.2400000095367432
1982-06-24,1.0800000429153442
1982-06-25,0.99099999666214
1982-06-26,0.8980000019073486
1982-06-27,1.2599999904632568
1982-06-28,1.0800000429153442
1982-06-29,0.984000027179718
1982-06-30,1.2400000095367432
1982-07-01,1.149999976158142
1982-07-02,1.2599999904632568
1982-07-03,1.5399999618530271
1982-07-04,1.5399999618530271
1982-07-05,2.009999990463257
1982-07-06,1.6399999856948853
1982-07-07,1.3600000143051147
1982-07-08,1.2599999904632568
1982-07-09,1.2400000095367432
1982-07-10,1.149999976158142
1982-07-11,0.99099999666214
1982-07-12,0.99099999666214
1982-07-13,0.9039999842643738
1982-07-14,0.984000027179718
1982-07-15,1.149999976158142
1982-07-16,1.149999976158142
1982-07-17,1.0700000524520874
1982-07-18,0.984000027179718
1982-07-19,0.8980000019073486
1982-07-20,0.8980000019073486
1982-07-21,1.2400000095367432
1982-07-22,0.99099999666214
1982-07-23,0.8980000019073486
1982-07-24,0.8280000090599059
1982-07-25,0.8280000090599059
1982-07-26,0.7620000243186951
1982-07-27,0.7620000243186951
1982-07-28,0.7049999833106995
1982-07-29,0.6449999809265137
1982-07-30,0.6449999809265137
1982-07-31,0.7620000243186951
1982-08-01,0.6449999809265137
1982-08-02,0.6449999809265137
1982-08-03,0.6349999904632568
1982-08-04,0.6349999904632568
1982-08-05,0.5799999833106995
1982-08-06,0.5699999928474426
1982-08-07,0.5130000114440918
1982-08-08,0.5130000114440918
1982-08-09,0.5130000114440918
1982-08-10,0.5699999928474426
1982-08-11,0.6299999952316284
1982-08-12,0.5130000114440918
1982-08-13,0.6299999952316284
1982-08-14,0.699999988079071
1982-08-15,0.6449999809265137
1982-08-16,0.5699999928474426
1982-08-17,0.5699999928474426
1982-08-18,0.5130000114440918
1982-08-19,0.4629999995231629
1982-08-20,0.4629999995231629
1982-08-21,0.4629999995231629
1982-08-22,0.4539999961853027
1982-08-23,0.4020000100135803
1982-08-24,0.39800000190734863
1982-08-25,0.35600000619888306
1982-08-26,0.31700000166893005
1982-08-27,0.31700000166893005
1982-08-28,0.2750000059604645
1982-08-29,0.2750000059604645
1982-08-30,0.2750000059604645
1982-08-31,0.2750000059604645
1982-09-01,0.2329999953508377
1982-09-02,0.2329999953508377
1982-09-03,0.2370000034570694
1982-09-04,0.2689999938011169
1982-09-05,0.3199999928474426
1982-09-06,0.2720000147819519
1982-09-07,0.2689999938011169
1982-09-08,0.2370000034570694
1982-09-09,0.2119999974966049
1982-09-10,0.2370000034570694
1982-09-11,0.2370000034570694
1982-09-12,0.27799999713897705
1982-09-13,0.27799999713897705
1982-09-14,0.2689999938011169
1982-09-15,0.2370000034570694
1982-09-16,0.2370000034570694
1982-09-17,0.2119999974966049
1982-09-18,0.2119999974966049
1982-09-19,0.1940000057220459
1982-09-20,0.1940000057220459
1982-09-21,0.1940000057220459
1982-09-22,0.1770000010728836
1982-09-23,0.1770000010728836
1982-09-24,0.17499999701976776
1982-09-25,0.17499999701976776
1982-09-26,0.2370000034570694
1982-09-27,0.2689999938011169
1982-09-28,0.27799999713897705
1982-09-29,0.2370000034570694
1982-09-30,0.2119999974966049
1982-10-01,0.1940000057220459
1982-10-02,0.1940000057220459
1982-10-03,0.1940000057220459
1982-10-04,0.1940000057220459
1982-10-05,0.17499999701976776
1982-10-06,0.17499999701976776
1982-10-07,0.17599999904632568
1982-10-08,0.17599999904632568
1982-10-09,0.17499999701976776
1982-10-10,0.17499999701976776
1982-10-11,0.17499999701976776
1982-10-12,0.17499999701976776
1982-10-13,0.17499999701976776
1982-10-14,0.17499999701976776
1982-10-15,0.17399999499320984
1982-10-16,0.17499999701976776
1982-10-17,0.17599999904632568
1982-10-18,0.17599999904632568
1982-10-19,0.16300000250339508
1982-10-20,0.15199999511241913
1982-10-21,0.17599999904632568
1982-10-22,0.16599999368190765
1982-10-23,0.16599999368190765
1982-10-24,0.27799999713897705
1982-10-25,0.27799999713897705
1982-10-26,0.3199999928474426
1982-10-27,0.3199999928474426
1982-10-28,0.27799999713897705
1982-10-29,0.3199999928474426
1982-10-30,0.3199999928474426
1982-10-31,0.3199999928474426
1982-11-01,0.3199999928474426
1982-11-02,0.3199999928474426
1982-11-03,0.3199999928474426
1982-11-04,0.3199999928474426
1982-11-05,0.3199999928474426
1982-11-06,0.3199999928474426
1982-11-07,0.3199999928474426
1982-11-08,0.3199999928474426
1982-11-09,0.3199999928474426
1982-11-10,0.3199999928474426
1982-11-11,0.27799999713897705
1982-11-12,0.2689999938011169
1982-11-13,0.23899999260902405
1982-11-14,0.2140000015497208
1982-11-15,0.1940000057220459
1982-11-16,0.17599999904632568
1982-11-17,0.17399999499320984
1982-11-18,0.17399999499320984
1982-11-19,0.17399999499320984
1982-11-20,0.16099999845027926
1982-11-21,0.16099999845027926
1982-11-22,0.16099999845027926
1982-11-23,0.15199999511241913
1982-11-24,0.17499999701976776
1982-11-25,0.17499999701976776
1982-11-26,0.15299999713897705
1982-11-27,0.1420000046491623
1982-11-28,0.1420000046491623
1982-11-29,0.1420000046491623
1982-11-30,0.1420000046491623
1982-12-01,0.1420000046491623
1982-12-02,0.1420000046491623
1982-12-03,0.1509999930858612
1982-12-04,0.1420000046491623
1982-12-05,0.1330000013113022
1982-12-06,0.1330000013113022
1982-12-07,0.1330000013113022
1982-12-08,0.1330000013113022
1982-12-09,0.1420000046491623
1982-12-10,0.1420000046491623
1982-12-11,0.1420000046491623
1982-12-12,0.1420000046491623
1982-12-13,0.1330000013113022
1982-12-14,0.1330000013113022
1982-12-15,0.1330000013113022
1982-12-16,0.13099999725818634
1982-12-17,0.13099999725818634
1982-12-18,0.12300000339746475
1982-12-19,0.12300000339746475
1982-12-20,0.12300000339746475
1982-12-21,0.13099999725818634
1982-12-22,0.13099999725818634
1982-12-23,0.13099999725818634
1982-12-24,0.1330000013113022
1982-12-25,0.1330000013113022
1982-12-26,0.1330000013113022
1982-12-27,0.13099999725818634
1982-12-28,0.13099999725818634
1982-12-29,0.12300000339746475
1982-12-30,0.12300000339746475
1982-12-31,0.12300000339746475
1983-01-01,0.1330000013113022
1983-01-02,0.12200000137090684
1983-01-03,0.11299999803304672
1983-01-04,0.11299999803304672
1983-01-05,0.11299999803304672
1983-01-06,0.12200000137090684
1983-01-07,0.12200000137090684
1983-01-08,0.12999999523162842
1983-01-09,0.12999999523162842
1983-01-10,0.12999999523162842
1983-01-11,0.12200000137090684
1983-01-12,0.12999999523162842
1983-01-13,0.12999999523162842
1983-01-14,0.12999999523162842
1983-01-15,0.12200000137090684
1983-01-16,0.1710000038146973
1983-01-17,0.1509999930858612
1983-01-18,0.1509999930858612
1983-01-19,0.1509999930858612
1983-01-20,0.1430000066757202
1983-01-21,0.1430000066757202
1983-01-22,0.1430000066757202
1983-01-23,0.1330000013113022
1983-01-24,0.1330000013113022
1983-01-25,0.1289999932050705
1983-01-26,0.1330000013113022
1983-01-27,0.1330000013113022
1983-01-28,0.1330000013113022
1983-01-29,0.1330000013113022
1983-01-30,0.13199999928474426
1983-01-31,0.13199999928474426
1983-02-01,0.13199999928474426
1983-02-02,0.1330000013113022
1983-02-03,0.13199999928474426
1983-02-04,0.13199999928474426
1983-02-05,0.13199999928474426
1983-02-06,0.1330000013113022
1983-02-07,0.13199999928474426
1983-02-08,0.13199999928474426
1983-02-09,0.13199999928474426
1983-02-10,0.1330000013113022
1983-02-11,0.1330000013113022
1983-02-12,0.1330000013113022
1983-02-13,0.1420000046491623
1983-02-14,0.1420000046491623
1983-02-15,0.1420000046491623
1983-02-16,0.1420000046491623
1983-02-17,0.1420000046491623
1983-02-18,0.16099999845027926
1983-02-19,0.16099999845027926
1983-02-20,0.16099999845027926
1983-02-21,0.1710000038146973
1983-02-22,0.1940000057220459
1983-02-23,0.1940000057220459
1983-02-24,0.22300000488758087
1983-02-25,0.2290000021457672
1983-02-26,0.2290000021457672
1983-02-27,0.2290000021457672
1983-02-28,0.2290000021457672
1983-03-01,0.25200000405311584
1983-03-02,0.35199999809265137
1983-03-03,0.296999990940094
1983-03-04,0.3440000116825104
1983-03-05,0.3440000116825104
1983-03-06,0.3440000116825104
1983-03-07,0.3869999945163727
1983-03-08,0.3869999945163727
1983-03-09,0.3869999945163727
1983-03-10,0.4390000104904175
1983-03-11,1.3799999952316284
1983-03-12,1.3799999952316284
1983-03-13,1.3799999952316284
1983-03-14,1.3799999952316284
1983-03-15,1.2400000095367432
1983-03-16,1.2400000095367432
1983-03-17,1.2400000095367432
1983-03-18,1.2400000095367432
1983-03-19,1.2400000095367432
1983-03-20,1.2400000095367432
1983-03-21,1.2400000095367432
1983-03-22,1.1200000047683716
1983-03-23,1.2400000095367432
1983-03-24,1.1100000143051147
1983-03-25,1.1100000143051147
1983-03-26,1.2300000190734863
1983-03-27,1.2300000190734863
1983-03-28,1.2300000190734863
1983-03-29,1.2300000190734863
1983-03-30,1.2300000190734863
1983-03-31,1.2300000190734863
1983-04-01,1.2300000190734863
1983-04-02,1.350000023841858
1983-04-03,1.350000023841858
1983-04-04,1.350000023841858
1983-04-05,1.350000023841858
1983-04-06,1.3799999952316284
1983-04-07,1.3799999952316284
1983-04-08,1.649999976158142
1983-04-09,1.649999976158142
1983-04-10,1.5199999809265137
1983-04-11,1.3799999952316284
1983-04-12,1.3799999952316284
1983-04-13,1.3799999952316284
1983-04-14,1.3799999952316284
1983-04-15,1.3799999952316284
1983-04-16,1.3799999952316284
1983-04-17,1.3799999952316284
1983-04-18,1.2300000190734863
1983-04-19,1.3799999952316284
1983-04-20,1.3799999952316284
1983-04-21,1.6399999856948853
1983-04-22,1.6399999856948853
1983-04-23,3.7200000286102295
1983-04-24,4.940000057220459
1983-04-25,5.599999904632568
1983-04-26,4.820000171661377
1983-04-27,4.739999771118164
1983-04-28,4.699999809265137
1983-04-29,4.570000171661377
1983-04-30,4.480000019073486
1983-05-01,4.579999923706055
1983-05-02,4.800000190734863
1983-05-03,4.800000190734863
1983-05-04,4.599999904632568
1983-05-05,4.269999980926514
1983-05-06,4.199999809265137
1983-05-07,4.400000095367432
1983-05-08,4.179999828338623
1983-05-09,3.869999885559082
1983-05-10,3.5899999141693115
1983-05-11,3.299999952316284
1983-05-12,3.220000028610228
1983-05-13,3.2699999809265137
1983-05-14,3.299999952316284
1983-05-15,3.3199999332427983
1983-05-16,3.4200000762939453
1983-05-17,3.369999885559082
1983-05-18,3.2000000476837163
1983-05-19,3.2000000476837163
1983-05-20,3.220000028610228
1983-05-21,3.359999895095825
1983-05-22,3.4500000476837163
1983-05-23,3.650000095367432
1983-05-24,3.700000047683716
1983-05-25,4.0
1983-05-26,3.859999895095825
1983-05-27,3.740000009536743
1983-05-28,3.700000047683716
1983-05-29,3.799999952316284
1983-05-30,3.5
1983-05-31,2.880000114440918
1983-06-01,1.809999942779541
1983-06-02,1.809999942779541
1983-06-03,1.809999942779541
1983-06-04,1.809999942779541
1983-06-05,1.809999942779541
1983-06-06,1.809999942779541
1983-06-07,1.809999942779541
1983-06-08,1.6599999666213991
1983-06-09,1.2899999618530271
1983-06-10,1.190000057220459
1983-06-11,1.190000057220459
1983-06-12,1.0499999523162842
1983-06-13,0.9539999961853028
1983-06-14,0.9200000166893004
1983-06-15,1.0499999523162842
1983-06-16,1.0499999523162842
1983-06-17,1.149999976158142
1983-06-18,1.149999976158142
1983-06-19,1.149999976158142
1983-06-20,1.2599999904632568
1983-06-21,1.2599999904632568
1983-06-22,1.0499999523162842
1983-06-23,0.8709999918937683
1983-06-24,0.8709999918937683
1983-06-25,0.8709999918937683
1983-06-26,0.8709999918937683
1983-06-27,0.7739999890327454
1983-06-28,0.7739999890327454
1983-06-29,0.7739999890327454
1983-06-30,0.7020000219345093
1983-07-01,0.7020000219345093
1983-07-02,0.7020000219345093
1983-07-03,0.7020000219345093
1983-07-04,0.7020000219345093
1983-07-05,0.7020000219345093
1983-07-06,0.7020000219345093
1983-07-07,0.7020000219345093
1983-07-08,0.7020000219345093
1983-07-09,0.6349999904632568
1983-07-10,0.6349999904632568
1983-07-11,0.7020000219345093
1983-07-12,0.7020000219345093
1983-07-13,0.7020000219345093
1983-07-14,0.7020000219345093
1983-07-15,0.7020000219345093
1983-07-16,0.7020000219345093
1983-07-17,0.7020000219345093
1983-07-18,0.7020000219345093
1983-07-19,0.6349999904632568
1983-07-20,0.6349999904632568
1983-07-21,0.4539999961853027
1983-07-22,0.6349999904632568
1983-07-23,0.6349999904632568
1983-07-24,0.6349999904632568
1983-07-25,0.6349999904632568
1983-07-26,0.6349999904632568
1983-07-27,0.7020000219345093
1983-07-28,0.7020000219345093
1983-07-29,0.6349999904632568
1983-07-30,0.6349999904632568
1983-07-31,0.5189999938011169
1983-08-01,0.4580000042915344
1983-08-02,0.4580000042915344
1983-08-03,0.4580000042915344
1983-08-04,0.31700000166893005
1983-08-05,0.31700000166893005
1983-08-06,0.31700000166893005
1983-08-07,0.31700000166893005
1983-08-08,0.2809999883174896
1983-08-09,0.2809999883174896
1983-08-10,0.2809999883174896
1983-08-11,0.31700000166893005
1983-08-12,0.31700000166893005
1983-08-13,0.31700000166893005
1983-08-14,0.31700000166893005
1983-08-15,0.2809999883174896
1983-08-16,0.2809999883174896
1983-08-17,0.2809999883174896
1983-08-18,0.24799999594688416
1983-08-19,0.24799999594688416
1983-08-20,0.24799999594688416
1983-08-21,0.24799999594688416
1983-08-22,0.2179999947547913
1983-08-23,0.2179999947547913
1983-08-24,0.193000003695488
1983-08-25,0.193000003695488
1983-08-26,0.193000003695488
1983-08-27,0.193000003695488
1983-08-28,0.193000003695488
1983-08-29,0.193000003695488
1983-08-30,0.193000003695488
1983-08-31,0.193000003695488
1983-09-01,0.193000003695488
1983-09-02,0.24799999594688416
1983-09-03,0.24799999594688416
1983-09-04,0.2809999883174896
1983-09-05,0.2809999883174896
1983-09-06,0.2930000126361847
1983-09-07,0.2809999883174896
1983-09-08,0.25999999046325684
1983-09-09,0.25999999046325684
1983-09-10,0.2549999952316284
1983-09-11,0.25999999046325684
1983-09-12,0.39800000190734863
1983-09-13,0.39399999380111694
1983-09-14,0.2809999883174896
1983-09-15,0.22300000488758087
1983-09-16,0.2509999871253968
1983-09-17,0.2509999871253968
1983-09-18,0.239999994635582
1983-09-19,0.2179999947547913
1983-09-20,0.2179999947547913
1983-09-21,0.2179999947547913
1983-09-22,0.2169999927282333
1983-09-23,0.2119999974966049
1983-09-24,0.17299999296665192
1983-09-25,0.1710000038146973
1983-09-26,0.17000000178813934
1983-09-27,0.16899999976158142
1983-09-28,0.16200000047683716
1983-09-29,0.1599999964237213
1983-09-30,0.15800000727176666
1983-10-01,0.15700000524520874
1983-10-02,0.1550000011920929
1983-10-03,0.15000000596046448
1983-10-04,0.15000000596046448
1983-10-05,0.14399999380111694
1983-10-06,0.1420000046491623
1983-10-07,0.1420000046491623
1983-10-08,0.14100000262260434
1983-10-09,0.13600000739097595
1983-10-10,0.13600000739097595
1983-10-11,0.13600000739097595
1983-10-12,0.13500000536441806
1983-10-13,0.13500000536441806
1983-10-14,0.1330000013113022
1983-10-15,0.1330000013113022
1983-10-16,0.12800000607967374
1983-10-17,0.12800000607967374
1983-10-18,0.1379999965429306
1983-10-19,0.13699999451637268
1983-10-20,0.1379999965429306
1983-10-21,0.14399999380111694
1983-10-22,0.14399999380111694
1983-10-23,0.1420000046491623
1983-10-24,0.1340000033378601
1983-10-25,0.1330000013113022
1983-10-26,0.1330000013113022
1983-10-27,0.1330000013113022
1983-10-28,0.1330000013113022
1983-10-29,0.12600000202655792
1983-10-30,0.125
1983-10-31,0.13699999451637268
1983-11-01,0.15000000596046448
1983-11-02,0.1679999977350235
1983-11-03,0.15800000727176666
1983-11-04,0.16500000655651093
1983-11-05,0.16099999845027926
1983-11-06,0.15299999713897705
1983-11-07,0.1449999958276749
1983-11-08,0.1449999958276749
1983-11-09,0.1420000046491623
1983-11-10,0.13699999451637268
1983-11-11,0.1449999958276749
1983-11-12,0.14399999380111694
1983-11-13,0.1449999958276749
1983-11-14,0.14900000393390656
1983-11-15,0.16899999976158142
1983-11-16,0.17499999701976776
1983-11-17,0.2119999974966049
1983-11-18,0.2119999974966049
1983-11-19,0.2119999974966049
1983-11-20,0.1899999976158142
1983-11-21,0.16899999976158142
1983-11-22,0.16899999976158142
1983-11-23,0.16899999976158142
1983-11-24,0.16599999368190765
1983-11-25,0.17000000178813934
1983-11-26,0.1899999976158142
1983-11-27,0.1899999976158142
1983-11-28,0.16899999976158142
1983-11-29,0.15000000596046448
1983-11-30,0.15299999713897705
1983-12-01,0.11100000143051147
1983-12-02,0.11100000143051147
1983-12-03,0.12700000405311584
1983-12-04,0.11900000274181365
1983-12-05,0.1340000033378601
1983-12-06,0.12600000202655792
1983-12-07,0.11900000274181365
1983-12-08,0.1379999965429306
1983-12-09,0.1289999932050705
1983-12-10,0.13699999451637268
1983-12-11,0.1459999978542328
1983-12-12,0.15399999916553495
1983-12-13,0.1459999978542328
1983-12-14,0.1459999978542328
1983-12-15,0.1420000046491623
1983-12-16,0.13699999451637268
1983-12-17,0.12600000202655792
1983-12-18,0.11900000274181365
1983-12-19,0.11500000208616255
1983-12-20,0.11400000005960464
1983-12-21,0.11299999803304672
1983-12-22,0.1120000034570694
1983-12-23,0.11100000143051147
1983-12-24,0.10999999940395357
1983-12-25,0.10899999737739564
1983-12-26,0.1080000028014183
1983-12-27,0.10700000077486037
1983-12-28,0.10599999874830246
1983-12-29,0.10499999672174454
1983-12-30,0.10300000011920928
1983-12-31,0.10199999809265137
1984-01-01,0.10199999809265137
1984-01-02,0.10700000077486037
1984-01-03,0.1120000034570694
1984-01-04,0.1169999986886978
1984-01-05,0.119999997317791
1984-01-06,0.12200000137090684
1984-01-07,0.12399999797344208
1984-01-08,0.12600000202655792
1984-01-09,0.12800000607967374
1984-01-10,0.12700000405311584
1984-01-11,0.12600000202655792
1984-01-12,0.12600000202655792
1984-01-13,0.12600000202655792
1984-01-14,0.13699999451637268
1984-01-15,0.13699999451637268
1984-01-16,0.1289999932050705
1984-01-17,0.12700000405311584
1984-01-18,0.1289999932050705
1984-01-19,0.119999997317791
1984-01-20,0.11900000274181365
1984-01-21,0.1120000034570694
1984-01-22,0.1120000034570694
1984-01-23,0.1120000034570694
1984-01-24,0.11800000071525575
1984-01-25,0.11900000274181365
1984-01-26,0.11900000274181365
1984-01-27,0.1120000034570694
1984-01-28,0.12800000607967374
1984-01-29,0.1289999932050705
1984-01-30,0.119999997317791
1984-01-31,0.11900000274181365
1984-02-01,0.11900000274181365
1984-02-02,0.11800000071525575
1984-02-03,0.11900000274181365
1984-02-04,0.1120000034570694
1984-02-05,0.1120000034570694
1984-02-06,0.1120000034570694
1984-02-07,0.1120000034570694
1984-02-08,0.11900000274181365
1984-02-09,0.11900000274181365
1984-02-10,0.11800000071525575
1984-02-11,0.1120000034570694
1984-02-12,0.1120000034570694
1984-02-13,0.1120000034570694
1984-02-14,0.1120000034570694
1984-02-15,0.1120000034570694
1984-02-16,0.1120000034570694
1984-02-17,0.1120000034570694
1984-02-18,0.1120000034570694
1984-02-19,0.1120000034570694
1984-02-20,0.1120000034570694
1984-02-21,0.1120000034570694
1984-02-22,0.1120000034570694
1984-02-23,0.1120000034570694
1984-02-24,0.1120000034570694
1984-02-25,0.11100000143051147
1984-02-26,0.11100000143051147
1984-02-27,0.1040000021457672
1984-02-28,0.1120000034570694
1984-02-29,0.1120000034570694
1984-03-01,0.11100000143051147
1984-03-02,0.11100000143051147
1984-03-03,0.11100000143051147
1984-03-04,0.11100000143051147
1984-03-05,0.11100000143051147
1984-03-06,0.11100000143051147
1984-03-07,0.11100000143051147
1984-03-08,0.1120000034570694
1984-03-09,0.1120000034570694
1984-03-10,0.119999997317791
1984-03-11,0.12999999523162842
1984-03-12,0.15199999511241913
1984-03-13,0.1550000011920929
1984-03-14,0.15800000727176666
1984-03-15,0.15800000727176666
1984-03-16,0.1679999977350235
1984-03-17,0.2150000035762787
1984-03-18,0.2179999947547913
1984-03-19,0.2179999947547913
1984-03-20,0.23199999332427976
1984-03-21,0.3479999899864197
1984-03-22,0.35899999737739563
1984-03-23,0.5040000081062317
1984-03-24,0.6890000104904175
1984-03-25,0.7850000262260437
1984-03-26,0.7509999871253967
1984-03-27,0.7820000052452087
1984-03-28,0.8209999799728394
1984-03-29,0.8519999980926514
1984-03-30,0.9539999961853028
1984-03-31,0.9879999756813048
1984-04-01,0.9369999766349792
1984-04-02,0.9449999928474426
1984-04-03,0.9449999928474426
1984-04-04,0.9449999928474426
1984-04-05,1.0399999618530271
1984-04-06,1.1399999856948853
1984-04-07,1.0399999618530271
1984-04-08,1.1399999856948853
1984-04-09,1.2300000190734863
1984-04-10,1.2300000190734863
1984-04-11,1.1399999856948853
1984-04-12,1.0399999618530271
1984-04-13,1.0399999618530271
1984-04-14,1.2000000476837158
1984-04-15,1.3899999856948853
1984-04-16,1.4500000476837158
1984-04-17,1.4900000095367432
1984-04-18,1.4500000476837158
1984-04-19,1.4500000476837158
1984-04-20,1.4500000476837158
1984-04-21,1.4500000476837158
1984-04-22,1.4099999666213991
1984-04-23,1.3899999856948853
1984-04-24,1.2899999618530271
1984-04-25,1.2300000190734863
1984-04-26,1.2300000190734863
1984-04-27,1.2000000476837158
1984-04-28,1.2000000476837158
1984-04-29,1.1399999856948853
1984-04-30,1.1399999856948853
1984-05-01,1.1399999856948853
1984-05-02,1.0399999618530271
1984-05-03,0.9629999995231628
1984-05-04,0.9449999928474426
1984-05-05,0.9449999928474426
1984-05-06,0.9449999928474426
1984-05-07,0.9449999928474426
1984-05-08,1.0199999809265137
1984-05-09,1.0199999809265137
1984-05-10,1.0199999809265137
1984-05-11,1.0199999809265137
1984-05-12,1.0199999809265137
1984-05-13,0.9449999928474426
1984-05-14,1.1399999856948853
1984-05-15,1.4500000476837158
1984-05-16,1.3400000333786009
1984-05-17,1.3400000333786009
1984-05-18,1.4500000476837158
1984-05-19,1.4500000476837158
1984-05-20,1.919999957084656
1984-05-21,1.919999957084656
1984-05-22,1.4500000476837158
1984-05-23,2.049999952316284
1984-05-24,2.049999952316284
1984-05-25,2.0199999809265137
1984-05-26,1.559999942779541
1984-05-27,1.7999999523162842
1984-05-28,1.7999999523162842
1984-05-29,1.919999957084656
1984-05-30,2.309999942779541
1984-05-31,2.309999942779541
1984-06-01,2.359999895095825
1984-06-02,2.1400001049041752
1984-06-03,1.9800000190734863
1984-06-04,1.8600000143051147
1984-06-05,2.1700000762939453
1984-06-06,2.400000095367432
1984-06-07,2.630000114440918
1984-06-08,2.740000009536743
1984-06-09,3.140000104904175
1984-06-10,2.650000095367432
1984-06-11,2.4600000381469727
1984-06-12,2.559999942779541
1984-06-13,2.6600000858306885
1984-06-14,2.619999885559082
1984-06-15,2.630000114440918
1984-06-16,2.4800000190734863
1984-06-17,1.8400000333786009
1984-06-18,1.850000023841858
1984-06-19,1.7400000095367432
1984-06-20,1.5099999904632568
1984-06-21,1.4199999570846558
1984-06-22,1.4299999475479126
1984-06-23,1.440000057220459
1984-06-24,1.4500000476837158
1984-06-25,1.4600000381469729
1984-06-26,1.3600000143051147
1984-06-27,1.2599999904632568
1984-06-28,1.2799999713897705
1984-06-29,1.2899999618530271
1984-06-30,1.4099999666213991
1984-07-01,1.5299999713897705
1984-07-02,1.5399999618530271
1984-07-03,1.3300000429153442
1984-07-04,1.1399999856948853
1984-07-05,1.0599999427795408
1984-07-06,1.0700000524520874
1984-07-07,0.9789999723434448
1984-07-08,0.9879999756813048
1984-07-09,0.8220000267028809
1984-07-10,0.8289999961853027
1984-07-11,0.6100000143051147
1984-07-12,0.5799999833106995
1984-07-13,0.5799999833106995
1984-07-14,0.5799999833106995
1984-07-15,0.5799999833106995
1984-07-16,0.5799999833106995
1984-07-17,0.5799999833106995
1984-07-18,0.5799999833106995
1984-07-19,0.5799999833106995
1984-07-20,0.5799999833106995
1984-07-21,0.5799999833106995
1984-07-22,0.5799999833106995
1984-07-23,0.4740000069141388
1984-07-24,0.3619999885559082
1984-07-25,0.3479999899864197
1984-07-26,0.3479999899864197
1984-07-27,0.3479999899864197
1984-07-28,0.3109999895095825
1984-07-29,0.3109999895095825
1984-07-30,0.3109999895095825
1984-07-31,0.239999994635582
1984-08-01,0.27799999713897705
1984-08-02,0.27799999713897705
1984-08-03,0.24699999392032626
1984-08-04,0.24699999392032626
1984-08-05,0.2419999986886978
1984-08-06,0.2370000034570694
1984-08-07,0.23499999940395355
1984-08-08,0.23499999940395355
1984-08-09,0.2199999988079071
1984-08-10,0.2199999988079071
1984-08-11,0.2199999988079071
1984-08-12,0.2199999988079071
1984-08-13,0.5099999904632568
1984-08-14,0.4950000047683716
1984-08-15,0.3899999856948853
1984-08-16,0.23499999940395355
1984-08-17,0.2199999988079071
1984-08-18,0.2199999988079071
1984-08-19,0.2199999988079071
1984-08-20,0.2199999988079071
1984-08-21,0.19699999690055847
1984-08-22,0.19699999690055847
1984-08-23,0.193000003695488
1984-08-24,0.17399999499320984
1984-08-25,0.15700000524520874
1984-08-26,0.15700000524520874
1984-08-27,0.2899999916553497
1984-08-28,0.27799999713897705
1984-08-29,0.2199999988079071
1984-08-30,0.2199999988079071
1984-08-31,0.17599999904632568
1984-09-01,0.15700000524520874
1984-09-02,0.15700000524520874
1984-09-03,0.15700000524520874
1984-09-04,0.1550000011920929
1984-09-05,0.1550000011920929
1984-09-06,0.6150000095367432
1984-09-07,0.2930000126361847
1984-09-08,0.2199999988079071
1984-09-09,0.19699999690055847
1984-09-10,0.11800000071525575
1984-09-11,0.1459999978542328
1984-09-12,0.14399999380111694
1984-09-13,0.1430000066757202
1984-09-14,0.14000000059604645
1984-09-15,0.13099999725818634
1984-09-16,0.12399999797344208
1984-09-17,0.11900000274181365
1984-09-18,0.1120000034570694
1984-09-19,0.11100000143051147
1984-09-20,0.11400000005960464
1984-09-21,0.164000004529953
1984-09-22,0.1289999932050705
1984-09-23,0.119999997317791
1984-09-24,0.11900000274181365
1984-09-25,0.1120000034570694
1984-09-26,0.11100000143051147
1984-09-27,0.1040000021457672
1984-09-28,0.1040000021457672
1984-09-29,0.09700000286102296
1984-09-30,0.09700000286102296
1984-10-01,0.09700000286102296
1984-10-02,0.09700000286102296
1984-10-03,0.09200000017881392
1984-10-04,0.09200000017881392
1984-10-05,0.09000000357627869
1984-10-06,0.09000000357627869
1984-10-07,0.08799999952316284
1984-10-08,0.08799999952316284
1984-10-09,0.08299999684095383
1984-10-10,0.08100000023841858
1984-10-11,0.0949999988079071
1984-10-12,0.09200000017881392
1984-10-13,0.09000000357627869
1984-10-14,0.09000000357627869
1984-10-15,0.08799999952316284
1984-10-16,0.0949999988079071
1984-10-17,0.1040000021457672
1984-10-18,0.09300000220537186
1984-10-19,0.09200000017881392
1984-10-20,0.09200000017881392
1984-10-21,0.09000000357627869
1984-10-22,0.08799999952316284
1984-10-23,0.08799999952316284
1984-10-24,0.1040000021457672
1984-10-25,0.1040000021457672
1984-10-26,0.1040000021457672
1984-10-27,0.09000000357627869
1984-10-28,0.08799999952316284
1984-10-29,0.08299999684095383
1984-10-30,0.08100000023841858
1984-10-31,0.08399999886751175
1984-11-01,0.09000000357627869
1984-11-02,0.09600000083446504
1984-11-03,0.0860000029206276
1984-11-04,0.07699999958276749
1984-11-05,0.08100000023841858
1984-11-06,0.08100000023841858
1984-11-07,0.07900000363588333
1984-11-08,0.07800000160932541
1984-11-09,0.07699999958276749
1984-11-10,0.07400000095367433
1984-11-11,0.07400000095367433
1984-11-12,0.07199999690055847
1984-11-13,0.1289999932050705
1984-11-14,0.119999997317791
1984-11-15,0.1040000021457672
1984-11-16,0.09000000357627869
1984-11-17,0.09000000357627869
1984-11-18,0.09300000220537186
1984-11-19,0.09200000017881392
1984-11-20,0.09399999678134917
1984-11-21,0.09399999678134917
1984-11-22,0.09200000017881392
1984-11-23,0.09200000017881392
1984-11-24,0.09000000357627869
1984-11-25,0.08799999952316284
1984-11-26,0.08799999952316284
1984-11-27,0.0860000029206276
1984-11-28,0.0860000029206276
1984-11-29,0.08500000089406967
1984-11-30,0.08299999684095383
1984-12-01,0.08100000023841858
1984-12-02,0.08100000023841858
1984-12-03,0.08100000023841858
1984-12-04,0.07599999755620956
1984-12-05,0.07199999690055847
1984-12-06,0.08100000023841858
1984-12-07,0.08799999952316284
1984-12-08,0.08699999749660492
1984-12-09,0.0820000022649765
1984-12-10,0.08100000023841858
1984-12-11,0.07699999958276749
1984-12-12,0.08100000023841858
1984-12-13,0.07900000363588333
1984-12-14,0.08100000023841858
1984-12-15,0.07699999958276749
1984-12-16,0.07800000160932541
1984-12-17,0.07100000232458115
1984-12-18,0.07100000232458115
1984-12-19,0.07199999690055847
1984-12-20,0.07199999690055847
1984-12-21,0.0729999989271164
1984-12-22,0.07400000095367433
1984-12-23,0.07699999958276749
1984-12-24,0.07500000298023224
1984-12-25,0.07400000095367433
1984-12-26,0.07400000095367433
1984-12-27,0.07400000095367433
1984-12-28,0.0729999989271164
1984-12-29,0.07100000232458115
1984-12-30,0.07000000029802322
1984-12-31,0.06800000369548798
1985-01-01,0.0689999982714653
1985-01-02,0.07000000029802322
1985-01-03,0.07000000029802322
1985-01-04,0.07400000095367433
1985-01-05,0.06700000166893005
1985-01-06,0.06700000166893005
1985-01-07,0.06599999964237213
1985-01-08,0.06599999964237213
1985-01-09,0.06599999964237213
1985-01-10,0.06599999964237213
1985-01-11,0.06400000303983687
1985-01-12,0.06400000303983687
1985-01-13,0.06400000303983687
1985-01-14,0.06400000303983687
1985-01-15,0.06400000303983687
1985-01-16,0.06400000303983687
1985-01-17,0.06400000303983687
1985-01-18,0.06400000303983687
1985-01-19,0.06400000303983687
1985-01-20,0.06400000303983687
1985-01-21,0.06400000303983687
1985-01-22,0.06400000303983687
1985-01-23,0.06400000303983687
1985-01-24,0.059999998658895486
1985-01-25,0.059999998658895486
1985-01-26,0.059999998658895486
1985-01-27,0.059999998658895486
1985-01-28,0.05700000002980232
1985-01-29,0.0560000017285347
1985-01-30,0.054999999701976776
1985-01-31,0.054999999701976776
1985-02-01,0.054999999701976776
1985-02-02,0.054999999701976776
1985-02-03,0.054999999701976776
1985-02-04,0.05400000140070915
1985-02-05,0.05400000140070915
1985-02-06,0.054999999701976776
1985-02-07,0.05700000002980232
1985-02-08,0.059000000357627876
1985-02-09,0.059999998658895486
1985-02-10,0.059999998658895486
1985-02-11,0.059999998658895486
1985-02-12,0.059000000357627876
1985-02-13,0.05299999937415123
1985-02-14,0.05299999937415123
1985-02-15,0.05799999833106995
1985-02-16,0.05700000002980232
1985-02-17,0.05700000002980232
1985-02-18,0.05299999937415123
1985-02-19,0.05299999937415123
1985-02-20,0.05299999937415123
1985-02-21,0.05299999937415123
1985-02-22,0.05299999937415123
1985-02-23,0.05299999937415123
1985-02-24,0.05299999937415123
1985-02-25,0.05299999937415123
1985-02-26,0.05299999937415123
1985-02-27,0.05299999937415123
1985-02-28,0.05299999937415123
1985-03-01,0.05400000140070915
1985-03-02,0.05299999937415123
1985-03-03,0.05299999937415123
1985-03-04,0.05299999937415123
1985-03-05,0.05299999937415123
1985-03-06,0.05299999937415123
1985-03-07,0.05299999937415123
1985-03-08,0.052000001072883606
1985-03-09,0.052000001072883606
1985-03-10,0.052000001072883606
1985-03-11,0.052000001072883606
1985-03-12,0.052000001072883606
1985-03-13,0.052000001072883606
1985-03-14,0.052000001072883606
1985-03-15,0.052000001072883606
1985-03-16,0.052000001072883606
1985-03-17,0.05299999937415123
1985-03-18,0.05299999937415123
1985-03-19,0.05299999937415123
1985-03-20,0.05700000002980232
1985-03-21,0.05700000002980232
1985-03-22,0.05799999833106995
1985-03-23,0.05799999833106995
1985-03-24,0.059000000357627876
1985-03-25,0.059999998658895486
1985-03-26,0.059999998658895486
1985-03-27,0.061000000685453415
1985-03-28,0.06400000303983687
1985-03-29,0.06400000303983687
1985-03-30,0.06400000303983687
1985-03-31,0.06599999964237213
1985-04-01,0.06700000166893005
1985-04-02,0.07900000363588333
1985-04-03,0.13600000739097595
1985-04-04,0.13699999451637268
1985-04-05,0.13600000739097595
1985-04-06,0.13600000739097595
1985-04-07,0.16599999368190765
1985-04-08,0.1679999977350235
1985-04-09,0.2939999997615814
1985-04-10,0.32899999618530273
1985-04-11,0.6480000019073486
1985-04-12,0.7590000033378601
1985-04-13,1.1799999475479126
1985-04-14,1.100000023841858
1985-04-15,1.1100000143051147
1985-04-16,1.25
1985-04-17,1.3400000333786009
1985-04-18,1.1799999475479126
1985-04-19,0.9940000176429749
1985-04-20,0.975000023841858
1985-04-21,0.9559999704360962
1985-04-22,0.8859999775886536
1985-04-23,0.8859999775886536
1985-04-24,0.8209999799728394
1985-04-25,0.8209999799728394
1985-04-26,0.8209999799728394
1985-04-27,0.7590000033378601
1985-04-28,0.7639999985694885
1985-04-29,0.8209999799728394
1985-04-30,0.8209999799728394
1985-05-01,0.9559999704360962
1985-05-02,0.975000023841858
1985-05-03,1.8600000143051147
1985-05-04,2.039999961853028
1985-05-05,1.559999942779541
1985-05-06,1.6699999570846558
1985-05-07,1.6699999570846558
1985-05-08,1.7799999713897705
1985-05-09,1.7799999713897705
1985-05-10,1.7799999713897705
1985-05-11,1.7799999713897705
1985-05-12,1.7799999713897705
1985-05-13,1.809999942779541
1985-05-14,1.830000042915344
1985-05-15,1.8600000143051147
1985-05-16,2.0299999713897705
1985-05-17,2.309999942779541
1985-05-18,2.309999942779541
1985-05-19,2.309999942779541
1985-05-20,2.309999942779541
1985-05-21,2.309999942779541
1985-05-22,2.309999942779541
1985-05-23,2.309999942779541
1985-05-24,3.5699999332427983
1985-05-25,3.1600000858306885
1985-05-26,3.130000114440918
1985-05-27,1.9900000095367432
1985-05-28,1.8799999952316284
1985-05-29,1.6599999666213991
1985-05-30,1.649999976158142
1985-05-31,1.5700000524520874
1985-06-01,1.4800000190734863
1985-06-02,1.3899999856948853
1985-06-03,1.3899999856948853
1985-06-04,1.3899999856948853
1985-06-05,1.3899999856948853
1985-06-06,1.5700000524520874
1985-06-07,2.220000028610229
1985-06-08,1.8799999952316284
1985-06-09,1.5700000524520874
1985-06-10,1.3899999856948853
1985-06-11,1.1599999666213991
1985-06-12,1.0900000333786009
1985-06-13,1.0099999904632568
1985-06-14,1.0
1985-06-15,0.8740000128746033
1985-06-16,0.8740000128746033
1985-06-17,0.8069999814033508
1985-06-18,0.7440000176429749
1985-06-19,0.7379999756813049
1985-06-20,0.7329999804496765
1985-06-21,0.6769999861717224
1985-06-22,0.6710000038146973
1985-06-23,0.6710000038146973
1985-06-24,0.6660000085830688
1985-06-25,0.6600000262260437
1985-06-26,0.6489999890327454
1985-06-27,0.5450000166893005
1985-06-28,0.5400000214576721
1985-06-29,0.5350000262260437
1985-06-30,0.5299999713897705
1985-07-01,0.5139999985694885
1985-07-02,0.4729999899864197
1985-07-03,0.4469999969005585
1985-07-04,0.4420000016689301
1985-07-05,0.4320000112056732
1985-07-06,0.382999986410141
1985-07-07,0.3779999911785126
1985-07-08,0.37299999594688416
1985-07-09,0.3059999942779541
1985-07-10,0.296999990940094
1985-07-11,0.2879999876022339
1985-07-12,0.27799999713897705
1985-07-13,0.2689999938011169
1985-07-14,0.25200000405311584
1985-07-15,0.23499999940395355
1985-07-16,0.22300000488758087
1985-07-17,0.20600000023841847
1985-07-18,0.1979999989271164
1985-07-19,0.19900000095367432
1985-07-20,0.1979999989271164
1985-07-21,0.19699999690055847
1985-07-22,0.19699999690055847
1985-07-23,0.1979999989271164
1985-07-24,0.23100000619888306
1985-07-25,0.23899999260902405
1985-07-26,0.22499999403953552
1985-07-27,0.20499999821186066
1985-07-28,0.1879999935626984
1985-07-29,0.17399999499320984
1985-07-30,0.1599999964237213
1985-07-31,0.1469999998807907
1985-08-01,0.1850000023841858
1985-08-02,0.25
1985-08-03,0.27300000190734863
1985-08-04,0.19699999690055847
1985-08-05,0.1720000058412552
1985-08-06,0.15000000596046448
1985-08-07,0.12999999523162842
1985-08-08,0.30000001192092896
1985-08-09,0.7200000286102295
1985-08-10,0.7149999737739563
1985-08-11,0.7099999785423279
1985-08-12,0.6899999976158142
1985-08-13,0.25600001215934753
1985-08-14,0.20100000500679016
1985-08-15,0.30000001192092896
1985-08-16,0.30000001192092896
1985-08-17,0.2980000078678131
1985-08-18,0.2949999868869781
1985-08-19,0.2919999957084656
1985-08-20,0.30000001192092896
1985-08-21,0.328000009059906
1985-08-22,0.32499998807907104
1985-08-23,0.30799999833106995
1985-08-24,0.30000001192092896
1985-08-25,0.32499998807907104
1985-08-26,0.3179999887943268
1985-08-27,0.2849999964237213
1985-08-28,0.27399998903274536
1985-08-29,0.2759999930858612
1985-08-30,0.2899999916553497
1985-08-31,0.30799999833106995
1985-09-01,0.328000009059906
1985-09-02,0.3490000069141388
1985-09-03,0.3479999899864197
1985-09-04,0.3400000035762787
1985-09-05,0.3440000116825104
1985-09-06,0.3680000007152557
1985-09-07,0.593999981880188
1985-09-08,0.2639999985694885
1985-09-09,0.25999999046325684
1985-09-10,0.25999999046325684
1985-09-11,0.25999999046325684
1985-09-12,0.23499999940395355
1985-09-13,0.27300000190734863
1985-09-14,0.27799999713897705
1985-09-15,0.4070000052452088
1985-09-16,0.4370000064373016
1985-09-17,0.32499998807907104
1985-09-18,0.32499998807907104
1985-09-19,0.3109999895095825
1985-09-20,0.3019999861717224
1985-09-21,0.27799999713897705
1985-09-22,0.2639999985694885
1985-09-23,0.25600001215934753
1985-09-24,0.25600001215934753
1985-09-25,0.25600001215934753
1985-09-26,0.25200000405311584
1985-09-27,0.24799999594688416
1985-09-28,0.25200000405311584
1985-09-29,0.24799999594688416
1985-09-30,0.2150000035762787
1985-10-01,0.2150000035762787
1985-10-02,0.2150000035762787
1985-10-03,0.20900000631809235
1985-10-04,0.20900000631809235
1985-10-05,0.20600000023841847
1985-10-06,0.3779999911785126
1985-10-07,0.3970000147819519
1985-10-08,0.4070000052452088
1985-10-09,0.421999990940094
1985-10-10,0.421999990940094
1985-10-11,0.4169999957084656
1985-10-12,0.421999990940094
1985-10-13,0.4370000064373016
1985-10-14,0.4370000064373016
1985-10-15,0.4370000064373016
1985-10-16,0.4269999861717224
1985-10-17,0.421999990940094
1985-10-18,0.4120000004768372
1985-10-19,0.3680000007152557
1985-10-20,0.3580000102519989
1985-10-21,0.3580000102519989
1985-10-22,0.32499998807907104
1985-10-23,0.32499998807907104
1985-10-24,0.3199999928474426
1985-10-25,0.3970000147819519
1985-10-26,0.382999986410141
1985-10-27,0.3440000116825104
1985-10-28,0.33000001311302185
1985-10-29,0.32499998807907104
1985-10-30,0.33000001311302185
1985-10-31,0.3199999928474426
1985-11-01,0.3350000083446503
1985-11-02,0.32499998807907104
1985-11-03,0.3350000083446503
1985-11-04,0.3490000069141388
1985-11-05,0.37299999594688416
1985-11-06,0.3680000007152557
1985-11-07,0.5139999985694885
1985-11-08,0.4880000054836273
1985-11-09,0.164000004529953
1985-11-10,0.1550000011920929
1985-11-11,0.1469999998807907
1985-11-12,0.12800000607967374
1985-11-13,0.12800000607967374
1985-11-14,0.12200000137090684
1985-11-15,0.119999997317791
1985-11-16,0.119999997317791
1985-11-17,0.12200000137090684
1985-11-18,0.12200000137090684
1985-11-19,0.12200000137090684
1985-11-20,0.12200000137090684
1985-11-21,0.12200000137090684
1985-11-22,0.12200000137090684
1985-11-23,0.12200000137090684
1985-11-24,0.119999997317791
1985-11-25,0.11900000274181365
1985-11-26,0.11400000005960464
1985-11-27,0.11400000005960464
1985-11-28,0.11900000274181365
1985-11-29,0.12399999797344208
1985-11-30,0.1289999932050705
1985-12-01,0.1340000033378601
1985-12-02,0.13899999856948853
1985-12-03,0.13899999856948853
1985-12-04,0.13899999856948853
1985-12-05,0.13899999856948853
1985-12-06,0.15299999713897705
1985-12-07,0.15199999511241913
1985-12-08,0.15000000596046448
1985-12-09,0.1469999998807907
1985-12-10,0.1469999998807907
1985-12-11,0.1449999958276749
1985-12-12,0.14399999380111694
1985-12-13,0.14399999380111694
1985-12-14,0.13899999856948853
1985-12-15,0.1379999965429306
1985-12-16,0.13699999451637268
1985-12-17,0.13600000739097595
1985-12-18,0.13500000536441806
1985-12-19,0.12999999523162842
1985-12-20,0.12800000607967374
1985-12-21,0.12700000405311584
1985-12-22,0.12600000202655792
1985-12-23,0.12200000137090684
1985-12-24,0.119999997317791
1985-12-25,0.119999997317791
1985-12-26,0.12200000137090684
1985-12-27,0.119999997317791
1985-12-28,0.119999997317791
1985-12-29,0.11900000274181365
1985-12-30,0.11900000274181365
1985-12-31,0.11800000071525575
1986-01-01,0.11400000005960464
1986-01-02,0.11100000143051147
1986-01-03,0.1040000021457672
1986-01-04,0.1040000021457672
1986-01-05,0.10499999672174454
1986-01-06,0.10599999874830246
1986-01-07,0.1080000028014183
1986-01-08,0.11299999803304672
1986-01-09,0.11500000208616255
1986-01-10,0.1169999986886978
1986-01-11,0.1169999986886978
1986-01-12,0.11599999666213988
1986-01-13,0.10899999737739564
1986-01-14,0.10999999940395357
1986-01-15,0.11100000143051147
1986-01-16,0.11100000143051147
1986-01-17,0.1040000021457672
1986-01-18,0.1040000021457672
1986-01-19,0.1040000021457672
1986-01-20,0.1040000021457672
1986-01-21,0.11100000143051147
1986-01-22,0.1120000034570694
1986-01-23,0.1120000034570694
1986-01-24,0.11100000143051147
1986-01-25,0.1120000034570694
1986-01-26,0.11299999803304672
1986-01-27,0.1120000034570694
1986-01-28,0.1120000034570694
1986-01-29,0.1080000028014183
1986-01-30,0.1120000034570694
1986-01-31,0.11100000143051147
1986-02-01,0.1120000034570694
1986-02-02,0.1120000034570694
1986-02-03,0.1120000034570694
1986-02-04,0.11100000143051147
1986-02-05,0.1120000034570694
1986-02-06,0.11100000143051147
1986-02-07,0.10999999940395357
1986-02-08,0.10899999737739564
1986-02-09,0.10599999874830246
1986-02-10,0.10700000077486037
1986-02-11,0.1080000028014183
1986-02-12,0.1080000028014183
1986-02-13,0.1080000028014183
1986-02-14,0.10499999672174454
1986-02-15,0.10599999874830246
1986-02-16,0.1040000021457672
1986-02-17,0.10300000011920928
1986-02-18,0.10199999809265137
1986-02-19,0.10100000351667404
1986-02-20,0.10100000351667404
1986-02-21,0.10300000011920928
1986-02-22,0.10300000011920928
1986-02-23,0.10199999809265137
1986-02-24,0.1120000034570694
1986-02-25,0.11800000071525575
1986-02-26,0.1330000013113022
1986-02-27,0.1420000046491623
1986-02-28,0.15600000321865082
1986-03-01,0.1679999977350235
1986-03-02,0.17800000309944153
1986-03-03,0.1899999976158142
1986-03-04,0.1979999989271164
1986-03-05,0.20100000500679016
1986-03-06,0.2029999941587448
1986-03-07,0.2029999941587448
1986-03-08,0.20600000023841847
1986-03-09,0.2269999980926513
1986-03-10,0.2269999980926513
1986-03-11,0.23100000619888306
1986-03-12,0.3160000145435333
1986-03-13,0.3199999928474426
1986-03-14,0.3199999928474426
1986-03-15,0.32499998807907104
1986-03-16,0.32499998807907104
1986-03-17,0.33000001311302185
1986-03-18,0.33399999141693115
1986-03-19,0.33399999141693115
1986-03-20,0.3869999945163727
1986-03-21,0.4990000128746033
1986-03-22,0.6050000190734863
1986-03-23,0.6769999861717224
1986-03-24,1.0499999523162842
1986-03-25,1.309999942779541
1986-03-26,1.0900000333786009
1986-03-27,0.9419999718666076
1986-03-28,1.0199999809265137
1986-03-29,1.0499999523162842
1986-03-30,1.2000000476837158
1986-03-31,1.3200000524520874
1986-04-01,1.309999942779541
1986-04-02,1.2899999618530271
1986-04-03,1.2000000476837158
1986-04-04,1.1599999666213991
1986-04-05,1.3799999952316284
1986-04-06,1.3899999856948853
1986-04-07,1.5499999523162842
1986-04-08,1.5700000524520874
1986-04-09,1.7699999809265137
1986-04-10,1.8400000333786009
1986-04-11,1.309999942779541
1986-04-12,1.1599999666213991
1986-04-13,1.1599999666213991
1986-04-14,1.1599999666213991
1986-04-15,1.1599999666213991
1986-04-16,1.309999942779541
1986-04-17,1.1799999475479126
1986-04-18,1.1299999952316284
1986-04-19,1.3899999856948853
1986-04-20,1.5
1986-04-21,1.8899999856948853
1986-04-22,1.9700000286102293
1986-04-23,1.8899999856948853
1986-04-24,1.7100000381469729
1986-04-25,1.6399999856948853
1986-04-26,1.5700000524520874
1986-04-27,1.6699999570846558
1986-04-28,1.559999942779541
1986-04-29,1.4199999570846558
1986-04-30,1.4099999666213991
1986-05-01,1.3700000047683716
1986-05-02,1.5700000524520874
1986-05-03,1.6699999570846558
1986-05-04,1.6699999570846558
1986-05-05,1.5700000524520874
1986-05-06,1.6699999570846558
1986-05-07,1.6699999570846558
1986-05-08,1.7699999809265137
1986-05-09,1.6699999570846558
1986-05-10,1.5700000524520874
1986-05-11,1.559999942779541
1986-05-12,1.4199999570846558
1986-05-13,1.4299999475479126
1986-05-14,1.3799999952316284
1986-05-15,1.190000057220459
1986-05-16,1.190000057220459
1986-05-17,1.5700000524520874
1986-05-18,1.870000004768372
1986-05-19,2.1099998950958248
1986-05-20,2.0899999141693115
1986-05-21,1.8899999856948853
1986-05-22,1.870000004768372
1986-05-23,1.7699999809265137
1986-05-24,1.7699999809265137
1986-05-25,2.380000114440918
1986-05-26,3.0899999141693115
1986-05-27,3.240000009536743
1986-05-28,2.1099998950958248
1986-05-29,3.400000095367432
1986-05-30,3.400000095367432
1986-05-31,3.0299999713897705
1986-06-01,2.6600000858306885
1986-06-02,2.380000114440918
1986-06-03,1.870000004768372
1986-06-04,1.6699999570846558
1986-06-05,1.5700000524520874
1986-06-06,1.4199999570846558
1986-06-07,1.2799999713897705
1986-06-08,1.190000057220459
1986-06-09,1.100000023841858
1986-06-10,1.0099999904632568
1986-06-11,1.0099999904632568
1986-06-12,0.9879999756813048
1986-06-13,0.9269999861717224
1986-06-14,0.9039999842643738
1986-06-15,0.8429999947547913
1986-06-16,0.7620000243186951
1986-06-17,0.7549999952316284
1986-06-18,0.7549999952316284
1986-06-19,1.2799999713897705
1986-06-20,1.0099999904632568
1986-06-21,0.9879999756813048
1986-06-22,0.7549999952316284
1986-06-23,0.7549999952316284
1986-06-24,0.6359999775886536
1986-06-25,0.6359999775886536
1986-06-26,0.6010000109672546
1986-06-27,0.6399999856948853
1986-06-28,0.6800000071525574
1986-06-29,0.7200000286102295
1986-06-30,0.7549999952316284
1986-07-01,0.7549999952316284
1986-07-02,0.7549999952316284
1986-07-03,0.7549999952316284
1986-07-04,0.6359999775886536
1986-07-05,0.621999979019165
1986-07-06,0.621999979019165
1986-07-07,0.621999979019165
1986-07-08,0.6010000109672546
1986-07-09,0.5820000171661377
1986-07-10,0.5619999766349792
1986-07-11,0.5490000247955322
1986-07-12,0.5299999713897705
1986-07-13,0.5299999713897705
1986-07-14,0.5490000247955322
1986-07-15,0.6010000109672546
1986-07-16,0.6010000109672546
1986-07-17,0.5820000171661377
1986-07-18,0.5360000133514404
1986-07-19,0.4900000095367432
1986-07-20,0.4440000057220459
1986-07-21,0.3970000147819519
1986-07-22,0.3970000147819519
1986-07-23,0.3970000147819519
1986-07-24,0.3849999904632568
1986-07-25,0.3740000128746033
1986-07-26,0.3370000123977661
1986-07-27,0.3210000097751617
1986-07-28,0.2829999923706055
1986-07-29,0.2829999923706055
1986-07-30,0.2829999923706055
1986-07-31,0.27300000190734863
1986-08-01,0.23499999940395355
1986-08-02,0.2269999980926513
1986-08-03,0.1979999989271164
1986-08-04,0.1979999989271164
1986-08-05,0.16699999570846558
1986-08-06,0.16699999570846558
1986-08-07,0.164000004529953
1986-08-08,0.16099999845027926
1986-08-09,0.1599999964237213
1986-08-10,0.15800000727176666
1986-08-11,0.1550000011920929
1986-08-12,0.1509999930858612
1986-08-13,0.14800000190734866
1986-08-14,0.1449999958276749
1986-08-15,0.1420000046491623
1986-08-16,0.13899999856948853
1986-08-17,0.13600000739097595
1986-08-18,0.1330000013113022
1986-08-19,0.12999999523162842
1986-08-20,0.12700000405311584
1986-08-21,0.12399999797344208
1986-08-22,0.119999997317791
1986-08-23,0.11599999666213988
1986-08-24,0.11100000143051147
1986-08-25,0.1040000021457672
1986-08-26,0.1040000021457672
1986-08-27,0.09000000357627869
1986-08-28,0.09600000083446504
1986-08-29,0.0949999988079071
1986-08-30,0.11800000071525575
1986-08-31,0.11800000071525575
1986-09-01,0.11800000071525575
1986-09-02,0.1120000034570694
1986-09-03,0.1120000034570694
1986-09-04,0.1040000021457672
1986-09-05,0.1040000021457672
1986-09-06,0.09000000357627869
1986-09-07,0.08799999952316284
1986-09-08,0.08799999952316284
1986-09-09,0.0860000029206276
1986-09-10,0.08500000089406967
1986-09-11,0.08699999749660492
1986-09-12,0.09799999743700027
1986-09-13,0.090999998152256
1986-09-14,0.08900000154972076
1986-09-15,0.08900000154972076
1986-09-16,0.08699999749660492
1986-09-17,0.08900000154972076
1986-09-18,0.10000000149011612
1986-09-19,0.10000000149011612
1986-09-20,0.10199999809265137
1986-09-21,0.10300000011920928
1986-09-22,0.11299999803304672
1986-09-23,0.11299999803304672
1986-09-24,0.18700000643730166
1986-09-25,0.1809999942779541
1986-09-26,0.17499999701976776
1986-09-27,0.16899999976158142
1986-09-28,0.16300000250339508
1986-09-29,0.15700000524520874
1986-09-30,0.1509999930858612
1986-10-01,0.1469999998807907
1986-10-02,0.164000004529953
1986-10-03,0.164000004529953
1986-10-04,0.16300000250339508
1986-10-05,0.1420000046491623
1986-10-06,0.14000000059604645
1986-10-07,0.13199999928474426
1986-10-08,0.12800000607967374
1986-10-09,0.12800000607967374
1986-10-10,0.12200000137090684
1986-10-11,0.1169999986886978
1986-10-12,0.1169999986886978
1986-10-13,0.1169999986886978
1986-10-14,0.1169999986886978
1986-10-15,0.11500000208616255
1986-10-16,0.11299999803304672
1986-10-17,0.10300000011920928
1986-10-18,0.10300000011920928
1986-10-19,0.10199999809265137
1986-10-20,0.10000000149011612
1986-10-21,0.10199999809265137
1986-10-22,0.10199999809265137
1986-10-23,0.10199999809265137
1986-10-24,0.09799999743700027
1986-10-25,0.10000000149011612
1986-10-26,0.11500000208616255
1986-10-27,0.12600000202655792
1986-10-28,0.11500000208616255
1986-10-29,0.10199999809265137
1986-10-30,0.10300000011920928
1986-10-31,0.1040000021457672
1986-11-01,0.10300000011920928
1986-11-02,0.10199999809265137
1986-11-03,0.11500000208616255
1986-11-04,0.11299999803304672
1986-11-05,0.11500000208616255
1986-11-06,0.11599999666213988
1986-11-07,0.11299999803304672
1986-11-08,0.08900000154972076
1986-11-09,0.08900000154972076
1986-11-10,0.0820000022649765
1986-11-11,0.07999999821186066
1986-11-12,0.07999999821186066
1986-11-13,0.07699999958276749
1986-11-14,0.07999999821186066
1986-11-15,0.0820000022649765
1986-11-16,0.0820000022649765
1986-11-17,0.08900000154972076
1986-11-18,0.09000000357627869
1986-11-19,0.08900000154972076
1986-11-20,0.090999998152256
1986-11-21,0.09000000357627869
1986-11-22,0.08900000154972076
1986-11-23,0.09000000357627869
1986-11-24,0.090999998152256
1986-11-25,0.08900000154972076
1986-11-26,0.090999998152256
1986-11-27,0.09000000357627869
1986-11-28,0.090999998152256
1986-11-29,0.09000000357627869
1986-11-30,0.090999998152256
1986-12-01,0.08900000154972076
1986-12-02,0.0860000029206276
1986-12-03,0.0820000022649765
1986-12-04,0.0860000029206276
1986-12-05,0.090999998152256
1986-12-06,0.08900000154972076
1986-12-07,0.0820000022649765
1986-12-08,0.08100000023841858
1986-12-09,0.07999999821186066
1986-12-10,0.07800000160932541
1986-12-11,0.07699999958276749
1986-12-12,0.07599999755620956
1986-12-13,0.07500000298023224
1986-12-14,0.07400000095367433
1986-12-15,0.0729999989271164
1986-12-16,0.07199999690055847
1986-12-17,0.07000000029802322
1986-12-18,0.059999998658895486
1986-12-19,0.061000000685453415
1986-12-20,0.059000000357627876
1986-12-21,0.059999998658895486
1986-12-22,0.061000000685453415
1986-12-23,0.061000000685453415
1986-12-24,0.059999998658895486
1986-12-25,0.059999998658895486
1986-12-26,0.059999998658895486
1986-12-27,0.05400000140070915
1986-12-28,0.052000001072883606
1986-12-29,0.06199999898672104
1986-12-30,0.061000000685453415
1986-12-31,0.06199999898672104
1987-01-01,0.06499999761581421
1987-01-02,0.06300000101327896
1987-01-03,0.06499999761581421
1987-01-04,0.06499999761581421
1987-01-05,0.06800000369548798
1987-01-06,0.06499999761581421
1987-01-07,0.07599999755620956
1987-01-08,0.07800000160932541
1987-01-09,0.07800000160932541
1987-01-10,0.07599999755620956
1987-01-11,0.07599999755620956
1987-01-12,0.06300000101327896
1987-01-13,0.07599999755620956
1987-01-14,0.07800000160932541
1987-01-15,0.07800000160932541
1987-01-16,0.07599999755620956
1987-01-17,0.07800000160932541
1987-01-18,0.06800000369548798
1987-01-19,0.06499999761581421
1987-01-20,0.06800000369548798
1987-01-21,0.07599999755620956
1987-01-22,0.06800000369548798
1987-01-23,0.06499999761581421
1987-01-24,0.06300000101327896
1987-01-25,0.06300000101327896
1987-01-26,0.06800000369548798
1987-01-27,0.07800000160932541
1987-01-28,0.07599999755620956
1987-01-29,0.07800000160932541
1987-01-30,0.07000000029802322
1987-01-31,0.06800000369548798
1987-02-01,0.07000000029802322
1987-02-02,0.06800000369548798
1987-02-03,0.06499999761581421
1987-02-04,0.06800000369548798
1987-02-05,0.06300000101327896
1987-02-06,0.06499999761581421
1987-02-07,0.07000000029802322
1987-02-08,0.06800000369548798
1987-02-09,0.07599999755620956
1987-02-10,0.07000000029802322
1987-02-11,0.07000000029802322
1987-02-12,0.07599999755620956
1987-02-13,0.07800000160932541
1987-02-14,0.08100000023841858
1987-02-15,0.06499999761581421
1987-02-16,0.06800000369548798
1987-02-17,0.07000000029802322
1987-02-18,0.07599999755620956
1987-02-19,0.07000000029802322
1987-02-20,0.06800000369548798
1987-02-21,0.07000000029802322
1987-02-22,0.06800000369548798
1987-02-23,0.07000000029802322
1987-02-24,0.06800000369548798
1987-02-25,0.08100000023841858
1987-02-26,0.090999998152256
1987-02-27,0.09600000083446504
1987-02-28,0.10199999809265137
1987-03-01,0.10700000077486037
1987-03-02,0.10899999737739564
1987-03-03,0.1169999986886978
1987-03-04,0.119999997317791
1987-03-05,0.12800000607967374
1987-03-06,0.1420000046491623
1987-03-07,0.13600000739097595
1987-03-08,0.1330000013113022
1987-03-09,0.1420000046491623
1987-03-10,0.13600000739097595
1987-03-11,0.1449999958276749
1987-03-12,0.15000000596046448
1987-03-13,0.24799999594688416
1987-03-14,0.2660000026226044
1987-03-15,0.2750000059604645
1987-03-16,0.2919999957084656
1987-03-17,0.2829999923706055
1987-03-18,0.2660000026226044
1987-03-19,0.2919999957084656
1987-03-20,0.30799999833106995
1987-03-21,0.2919999957084656
1987-03-22,0.30799999833106995
1987-03-23,0.31700000166893005
1987-03-24,0.32499998807907104
1987-03-25,0.35100001096725464
1987-03-26,0.3680000007152557
1987-03-27,0.3759999871253967
1987-03-28,0.39399999380111694
1987-03-29,0.4189999997615814
1987-03-30,0.4379999935626984
1987-03-31,0.4659999907016754
1987-04-01,0.4569999873638153
1987-04-02,0.4659999907016754
1987-04-03,0.4860000014305115
1987-04-04,0.609000027179718
1987-04-05,0.6700000166893005
1987-04-06,0.7459999918937683
1987-04-07,0.7799999713897705
1987-04-08,0.7689999938011169
1987-04-09,0.6959999799728394
1987-04-10,0.6489999890327454
1987-04-11,0.6190000176429749
1987-04-12,0.609000027179718
1987-04-13,0.5879999995231628
1987-04-14,0.5979999899864197
1987-04-15,0.609000027179718
1987-04-16,0.6190000176429749
1987-04-17,0.6389999985694885
1987-04-18,0.6489999890327454
1987-04-19,0.5979999899864197
1987-04-20,0.609000027179718
1987-04-21,0.5879999995231628
1987-04-22,0.6489999890327454
1987-04-23,0.6549999713897705
1987-04-24,0.6700000166893005
1987-04-25,0.6489999890327454
1987-04-26,0.7020000219345093
1987-04-27,0.7120000123977661
1987-04-28,0.6909999847412109
1987-04-29,0.9240000247955322
1987-04-30,1.0599999427795408
1987-05-01,1.2699999809265137
1987-05-02,1.6299999952316284
1987-05-03,1.5499999523162842
1987-05-04,1.2000000476837158
1987-05-05,1.2799999713897705
1987-05-06,1.3300000429153442
1987-05-07,1.2599999904632568
1987-05-08,1.2000000476837158
1987-05-09,1.190000057220459
1987-05-10,1.0499999523162842
1987-05-11,1.0599999427795408
1987-05-12,1.0499999523162842
1987-05-13,1.1399999856948853
1987-05-14,0.9240000247955322
1987-05-15,0.8759999871253967
1987-05-16,0.8640000224113464
1987-05-17,0.8159999847412109
1987-05-18,0.7570000290870667
1987-05-19,0.7459999918937683
1987-05-20,0.6489999890327454
1987-05-21,0.6389999985694885
1987-05-22,0.6489999890327454
1987-05-23,0.5979999899864197
1987-05-24,0.546999990940094
1987-05-25,0.4959999918937683
1987-05-26,0.4860000014305115
1987-05-27,0.5419999957084656
1987-05-28,0.546999990940094
1987-05-29,0.5370000004768372
1987-05-30,0.546999990940094
1987-05-31,0.4959999918937683
1987-06-01,0.5370000004768372
1987-06-02,0.4959999918937683
1987-06-03,0.4860000014305115
1987-06-04,0.4379999935626984
1987-06-05,0.4860000014305115
1987-06-06,0.4469999969005585
1987-06-07,0.4469999969005585
1987-06-08,0.4379999935626984
1987-06-09,0.4020000100135803
1987-06-10,0.39399999380111694
1987-06-11,0.35899999737739563
1987-06-12,0.39399999380111694
1987-06-13,0.39399999380111694
1987-06-14,0.4020000100135803
1987-06-15,0.39399999380111694
1987-06-16,0.35899999737739563
1987-06-17,0.35100001096725464
1987-06-18,0.31700000166893005
1987-06-19,0.35100001096725464
1987-06-20,0.30799999833106995
1987-06-21,0.2750000059604645
1987-06-22,0.2380000054836273
1987-06-23,0.23100000619888306
1987-06-24,0.2070000022649765
1987-06-25,0.20100000500679016
1987-06-26,0.18400000035762787
1987-06-27,0.18700000643730166
1987-06-28,0.17000000178813934
1987-06-29,0.1589999943971634
1987-06-30,0.1449999958276749
1987-07-01,0.12800000607967374
1987-07-02,0.1169999986886978
1987-07-03,0.15000000596046448
1987-07-04,0.1850000023841858
1987-07-05,0.1899999976158142
1987-07-06,0.193000003695488
1987-07-07,0.3420000076293945
1987-07-08,0.1589999943971634
1987-07-09,0.17000000178813934
1987-07-10,0.18400000035762787
1987-07-11,0.17299999296665192
1987-07-12,0.1589999943971634
1987-07-13,0.1449999958276749
1987-07-14,0.1420000046491623
1987-07-15,0.1169999986886978
1987-07-16,0.10199999809265137
1987-07-17,0.090999998152256
1987-07-18,0.10199999809265137
1987-07-19,0.1040000021457672
1987-07-20,0.10199999809265137
1987-07-21,0.090999998152256
1987-07-22,0.08900000154972076
1987-07-23,0.07599999755620956
1987-07-24,0.090999998152256
1987-07-25,0.08900000154972076
1987-07-26,0.07599999755620956
1987-07-27,0.07000000029802322
1987-07-28,0.06499999761581421
1987-07-29,0.0689999982714653
1987-07-30,0.06300000101327896
1987-07-31,0.07599999755620956
1987-08-01,0.07800000160932541
1987-08-02,0.08900000154972076
1987-08-03,0.07800000160932541
1987-08-04,0.090999998152256
1987-08-05,0.08900000154972076
1987-08-06,0.06300000101327896
1987-08-07,0.052000001072883606
1987-08-08,0.04899999871850014
1987-08-09,0.045000001788139336
1987-08-10,0.04100000113248825
1987-08-11,0.039000000804662704
1987-08-12,0.05000000074505806
1987-08-13,0.06300000101327896
1987-08-14,0.07599999755620956
1987-08-15,0.06800000369548798
1987-08-16,0.061000000685453415
1987-08-17,0.054999999701976776
1987-08-18,0.05000000074505806
1987-08-19,0.045000001788139336
1987-08-20,0.04100000113248825
1987-08-21,0.03799999877810478
1987-08-22,0.03799999877810478
1987-08-23,0.03799999877810478
1987-08-24,0.04100000113248825
1987-08-25,0.0430000014603138
1987-08-26,0.035999998450279236
1987-08-27,0.039000000804662704
1987-08-28,0.03099999949336052
1987-08-29,0.029999999329447743
1987-08-30,0.027000000700354576
1987-08-31,0.024000000208616257
1987-09-01,0.020999999716877937
1987-09-02,0.01899999938905239
1987-09-03,0.02199999988079071
1987-09-04,0.020999999716877937
1987-09-05,0.027000000700354576
1987-09-06,0.03099999949336052
1987-09-07,0.03500000014901161
1987-09-08,0.029999999329447743
1987-09-09,0.027000000700354576
1987-09-10,0.024000000208616257
1987-09-11,0.020999999716877937
1987-09-12,0.027000000700354576
1987-09-13,0.029999999329447743
1987-09-14,0.03500000014901161
1987-09-15,0.035999998450279236
1987-09-16,0.03500000014901161
1987-09-17,0.029999999329447743
1987-09-18,0.03500000014901161
1987-09-19,0.02800000086426735
1987-09-20,0.027000000700354576
1987-09-21,0.02800000086426735
1987-09-22,0.027000000700354576
1987-09-23,0.029999999329447743
1987-09-24,0.03500000014901161
1987-09-25,0.02800000086426735
1987-09-26,0.027000000700354576
1987-09-27,0.02199999988079071
1987-09-28,0.027000000700354576
1987-09-29,0.029999999329447743
1987-09-30,0.02800000086426735
1987-10-01,0.020999999716877937
1987-10-02,0.027000000700354576
1987-10-03,0.029999999329447743
1987-10-04,0.027000000700354576
1987-10-05,0.02800000086426735
1987-10-06,0.02800000086426735
1987-10-07,0.029999999329447743
1987-10-08,0.027000000700354576
1987-10-09,0.03099999949336052
1987-10-10,0.02800000086426735
1987-10-11,0.029999999329447743
1987-10-12,0.027000000700354576
1987-10-13,0.03099999949336052
1987-10-14,0.039000000804662704
1987-10-15,0.035999998450279236
1987-10-16,0.03500000014901161
1987-10-17,0.035999998450279236
1987-10-18,0.039000000804662704
1987-10-19,0.02800000086426735
1987-10-20,0.027000000700354576
1987-10-21,0.029999999329447743
1987-10-22,0.029999999329447743
1987-10-23,0.027000000700354576
1987-10-24,0.02800000086426735
1987-10-25,0.035999998450279236
1987-10-26,0.039000000804662704
1987-10-27,0.03500000014901161
1987-10-28,0.02800000086426735
1987-10-29,0.029999999329447743
1987-10-30,0.03099999949336052
1987-10-31,0.02800000086426735
1987-11-01,0.027000000700354576
1987-11-02,0.02800000086426735
1987-11-03,0.027000000700354576
1987-11-04,0.027000000700354576
1987-11-05,0.027000000700354576
1987-11-06,0.02800000086426735
1987-11-07,0.027000000700354576
1987-11-08,0.027000000700354576
1987-11-09,0.027000000700354576
1987-11-10,0.02800000086426735
1987-11-11,0.027000000700354576
1987-11-12,0.027000000700354576
1987-11-13,0.02800000086426735
1987-11-14,0.029999999329447743
1987-11-15,0.029999999329447743
1987-11-16,0.02800000086426735
1987-11-17,0.029999999329447743
1987-11-18,0.03099999949336052
1987-11-19,0.02800000086426735
1987-11-20,0.027000000700354576
1987-11-21,0.029999999329447743
1987-11-22,0.03500000014901161
1987-11-23,0.03099999949336052
1987-11-24,0.029999999329447743
1987-11-25,0.02800000086426735
1987-11-26,0.03099999949336052
1987-11-27,0.03500000014901161
1987-11-28,0.035999998450279236
1987-11-29,0.03500000014901161
1987-11-30,0.035999998450279236
1987-12-01,0.03500000014901161
1987-12-02,0.035999998450279236
1987-12-03,0.035999998450279236
1987-12-04,0.03500000014901161
1987-12-05,0.03500000014901161
1987-12-06,0.035999998450279236
1987-12-07,0.032999999821186066
1987-12-08,0.029999999329447743
1987-12-09,0.032000001519918435
1987-12-10,0.02800000086426735
1987-12-11,0.029999999329447743
1987-12-12,0.03500000014901161
1987-12-13,0.029999999329447743
1987-12-14,0.03099999949336052
1987-12-15,0.03500000014901161
1987-12-16,0.035999998450279236
1987-12-17,0.03500000014901161
1987-12-18,0.03099999949336052
1987-12-19,0.029999999329447743
1987-12-20,0.027000000700354576
1987-12-21,0.029999999329447743
1987-12-22,0.028999999165534977
1987-12-23,0.03099999949336052
1987-12-24,0.03099999949336052
1987-12-25,0.03099999949336052
1987-12-26,0.03099999949336052
1987-12-27,0.03099999949336052
1987-12-28,0.03099999949336052
1987-12-29,0.03099999949336052
1987-12-30,0.03099999949336052
1987-12-31,0.03099999949336052
1988-01-01,
1988-01-02,
1988-01-03,
1988-01-04,
1988-01-05,
1988-01-06,0.03099999949336052
1988-01-07,
1988-01-08,
1988-01-09,
1988-01-10,0.027000000700354576
1988-01-11,0.02800000086426735
1988-01-12,0.029999999329447743
1988-01-13,0.027000000700354576
1988-01-14,0.02800000086426735
1988-01-15,0.029999999329447743
1988-01-16,0.024000000208616257
1988-01-17,0.02800000086426735
1988-01-18,0.029999999329447743
1988-01-19,0.02800000086426735
1988-01-20,0.027000000700354576
1988-01-21,0.029999999329447743
1988-01-22,0.027000000700354576
1988-01-23,0.024000000208616257
1988-01-24,
1988-01-25,
1988-01-26,
1988-01-27,
1988-01-28,
1988-01-29,
1988-01-30,
1988-01-31,
1988-02-01,0.02800000086426735
1988-02-02,0.027000000700354576
1988-02-03,0.029999999329447743
1988-02-04,0.027000000700354576
1988-02-05,0.024000000208616257
1988-02-06,0.027000000700354576
1988-02-07,
1988-02-08,
1988-02-09,
1988-02-10,0.024000000208616257
1988-02-11,
1988-02-12,
1988-02-13,
1988-02-14,
1988-02-15,
1988-02-16,
1988-02-17,
1988-02-18,
1988-02-19,
1988-02-20,
1988-02-21,
1988-02-22,
1988-02-23,
1988-02-24,
1988-02-25,
1988-02-26,
1988-02-27,
1988-02-28,
1988-02-29,
1988-03-01,
1988-03-02,
1988-03-03,
1988-03-04,
1988-03-05,
1988-03-06,
1988-03-07,
1988-03-08,
1988-03-09,
1988-03-10,
1988-03-11,
1988-03-12,
1988-03-13,
1988-03-14,
1988-03-15,0.028999999165534977
1988-03-16,
1988-03-17,
1988-03-18,
1988-03-19,
1988-03-20,
1988-03-21,
1988-03-22,
1988-03-23,
1988-03-24,
1988-03-25,
1988-03-26,
1988-03-27,
1988-03-28,
1988-03-29,
1988-03-30,
1988-03-31,
1988-04-01,
1988-04-02,
1988-04-03,
1988-04-04,
1988-04-05,
1988-04-06,
1988-04-07,
1988-04-08,
1988-04-09,
1988-04-10,
1988-04-11,
1988-04-12,
1988-04-13,
1988-04-14,
1988-04-15,
1988-04-16,
1988-04-17,
1988-04-18,
1988-04-19,
1988-04-20,
1988-04-21,0.7720000147819519
1988-04-22,
1988-04-23,
1988-04-24,
1988-04-25,
1988-04-26,
1988-04-27,
1988-04-28,
1988-04-29,
1988-04-30,
1988-05-01,
1988-05-02,
1988-05-03,
1988-05-04,
1988-05-05,
1988-05-06,
1988-05-07,
1988-05-08,
1988-05-09,
1988-05-10,
1988-05-11,
1988-05-12,
1988-05-13,
1988-05-14,
1988-05-15,
1988-05-16,
1988-05-17,
1988-05-18,1.0099999904632568
1988-05-19,
1988-05-20,
1988-05-21,
1988-05-22,
1988-05-23,
1988-05-24,
1988-05-25,
1988-05-26,
1988-05-27,
1988-05-28,
1988-05-29,
1988-05-30,
1988-05-31,
1988-06-01,
1988-06-02,
1988-06-03,
1988-06-04,
1988-06-05,
1988-06-06,
1988-06-07,
1988-06-08,
1988-06-09,
1988-06-10,
1988-06-11,
1988-06-12,
1988-06-13,
1988-06-14,
1988-06-15,0.5569999814033508
1988-06-16,
1988-06-17,
1988-06-18,
1988-06-19,
1988-06-20,
1988-06-21,
1988-06-22,
1988-06-23,
1988-06-24,
1988-06-25,
1988-06-26,
1988-06-27,
1988-06-28,0.35499998927116394
1988-06-29,
1988-06-30,
1988-07-01,
1988-07-02,
1988-07-03,
1988-07-04,
1988-07-05,
1988-07-06,0.5979999899864197
1988-07-07,0.4959999918937683
1988-07-08,0.4569999873638153
1988-07-09,0.4189999997615814
1988-07-10,0.39800000190734863
1988-07-11,0.4280000030994415
1988-07-12,0.4110000133514404
1988-07-13,0.4110000133514404
1988-07-14,0.3849999904632568
1988-07-15,0.3639999926090241
1988-07-16,0.3420000076293945
1988-07-17,0.32499998807907104
1988-07-18,0.3210000097751617
1988-07-19,0.2919999957084656
1988-07-20,0.2750000059604645
1988-07-21,0.2549999952316284
1988-07-22,0.2339999973773957
1988-07-23,0.22100000083446505
1988-07-24,0.2179999947547913
1988-07-25,0.20100000500679016
1988-07-26,0.19099999964237213
1988-07-27,0.181999996304512
1988-07-28,0.1710000038146973
1988-07-29,0.16099999845027926
1988-07-30,0.1550000011920929
1988-07-31,0.14900000393390656
1988-08-01,0.18000000715255735
1988-08-02,0.1599999964237213
1988-08-03,0.1459999978542328
1988-08-04,0.13500000536441806
1988-08-05,0.12800000607967374
1988-08-06,0.13899999856948853
1988-08-07,0.12800000607967374
1988-08-08,0.1330000013113022
1988-08-09,0.125
1988-08-10,0.119999997317791
1988-08-11,0.11500000208616255
1988-08-12,0.10599999874830246
1988-08-13,0.0989999994635582
1988-08-14,0.09399999678134917
1988-08-15,0.08900000154972076
1988-08-16,0.12200000137090684
1988-08-17,0.35100001096725464
1988-08-18,0.2150000035762787
1988-08-19,0.17399999499320984
1988-08-20,0.15600000321865082
1988-08-21,0.14000000059604645
1988-08-22,0.12800000607967374
1988-08-23,0.1169999986886978
1988-08-24,0.10899999737739564
1988-08-25,0.0989999994635582
1988-08-26,0.08900000154972076
1988-08-27,0.08500000089406967
1988-08-28,0.07800000160932541
1988-08-29,0.07599999755620956
1988-08-30,0.07400000095367433
1988-08-31,0.07699999958276749
1988-09-01,0.07400000095367433
1988-09-02,0.07199999690055847
1988-09-03,0.07000000029802322
1988-09-04,0.059999998658895486
1988-09-05,0.0560000017285347
1988-09-06,0.059000000357627876
1988-09-07,0.05799999833106995
1988-09-08,0.059000000357627876
1988-09-09,0.0560000017285347
1988-09-10,0.05400000140070915
1988-09-11,0.052000001072883606
1988-09-12,0.050999999046325684
1988-09-13,0.050999999046325684
1988-09-14,0.05000000074505806
1988-09-15,0.04800000041723251
1988-09-16,0.04800000041723251
1988-09-17,0.04899999871850014
1988-09-18,0.04899999871850014
1988-09-19,0.125
1988-09-20,0.09799999743700027
1988-09-21,0.0860000029206276
1988-09-22,0.09700000286102296
1988-09-23,0.10700000077486037
1988-09-24,0.10700000077486037
1988-09-25,0.1080000028014183
1988-09-26,0.11500000208616255
1988-09-27,0.30000001192092896
1988-09-28,0.2300000041723252
1988-09-29,0.1589999943971634
1988-09-30,0.1330000013113022
1988-10-01,0.12099999934434892
1988-10-02,0.1080000028014183
1988-10-03,0.0989999994635582
1988-10-04,0.09399999678134917
1988-10-05,0.08699999749660492
1988-10-06,0.08699999749660492
1988-10-07,0.08500000089406967
1988-10-08,0.0820000022649765
1988-10-09,0.08100000023841858
1988-10-10,0.07999999821186066
1988-10-11,0.07699999958276749
1988-10-12,0.0729999989271164
1988-10-13,0.07199999690055847
1988-10-14,0.090999998152256
1988-10-15,0.16699999570846558
1988-10-16,0.35899999737739563
1988-10-17,0.35899999737739563
1988-10-18,0.2509999871253968
1988-10-19,0.1710000038146973
1988-10-20,0.16699999570846558
1988-10-21,0.1599999964237213
1988-10-22,0.1879999935626984
1988-10-23,0.17399999499320984
1988-10-24,0.1770000010728836
1988-10-25,0.1589999943971634
1988-10-26,0.15199999511241913
1988-10-27,0.1430000066757202
1988-10-28,0.13899999856948853
1988-10-29,0.1379999965429306
1988-10-30,0.1330000013113022
1988-10-31,0.1469999998807907
1988-11-01,0.13899999856948853
1988-11-02,0.15000000596046448
1988-11-03,0.16099999845027926
1988-11-04,0.1469999998807907
1988-11-05,0.15000000596046448
1988-11-06,0.17000000178813934
1988-11-07,0.19099999964237213
1988-11-08,0.1770000010728836
1988-11-09,0.1679999977350235
1988-11-10,0.1770000010728836
1988-11-11,0.1720000058412552
1988-11-12,0.1679999977350235
1988-11-13,0.164000004529953
1988-11-14,0.16099999845027926
1988-11-15,0.1589999943971634
1988-11-16,0.16099999845027926
1988-11-17,0.1599999964237213
1988-11-18,0.16099999845027926
1988-11-19,0.16099999845027926
1988-11-20,0.16300000250339508
1988-11-21,0.16099999845027926
1988-11-22,0.1599999964237213
1988-11-23,0.1599999964237213
1988-11-24,0.1599999964237213
1988-11-25,0.1589999943971634
1988-11-26,0.15600000321865082
1988-11-27,0.15299999713897705
1988-11-28,0.1459999978542328
1988-11-29,0.1420000046491623
1988-11-30,0.13899999856948853
1988-12-01,0.13899999856948853
1988-12-02,0.13899999856948853
1988-12-03,0.1379999965429306
1988-12-04,0.13899999856948853
1988-12-05,0.14000000059604645
1988-12-06,0.13899999856948853
1988-12-07,0.13600000739097595
1988-12-08,0.13099999725818634
1988-12-09,0.13600000739097595
1988-12-10,0.13899999856948853
1988-12-11,0.13899999856948853
1988-12-12,0.13899999856948853
1988-12-13,0.15399999916553495
1988-12-14,0.13899999856948853
1988-12-15,0.0989999994635582
1988-12-16,0.09300000220537186
1988-12-17,0.10700000077486037
1988-12-18,0.1289999932050705
1988-12-19,0.15000000596046448
1988-12-20,0.08699999749660492
1988-12-21,0.09300000220537186
1988-12-22,0.10700000077486037
1988-12-23,0.13899999856948853
1988-12-24,0.13899999856948853
1988-12-25,0.11900000274181365
1988-12-26,0.11900000274181365
1988-12-27,0.1120000034570694
1988-12-28,0.10599999874830246
1988-12-29,0.1169999986886978
1988-12-30,0.125
1988-12-31,0.13199999928474426
1989-01-01,0.13199999928474426
1989-01-02,0.13099999725818634
1989-01-03,0.12800000607967374
1989-01-04,0.13199999928474426
1989-01-05,0.13199999928474426
1989-01-06,0.1330000013113022
1989-01-07,0.10499999672174454
1989-01-08,0.10300000011920928
1989-01-09,0.10100000351667404
1989-01-10,0.10000000149011612
1989-01-11,0.11299999803304672
1989-01-12,0.11800000071525575
1989-01-13,0.119999997317791
1989-01-14,0.12200000137090684
1989-01-15,0.12200000137090684
1989-01-16,0.12099999934434892
1989-01-17,0.11900000274181365
1989-01-18,0.11900000274181365
1989-01-19,0.1120000034570694
1989-01-20,0.1120000034570694
1989-01-21,0.1120000034570694
1989-01-22,0.1120000034570694
1989-01-23,0.08900000154972076
1989-01-24,0.10599999874830246
1989-01-25,0.10599999874830246
1989-01-26,0.10499999672174454
1989-01-27,0.10899999737739564
1989-01-28,0.1120000034570694
1989-01-29,0.1120000034570694
1989-01-30,0.125
1989-01-31,0.07500000298023224
1989-02-01,0.07000000029802322
1989-02-02,0.06499999761581421
1989-02-03,0.06300000101327896
1989-02-04,0.06199999898672104
1989-02-05,0.06199999898672104
1989-02-06,0.06199999898672104
1989-02-07,0.06300000101327896
1989-02-08,0.06300000101327896
1989-02-09,0.06400000303983687
1989-02-10,0.06400000303983687
1989-02-11,0.06599999964237213
1989-02-12,0.06700000166893005
1989-02-13,0.0689999982714653
1989-02-14,0.0729999989271164
1989-02-15,0.07599999755620956
1989-02-16,0.08500000089406967
1989-02-17,0.09399999678134917
1989-02-18,0.09399999678134917
1989-02-19,0.09399999678134917
1989-02-20,0.09399999678134917
1989-02-21,0.09399999678134917
1989-02-22,0.09399999678134917
1989-02-23,0.09399999678134917
1989-02-24,0.09399999678134917
1989-02-25,0.09399999678134917
1989-02-26,0.09399999678134917
1989-02-27,0.09399999678134917
1989-02-28,0.09399999678134917
1989-03-01,0.09399999678134917
1989-03-02,0.09399999678134917
1989-03-03,0.09399999678134917
1989-03-04,0.09399999678134917
1989-03-05,0.09300000220537186
1989-03-06,0.09000000357627869
1989-03-07,0.09000000357627869
1989-03-08,0.0860000029206276
1989-03-09,0.08900000154972076
1989-03-10,0.08900000154972076
1989-03-11,0.09300000220537186
1989-03-12,0.10899999737739564
1989-03-13,0.13199999928474426
1989-03-14,0.12600000202655792
1989-03-15,0.11800000071525575
1989-03-16,0.1120000034570694
1989-03-17,0.10599999874830246
1989-03-18,0.1080000028014183
1989-03-19,0.10700000077486037
1989-03-20,0.1120000034570694
1989-03-21,0.1120000034570694
1989-03-22,0.13600000739097595
1989-03-23,0.13600000739097595
1989-03-24,0.13600000739097595
1989-03-25,0.19499999284744265
1989-03-26,0.19099999964237213
1989-03-27,0.1879999935626984
1989-03-28,0.2240000069141388
1989-03-29,0.2409999966621399
1989-03-30,0.24799999594688416
1989-03-31,0.2540000081062317
1989-04-01,0.2619999945163727
1989-04-02,0.2700000107288361
1989-04-03,0.2770000100135803
1989-04-04,0.29100000858306885
1989-04-05,0.33000001311302185
1989-04-06,0.4099999964237213
1989-04-07,0.4699999988079071
1989-04-08,0.550000011920929
1989-04-09,0.6000000238418579
1989-04-10,0.6290000081062317
1989-04-11,0.6700000166893005
1989-04-12,0.7630000114440918
1989-04-13,0.9120000004768372
1989-04-14,1.2100000381469729
1989-04-15,1.6100000143051147
1989-04-16,1.7300000190734863
1989-04-17,1.7999999523162842
1989-04-18,1.9299999475479128
1989-04-19,2.25
1989-04-20,2.7699999809265137
1989-04-21,2.700000047683716
1989-04-22,2.3499999046325684
1989-04-23,2.0299999713897705
1989-04-24,1.9600000381469729
1989-04-25,1.830000042915344
1989-04-26,1.7699999809265137
1989-04-27,1.7699999809265137
1989-04-28,1.9600000381469729
1989-04-29,1.9600000381469729
1989-04-30,2.0299999713897705
1989-05-01,2.4800000190734863
1989-05-02,2.289999961853028
1989-05-03,2.549999952316284
1989-05-04,2.619999885559082
1989-05-05,2.7100000381469727
1989-05-06,2.859999895095825
1989-05-07,2.990000009536743
1989-05-08,3.1800000667572017
1989-05-09,3.0799999237060547
1989-05-10,3.4500000476837163
1989-05-11,2.5
1989-05-12,2.009999990463257
1989-05-13,1.870000004768372
1989-05-14,1.7100000381469729
1989-05-15,1.6299999952316284
1989-05-16,1.5900000333786009
1989-05-17,1.559999942779541
1989-05-18,1.5299999713897705
1989-05-19,1.5099999904632568
1989-05-20,1.4800000190734863
1989-05-21,1.4600000381469729
1989-05-22,1.4500000476837158
1989-05-23,1.440000057220459
1989-05-24,1.4299999475479126
1989-05-25,1.4199999570846558
1989-05-26,1.399999976158142
1989-05-27,1.3799999952316284
1989-05-28,1.2999999523162842
1989-05-29,1.190000057220459
1989-05-30,1.2000000476837158
1989-05-31,1.1699999570846558
1989-06-01,1.190000057220459
1989-06-02,1.1799999475479126
1989-06-03,1.1799999475479126
1989-06-04,1.1100000143051147
1989-06-05,1.100000023841858
1989-06-06,1.0900000333786009
1989-06-07,1.0299999713897705
1989-06-08,0.99099999666214
1989-06-09,0.9369999766349792
1989-06-10,0.8140000104904175
1989-06-11,0.8289999961853027
1989-06-12,0.5600000023841858
1989-06-13,0.7360000014305115
1989-06-14,0.9100000262260436
1989-06-15,0.9729999899864196
1989-06-16,0.9100000262260436
1989-06-17,0.8130000233650208
1989-06-18,0.7480000257492065
1989-06-19,0.6830000281333923
1989-06-20,0.6380000114440918
1989-06-21,0.6179999709129333
1989-06-22,0.5659999847412109
1989-06-23,0.5550000071525574
1989-06-24,0.4550000131130218
1989-06-25,0.4449999928474426
1989-06-26,0.42500001192092896
1989-06-27,0.4059999883174896
1989-06-28,0.42500001192092896
1989-06-29,0.39399999380111694
1989-06-30,0.38199999928474426
1989-07-01,0.3740000128746033
1989-07-02,0.367000013589859
1989-07-03,0.3639999926090241
1989-07-04,0.3580000102519989
1989-07-05,0.35199999809265137
1989-07-06,0.3580000102519989
1989-07-07,0.34599998593330383
1989-07-08,0.3400000035762787
1989-07-09,0.33799999952316284
1989-07-10,0.335999995470047
1989-07-11,0.33399999141693115
1989-07-12,0.35100001096725464
1989-07-13,0.3700000047683716
1989-07-14,0.39399999380111694
1989-07-15,0.3199999928474426
1989-07-16,0.2879999876022339
1989-07-17,0.2800000011920929
1989-07-18,0.2800000011920929
1989-07-19,0.2800000011920929
1989-07-20,0.2800000011920929
1989-07-21,0.25
1989-07-22,0.25
1989-07-23,0.25
1989-07-24,0.2199999988079071
1989-07-25,0.20000000298023224
1989-07-26,0.20000000298023224
1989-07-27,0.20000000298023224
1989-07-28,0.20000000298023224
1989-07-29,0.20000000298023224
1989-07-30,0.20000000298023224
1989-07-31,0.18000000715255735
1989-08-01,0.18000000715255735
1989-08-02,0.17800000309944153
1989-08-03,0.17399999499320984
1989-08-04,0.17800000309944153
1989-08-05,0.1770000010728836
1989-08-06,0.17499999701976776
1989-08-07,0.17399999499320984
1989-08-08,0.17000000178813934
1989-08-09,0.16699999570846558
1989-08-10,0.1589999943971634
1989-08-11,0.1469999998807907
1989-08-12,0.14000000059604645
1989-08-13,0.13899999856948853
1989-08-14,0.14100000262260434
1989-08-15,0.1420000046491623
1989-08-16,0.12200000137090684
1989-08-17,0.1979999989271164
1989-08-18,0.17399999499320984
1989-08-19,0.16300000250339508
1989-08-20,0.14000000059604645
1989-08-21,0.1589999943971634
1989-08-22,0.18000000715255735
1989-08-23,0.16699999570846558
1989-08-24,0.16300000250339508
1989-08-25,0.16899999976158142
1989-08-26,0.1550000011920929
1989-08-27,0.15000000596046448
1989-08-28,0.14399999380111694
1989-08-29,0.13699999451637268
1989-08-30,0.12999999523162842
1989-08-31,0.17299999296665192
1989-09-01,0.1979999989271164
1989-09-02,0.3070000112056732
1989-09-03,0.25
1989-09-04,0.20000000298023224
1989-09-05,0.20999999344348907
1989-09-06,0.1879999935626984
1989-09-07,0.181999996304512
1989-09-08,0.17000000178813934
1989-09-09,0.15800000727176666
1989-09-10,0.1509999930858612
1989-09-11,0.14900000393390656
1989-09-12,0.1449999958276749
1989-09-13,0.13600000739097595
1989-09-14,0.12800000607967374
1989-09-15,0.12700000405311584
1989-09-16,0.125
1989-09-17,0.119999997317791
1989-09-18,0.1169999986886978
1989-09-19,0.11500000208616255
1989-09-20,0.1120000034570694
1989-09-21,0.11100000143051147
1989-09-22,0.10999999940395357
1989-09-23,0.1040000021457672
1989-09-24,0.10199999809265137
1989-09-25,0.09600000083446504
1989-09-26,0.09399999678134917
1989-09-27,0.09200000017881392
1989-09-28,0.09200000017881392
1989-09-29,0.090999998152256
1989-09-30,0.08699999749660492
1989-10-01,0.08399999886751175
1989-10-02,0.08299999684095383
1989-10-03,0.0820000022649765
1989-10-04,0.08100000023841858
1989-10-05,0.07999999821186066
1989-10-06,0.07999999821186066
1989-10-07,0.07900000363588333
1989-10-08,0.07800000160932541
1989-10-09,0.07900000363588333
1989-10-10,0.08100000023841858
1989-10-11,0.0820000022649765
1989-10-12,0.08500000089406967
1989-10-13,0.08799999952316284
1989-10-14,0.08900000154972076
1989-10-15,0.08900000154972076
1989-10-16,0.09000000357627869
1989-10-17,0.09000000357627869
1989-10-18,0.090999998152256
1989-10-19,0.090999998152256
1989-10-20,0.09200000017881392
1989-10-21,0.09200000017881392
1989-10-22,0.09300000220537186
1989-10-23,0.09399999678134917
1989-10-24,0.0949999988079071
1989-10-25,0.09700000286102296
1989-10-26,0.10199999809265137
1989-10-27,0.10000000149011612
1989-10-28,0.09799999743700027
1989-10-29,0.09600000083446504
1989-10-30,0.09399999678134917
1989-10-31,0.09200000017881392
1989-11-01,0.090999998152256
1989-11-02,0.09000000357627869
1989-11-03,0.08900000154972076
1989-11-04,0.08799999952316284
1989-11-05,0.08699999749660492
1989-11-06,0.09200000017881392
1989-11-07,0.10000000149011612
1989-11-08,0.10700000077486037
1989-11-09,0.1120000034570694
1989-11-10,0.11800000071525575
1989-11-11,0.12600000202655792
1989-11-12,0.13099999725818634
1989-11-13,0.14900000393390656
1989-11-14,0.15800000727176666
1989-11-15,0.1449999958276749
1989-11-16,0.1550000011920929
1989-11-17,0.1509999930858612
1989-11-18,0.16099999845027926
1989-11-19,0.181999996304512
1989-11-20,0.17299999296665192
1989-11-21,0.16099999845027926
1989-11-22,0.1459999978542328
1989-11-23,0.1550000011920929
1989-11-24,0.14399999380111694
1989-11-25,0.14000000059604645
1989-11-26,0.1420000046491623
1989-11-27,0.13699999451637268
1989-11-28,0.12999999523162842
1989-11-29,0.12800000607967374
1989-11-30,0.12800000607967374
1989-12-01,0.12700000405311584
1989-12-02,0.12600000202655792
1989-12-03,0.125
1989-12-04,0.12999999523162842
1989-12-05,0.12800000607967374
1989-12-06,0.12700000405311584
1989-12-07,0.13099999725818634
1989-12-08,0.12999999523162842
1989-12-09,0.12800000607967374
1989-12-10,0.10899999737739564
1989-12-11,0.09399999678134917
1989-12-12,0.10899999737739564
1989-12-13,0.10899999737739564
1989-12-14,0.10899999737739564
1989-12-15,0.10499999672174454
1989-12-16,0.10300000011920928
1989-12-17,0.09700000286102296
1989-12-18,0.09200000017881392
1989-12-19,0.08900000154972076
1989-12-20,0.08900000154972076
1989-12-21,0.07999999821186066
1989-12-22,0.0860000029206276
1989-12-23,0.09200000017881392
1989-12-24,0.09700000286102296
1989-12-25,0.10300000011920928
1989-12-26,0.10899999737739564
1989-12-27,0.10899999737739564
1989-12-28,0.10100000351667404
1989-12-29,0.10100000351667404
1989-12-30,0.10000000149011612
1989-12-31,0.10000000149011612
1990-01-01,0.08299999684095383
1990-01-02,0.0820000022649765
1990-01-03,0.0820000022649765
1990-01-04,0.0820000022649765
1990-01-05,0.08299999684095383
1990-01-06,0.08299999684095383
1990-01-07,0.0820000022649765
1990-01-08,0.0860000029206276
1990-01-09,0.10100000351667404
1990-01-10,0.0989999994635582
1990-01-11,0.08500000089406967
1990-01-12,0.08699999749660492
1990-01-13,0.08500000089406967
1990-01-14,0.08299999684095383
1990-01-15,0.08299999684095383
1990-01-16,0.08500000089406967
1990-01-17,0.08299999684095383
1990-01-18,0.08299999684095383
1990-01-19,0.09600000083446504
1990-01-20,0.08699999749660492
1990-01-21,0.07999999821186066
1990-01-22,0.07400000095367433
1990-01-23,0.07599999755620956
1990-01-24,0.07800000160932541
1990-01-25,0.08500000089406967
1990-01-26,0.08699999749660492
1990-01-27,0.08699999749660492
1990-01-28,0.08699999749660492
1990-01-29,0.08500000089406967
1990-01-30,0.08900000154972076
1990-01-31,0.09399999678134917
1990-02-01,0.08500000089406967
1990-02-02,0.08500000089406967
1990-02-03,0.08500000089406967
1990-02-04,0.08500000089406967
1990-02-05,0.08500000089406967
1990-02-06,0.08299999684095383
1990-02-07,0.08299999684095383
1990-02-08,0.08299999684095383
1990-02-09,0.07999999821186066
1990-02-10,0.08299999684095383
1990-02-11,0.08299999684095383
1990-02-12,0.08299999684095383
1990-02-13,0.07199999690055847
1990-02-14,0.07000000029802322
1990-02-15,0.07000000029802322
1990-02-16,0.07199999690055847
1990-02-17,0.07400000095367433
1990-02-18,0.07599999755620956
1990-02-19,0.07800000160932541
1990-02-20,0.07999999821186066
1990-02-21,0.07800000160932541
1990-02-22,0.07800000160932541
1990-02-23,0.07800000160932541
1990-02-24,0.08500000089406967
1990-02-25,0.08299999684095383
1990-02-26,0.07800000160932541
1990-02-27,0.07800000160932541
1990-02-28,0.07699999958276749
1990-03-01,0.07800000160932541
1990-03-02,0.07999999821186066
1990-03-03,0.07800000160932541
1990-03-04,0.07800000160932541
1990-03-05,0.07999999821186066
1990-03-06,0.07800000160932541
1990-03-07,0.08900000154972076
1990-03-08,0.09200000017881392
1990-03-09,0.08699999749660492
1990-03-10,0.08500000089406967
1990-03-11,0.08299999684095383
1990-03-12,0.08500000089406967
1990-03-13,0.08699999749660492
1990-03-14,0.08699999749660492
1990-03-15,0.08900000154972076
1990-03-16,0.09200000017881392
1990-03-17,0.0989999994635582
1990-03-18,0.1120000034570694
1990-03-19,0.12999999523162842
1990-03-20,0.17399999499320984
1990-03-21,0.1879999935626984
1990-03-22,0.18400000035762787
1990-03-23,0.19200000166893005
1990-03-24,0.19599999487400047
1990-03-25,0.2360000014305115
1990-03-26,0.2300000041723252
1990-03-27,0.2360000014305115
1990-03-28,0.2419999986886978
1990-03-29,0.2360000014305115
1990-03-30,0.2899999916553497
1990-03-31,0.4000000059604645
1990-04-01,0.5059999823570251
1990-04-02,0.7760000228881836
1990-04-03,0.9179999828338624
1990-04-04,0.7900000214576721
1990-04-05,0.8220000267028809
1990-04-06,0.8059999942779541
1990-04-07,0.9179999828338624
1990-04-08,1.0499999523162842
1990-04-09,1.0299999713897705
1990-04-10,1.0099999904632568
1990-04-11,1.0099999904632568
1990-04-12,1.0299999713897705
1990-04-13,1.0499999523162842
1990-04-14,1.0099999904632568
1990-04-15,1.0299999713897705
1990-04-16,1.0499999523162842
1990-04-17,1.0499999523162842
1990-04-18,1.100000023841858
1990-04-19,1.1599999666213991
1990-04-20,1.2999999523162842
1990-04-21,1.2999999523162842
1990-04-22,1.3200000524520874
1990-04-23,1.2799999713897705
1990-04-24,1.2999999523162842
1990-04-25,1.2999999523162842
1990-04-26,1.2799999713897705
1990-04-27,1.2599999904632568
1990-04-28,1.2400000095367432
1990-04-29,1.100000023841858
1990-04-30,1.0499999523162842
1990-05-01,0.9819999933242798
1990-05-02,1.0800000429153442
1990-05-03,1.0700000524520874
1990-05-04,1.2799999713897705
1990-05-05,1.2400000095367432
1990-05-06,1.2200000286102295
1990-05-07,1.2000000476837158
1990-05-08,1.0299999713897705
1990-05-09,1.0299999713897705
1990-05-10,1.0099999904632568
1990-05-11,1.2599999904632568
1990-05-12,1.0499999523162842
1990-05-13,1.0499999523162842
1990-05-14,1.0099999904632568
1990-05-15,0.9660000205039978
1990-05-16,0.9499999880790708
1990-05-17,0.9179999828338624
1990-05-18,0.9340000152587892
1990-05-19,0.9499999880790708
1990-05-20,0.9499999880790708
1990-05-21,0.9340000152587892
1990-05-22,1.0299999713897705
1990-05-23,1.1599999666213991
1990-05-24,1.2400000095367432
1990-05-25,1.3200000524520874
1990-05-26,1.2799999713897705
1990-05-27,1.1599999666213991
1990-05-28,1.1399999856948853
1990-05-29,1.3400000333786009
1990-05-30,1.3600000143051147
1990-05-31,1.3200000524520874
1990-06-01,1.3200000524520874
1990-06-02,1.2599999904632568
1990-06-03,1.7599999904632568
1990-06-04,2.9300000667572017
1990-06-05,2.1700000762939453
1990-06-06,1.8899999856948853
1990-06-07,2.3199999332427983
1990-06-08,2.289999961853028
1990-06-09,2.049999952316284
1990-06-10,1.950000047683716
1990-06-11,2.4200000762939453
1990-06-12,4.880000114440918
1990-06-13,4.329999923706056
1990-06-14,4.0
1990-06-15,3.3399999141693115
1990-06-16,2.8499999046325684
1990-06-17,2.6800000667572017
1990-06-18,2.4200000762939453
1990-06-19,2.1600000858306885
1990-06-20,2.1700000762939453
1990-06-21,1.9800000190734863
1990-06-22,1.9299999475479128
1990-06-23,1.7100000381469729
1990-06-24,1.4900000095367432
1990-06-25,1.3400000333786009
1990-06-26,1.1399999856948853
1990-06-27,1.100000023841858
1990-06-28,1.2000000476837158
1990-06-29,1.0800000429153442
1990-06-30,1.0099999904632568
1990-07-01,0.9819999933242798
1990-07-02,1.2400000095367432
1990-07-03,1.0499999523162842
1990-07-04,0.9340000152587892
1990-07-05,0.9340000152587892
1990-07-06,1.100000023841858
1990-07-07,0.9660000205039978
1990-07-08,0.9179999828338624
1990-07-09,0.8539999723434448
1990-07-10,0.8379999995231628
1990-07-11,0.7760000228881836
1990-07-12,0.7760000228881836
1990-07-13,0.7059999704360962
1990-07-14,0.6259999871253967
1990-07-15,0.6019999980926514
1990-07-16,0.578000009059906
1990-07-17,0.5659999847412109
1990-07-18,0.5419999957084656
1990-07-19,0.5180000066757202
1990-07-20,0.5180000066757202
1990-07-21,0.4699999988079071
1990-07-22,0.4600000083446503
1990-07-23,0.44999998807907104
1990-07-24,0.4399999976158142
1990-07-25,0.4600000083446503
1990-07-26,0.3899999856948853
1990-07-27,0.3799999952316284
1990-07-28,0.3700000047683716
1990-07-29,0.3619999885559082
1990-07-30,0.33799999952316284
1990-07-31,0.32600000500679016
1990-08-01,0.3219999969005585
1990-08-02,0.3100000023841858
1990-08-03,0.2899999916553497
1990-08-04,0.27799999713897705
1990-08-05,0.2720000147819519
1990-08-06,0.2660000026226044
1990-08-07,0.2419999986886978
1990-08-08,0.20600000023841847
1990-08-09,0.20600000023841847
1990-08-10,0.19599999487400047
1990-08-11,0.1879999935626984
1990-08-12,0.1710000038146973
1990-08-13,0.1710000038146973
1990-08-14,0.16300000250339508
1990-08-15,0.15800000727176666
1990-08-16,0.15000000596046448
1990-08-17,0.1550000011920929
1990-08-18,0.16099999845027926
1990-08-19,0.15800000727176666
1990-08-20,0.15800000727176666
1990-08-21,0.16899999976158142
1990-08-22,0.16200000047683716
1990-08-23,0.15399999916553495
1990-08-24,0.15000000596046448
1990-08-25,0.16099999845027926
1990-08-26,0.1550000011920929
1990-08-27,0.1449999958276749
1990-08-28,0.14000000059604645
1990-08-29,0.13199999928474426
1990-08-30,0.2419999986886978
1990-08-31,0.19599999487400047
1990-09-01,0.1550000011920929
1990-09-02,0.1449999958276749
1990-09-03,0.13500000536441806
1990-09-04,0.13099999725818634
1990-09-05,0.12700000405311584
1990-09-06,0.12600000202655792
1990-09-07,0.12200000137090684
1990-09-08,0.1169999986886978
1990-09-09,0.1120000034570694
1990-09-10,0.10999999940395357
1990-09-11,0.10599999874830246
1990-09-12,0.10499999672174454
1990-09-13,0.10300000011920928
1990-09-14,0.10100000351667404
1990-09-15,0.10100000351667404
1990-09-16,0.10199999809265137
1990-09-17,0.10100000351667404
1990-09-18,0.0989999994635582
1990-09-19,0.09700000286102296
1990-09-20,0.0949999988079071
1990-09-21,0.09300000220537186
1990-09-22,0.090999998152256
1990-09-23,0.08699999749660492
1990-09-24,0.08500000089406967
1990-09-25,0.0820000022649765
1990-09-26,0.07400000095367433
1990-09-27,0.0729999989271164
1990-09-28,0.0689999982714653
1990-09-29,0.0729999989271164
1990-09-30,0.07800000160932541
1990-10-01,0.08299999684095383
1990-10-02,0.08500000089406967
1990-10-03,0.08299999684095383
1990-10-04,0.08299999684095383
1990-10-05,0.07900000363588333
1990-10-06,0.0820000022649765
1990-10-07,0.07900000363588333
1990-10-08,0.07599999755620956
1990-10-09,0.07900000363588333
1990-10-10,0.07699999958276749
1990-10-11,0.07800000160932541
1990-10-12,0.07699999958276749
1990-10-13,0.07900000363588333
1990-10-14,0.07900000363588333
1990-10-15,0.07900000363588333
1990-10-16,0.07800000160932541
1990-10-17,0.07800000160932541
1990-10-18,0.07900000363588333
1990-10-19,0.07800000160932541
1990-10-20,0.07599999755620956
1990-10-21,0.07900000363588333
1990-10-22,0.0860000029206276
1990-10-23,0.08500000089406967
1990-10-24,0.08399999886751175
1990-10-25,0.08299999684095383
1990-10-26,0.08299999684095383
1990-10-27,0.08299999684095383
1990-10-28,0.08399999886751175
1990-10-29,0.08500000089406967
1990-10-30,0.08399999886751175
1990-10-31,0.08699999749660492
1990-11-01,0.0860000029206276
1990-11-02,0.08500000089406967
1990-11-03,0.08699999749660492
1990-11-04,0.0860000029206276
1990-11-05,0.08500000089406967
1990-11-06,0.08399999886751175
1990-11-07,0.0860000029206276
1990-11-08,0.07999999821186066
1990-11-09,0.2899999916553497
1990-11-10,1.0700000524520874
1990-11-11,0.4050000011920929
1990-11-12,0.3179999887943268
1990-11-13,0.3059999942779541
1990-11-14,0.2840000092983246
1990-11-15,0.2240000069141388
1990-11-16,0.19200000166893005
1990-11-17,0.1710000038146973
1990-11-18,0.16500000655651093
1990-11-19,0.1589999943971634
1990-11-20,0.1449999958276749
1990-11-21,0.13600000739097595
1990-11-22,0.15800000727176666
1990-11-23,0.16899999976158142
1990-11-24,0.19200000166893005
1990-11-25,0.1879999935626984
1990-11-26,0.18400000035762787
1990-11-27,0.16500000655651093
1990-11-28,0.1449999958276749
1990-11-29,0.13699999451637268
1990-11-30,0.1340000033378601
1990-12-01,0.13199999928474426
1990-12-02,0.12999999523162842
1990-12-03,0.13699999451637268
1990-12-04,0.1420000046491623
1990-12-05,0.13600000739097595
1990-12-06,0.13600000739097595
1990-12-07,0.13600000739097595
1990-12-08,0.13500000536441806
1990-12-09,0.13600000739097595
1990-12-10,0.13699999451637268
1990-12-11,0.13600000739097595
1990-12-12,0.13199999928474426
1990-12-13,0.12800000607967374
1990-12-14,0.125
1990-12-15,0.12600000202655792
1990-12-16,0.10999999940395357
1990-12-17,0.10700000077486037
1990-12-18,0.10300000011920928
1990-12-19,0.10199999809265137
1990-12-20,0.10100000351667404
1990-12-21,0.10199999809265137
1990-12-22,0.1040000021457672
1990-12-23,0.10599999874830246
1990-12-24,0.1080000028014183
1990-12-25,0.10899999737739564
1990-12-26,0.10700000077486037
1990-12-27,0.10300000011920928
1990-12-28,0.10000000149011612
1990-12-29,0.09799999743700027
1990-12-30,0.09700000286102296
1990-12-31,0.09600000083446504
1991-01-01,0.09600000083446504
1991-01-02,0.09000000357627869
1991-01-03,0.08399999886751175
1991-01-04,0.07900000363588333
1991-01-05,0.07599999755620956
1991-01-06,0.07900000363588333
1991-01-07,0.0820000022649765
1991-01-08,0.08500000089406967
1991-01-09,0.09000000357627869
1991-01-10,0.08299999684095383
1991-01-11,0.08299999684095383
1991-01-12,0.08299999684095383
1991-01-13,0.08299999684095383
1991-01-14,0.08299999684095383
1991-01-15,0.0820000022649765
1991-01-16,0.0860000029206276
1991-01-17,0.0820000022649765
1991-01-18,0.08299999684095383
1991-01-19,0.0860000029206276
1991-01-20,0.08299999684095383
1991-01-21,0.08299999684095383
1991-01-22,0.08500000089406967
1991-01-23,0.08699999749660492
1991-01-24,0.08799999952316284
1991-01-25,0.09000000357627869
1991-01-26,0.08699999749660492
1991-01-27,0.08399999886751175
1991-01-28,0.08299999684095383
1991-01-29,0.08100000023841858
1991-01-30,0.08399999886751175
1991-01-31,0.07800000160932541
1991-02-01,0.08799999952316284
1991-02-02,0.07800000160932541
1991-02-03,0.08799999952316284
1991-02-04,0.08900000154972076
1991-02-05,0.09799999743700027
1991-02-06,0.10599999874830246
1991-02-07,0.11299999803304672
1991-02-08,0.125
1991-02-09,0.125
1991-02-10,0.12600000202655792
1991-02-11,0.12700000405311584
1991-02-12,0.12700000405311584
1991-02-13,0.1289999932050705
1991-02-14,0.13899999856948853
1991-02-15,0.14900000393390656
1991-02-16,0.1710000038146973
1991-02-17,0.17299999296665192
1991-02-18,0.17299999296665192
1991-02-19,0.1770000010728836
1991-02-20,0.19099999964237213
1991-02-21,0.19200000166893005
1991-02-22,0.19699999690055847
1991-02-23,0.19900000095367432
1991-02-24,0.20100000500679016
1991-02-25,0.20499999821186066
1991-02-26,0.20900000631809235
1991-02-27,0.21299999952316284
1991-02-28,0.22499999403953552
1991-03-01,0.22499999403953552
1991-03-02,0.23100000619888306
1991-03-03,0.2269999980926513
1991-03-04,0.2240000069141388
1991-03-05,0.20100000500679016
1991-03-06,0.2179999947547913
1991-03-07,0.2150000035762787
1991-03-08,0.2179999947547913
1991-03-09,0.2150000035762787
1991-03-10,0.2179999947547913
1991-03-11,0.22100000083446505
1991-03-12,0.20999999344348907
1991-03-13,0.2179999947547913
1991-03-14,0.2150000035762787
1991-03-15,0.2169999927282333
1991-03-16,0.22300000488758087
1991-03-17,0.22300000488758087
1991-03-18,0.2169999927282333
1991-03-19,0.22599999606609344
1991-03-20,0.24799999594688416
1991-03-21,0.2680000066757202
1991-03-22,0.2879999876022339
1991-03-23,0.296999990940094
1991-03-24,0.2919999957084656
1991-03-25,0.3009999990463257
1991-03-26,0.2709999978542328
1991-03-27,0.2960000038146973
1991-03-28,0.3050000071525574
1991-03-29,0.3219999969005585
1991-03-30,0.3429999947547913
1991-03-31,0.43299999833107
1991-04-01,0.5460000038146973
1991-04-02,0.7950000166893005
1991-04-03,0.9549999833106996
1991-04-04,0.9639999866485596
1991-04-05,1.1699999570846558
1991-04-06,1.5800000429153442
1991-04-07,1.4199999570846558
1991-04-08,1.2899999618530271
1991-04-09,1.2699999809265137
1991-04-10,1.2000000476837158
1991-04-11,1.1799999475479126
1991-04-12,1.1399999856948853
1991-04-13,1.2000000476837158
1991-04-14,1.4299999475479126
1991-04-15,1.809999942779541
1991-04-16,1.9900000095367432
1991-04-17,2.059999942779541
1991-04-18,2.0899999141693115
1991-04-19,2.1400001049041752
1991-04-20,2.220000028610229
1991-04-21,2.2699999809265137
1991-04-22,2.4800000190734863
1991-04-23,2.869999885559082
1991-04-24,2.5899999141693115
1991-04-25,2.309999942779541
1991-04-26,2.2699999809265137
1991-04-27,2.0899999141693115
1991-04-28,1.690000057220459
1991-04-29,1.6200000047683716
1991-04-30,1.600000023841858
1991-05-01,1.5700000524520874
1991-05-02,1.5499999523162842
1991-05-03,1.5700000524520874
1991-05-04,1.809999942779541
1991-05-05,2.009999990463257
1991-05-06,2.059999942779541
1991-05-07,1.9900000095367432
1991-05-08,2.359999895095825
1991-05-09,2.5899999141693115
1991-05-10,2.4300000667572017
1991-05-11,2.2699999809265137
1991-05-12,2.380000114440918
1991-05-13,2.6800000667572017
1991-05-14,2.2699999809265137
1991-05-15,2.1199998855590816
1991-05-16,2.0899999141693115
1991-05-17,2.3299999237060547
1991-05-18,2.539999961853028
1991-05-19,2.7699999809265137
1991-05-20,2.650000095367432
1991-05-21,2.539999961853028
1991-05-22,2.289999961853028
1991-05-23,1.940000057220459
1991-05-24,2.2300000190734863
1991-05-25,1.8899999856948853
1991-05-26,1.75
1991-05-27,1.600000023841858
1991-05-28,1.5800000429153442
1991-05-29,1.4299999475479126
1991-05-30,1.399999976158142
1991-05-31,1.3200000524520874
1991-06-01,1.2899999618530271
1991-06-02,1.2699999809265137
1991-06-03,1.149999976158142
1991-06-04,1.0700000524520874
1991-06-05,0.9259999990463256
1991-06-06,0.9419999718666076
1991-06-07,0.9589999914169312
1991-06-08,0.9350000023841858
1991-06-09,0.8949999809265137
1991-06-10,0.8949999809265137
1991-06-11,0.847000002861023
1991-06-12,0.7990000247955322
1991-06-13,0.7699999809265137
1991-06-14,0.7559999823570251
1991-06-15,0.7289999723434448
1991-06-16,0.6869999766349792
1991-06-17,0.6589999794960022
1991-06-18,0.6460000276565552
1991-06-19,0.6340000033378601
1991-06-20,0.6589999794960022
1991-06-21,0.6880000233650208
1991-06-22,0.7020000219345093
1991-06-23,0.7300000190734863
1991-06-24,0.6600000262260437
1991-06-25,0.6880000233650208
1991-06-26,0.6600000262260437
1991-06-27,0.6470000147819519
1991-06-28,0.6349999904632568
1991-06-29,0.6230000257492065
1991-06-30,0.6000000238418579
1991-07-01,0.5400000214576721
1991-07-02,0.4679999947547913
1991-07-03,0.4280000030994415
1991-07-04,0.39800000190734863
1991-07-05,0.3689999878406525
1991-07-06,0.3429999947547913
1991-07-07,0.3350000083446503
1991-07-08,0.3350000083446503
1991-07-09,0.33000001311302185
1991-07-10,0.3219999969005585
1991-07-11,0.3129999935626984
1991-07-12,0.3050000071525574
1991-07-13,0.2919999957084656
1991-07-14,0.2759999930858612
1991-07-15,0.2919999957084656
1991-07-16,0.3179999887943268
1991-07-17,0.335999995470047
1991-07-18,0.3009999990463257
1991-07-19,0.2759999930858612
1991-07-20,0.2759999930858612
1991-07-21,0.25999999046325684
1991-07-22,0.25200000405311584
1991-07-23,0.22599999606609344
1991-07-24,0.22100000083446505
1991-07-25,0.2269999980926513
1991-07-26,0.22100000083446505
1991-07-27,0.1979999989271164
1991-07-28,0.1860000044107437
1991-07-29,0.18000000715255735
1991-07-30,0.16599999368190765
1991-07-31,0.16500000655651093
1991-08-01,0.16500000655651093
1991-08-02,0.15299999713897705
1991-08-03,0.15000000596046448
1991-08-04,0.13699999451637268
1991-08-05,0.13199999928474426
1991-08-06,0.119999997317791
1991-08-07,0.11100000143051147
1991-08-08,0.11599999666213988
1991-08-09,0.1809999942779541
1991-08-10,0.1720000058412552
1991-08-11,0.1860000044107437
1991-08-12,0.20499999821186066
1991-08-13,0.20499999821186066
1991-08-14,0.17800000309944153
1991-08-15,0.14900000393390656
1991-08-16,0.13500000536441806
1991-08-17,0.12800000607967374
1991-08-18,0.12099999934434892
1991-08-19,0.11599999666213988
1991-08-20,0.1040000021457672
1991-08-21,0.1040000021457672
1991-08-22,0.09700000286102296
1991-08-23,0.09600000083446504
1991-08-24,0.09399999678134917
1991-08-25,0.09200000017881392
1991-08-26,0.0949999988079071
1991-08-27,0.12600000202655792
1991-08-28,0.193000003695488
1991-08-29,0.1879999935626984
1991-08-30,0.17399999499320984
1991-08-31,0.2169999927282333
1991-09-01,0.19599999487400047
1991-09-02,0.17299999296665192
1991-09-03,0.15000000596046448
1991-09-04,0.1379999965429306
1991-09-05,0.13099999725818634
1991-09-06,0.12399999797344208
1991-09-07,0.12800000607967374
1991-09-08,0.13600000739097595
1991-09-09,0.12600000202655792
1991-09-10,0.11900000274181365
1991-09-11,0.11400000005960464
1991-09-12,0.10100000351667404
1991-09-13,0.09700000286102296
1991-09-14,0.0949999988079071
1991-09-15,0.09300000220537186
1991-09-16,0.08900000154972076
1991-09-17,0.08799999952316284
1991-09-18,0.08699999749660492
1991-09-19,0.08500000089406967
1991-09-20,0.08500000089406967
1991-09-21,0.08500000089406967
1991-09-22,0.08500000089406967
1991-09-23,0.08500000089406967
1991-09-24,0.08399999886751175
1991-09-25,0.08399999886751175
1991-09-26,0.07500000298023224
1991-09-27,0.07400000095367433
1991-09-28,0.07199999690055847
1991-09-29,0.06199999898672104
1991-09-30,0.07100000232458115
1991-10-01,0.0689999982714653
1991-10-02,0.06700000166893005
1991-10-03,0.06700000166893005
1991-10-04,0.06700000166893005
1991-10-05,0.06700000166893005
1991-10-06,0.06700000166893005
1991-10-07,0.06499999761581421
1991-10-08,0.06400000303983687
1991-10-09,0.06400000303983687
1991-10-10,0.06300000101327896
1991-10-11,0.06199999898672104
1991-10-12,0.06199999898672104
1991-10-13,0.06199999898672104
1991-10-14,0.06199999898672104
1991-10-15,0.052000001072883606
1991-10-16,0.052000001072883606
1991-10-17,0.06300000101327896
1991-10-18,0.06300000101327896
1991-10-19,0.06700000166893005
1991-10-20,0.0729999989271164
1991-10-21,0.0729999989271164
1991-10-22,0.06700000166893005
1991-10-23,0.06199999898672104
1991-10-24,0.06300000101327896
1991-10-25,0.06199999898672104
1991-10-26,0.06199999898672104
1991-10-27,0.061000000685453415
1991-10-28,0.061000000685453415
1991-10-29,0.05799999833106995
1991-10-30,0.061000000685453415
1991-10-31,0.061000000685453415
1991-11-01,0.061000000685453415
1991-11-02,0.061000000685453415
1991-11-03,0.061000000685453415
1991-11-04,0.061000000685453415
1991-11-05,0.061000000685453415
1991-11-06,0.061000000685453415
1991-11-07,0.06199999898672104
1991-11-08,0.06199999898672104
1991-11-09,0.06700000166893005
1991-11-10,0.06700000166893005
1991-11-11,0.07000000029802322
1991-11-12,0.0689999982714653
1991-11-13,0.0689999982714653
1991-11-14,0.06700000166893005
1991-11-15,0.06700000166893005
1991-11-16,0.06700000166893005
1991-11-17,0.06700000166893005
1991-11-18,0.06700000166893005
1991-11-19,0.06700000166893005
1991-11-20,0.06700000166893005
1991-11-21,0.06700000166893005
1991-11-22,0.06700000166893005
1991-11-23,0.06199999898672104
1991-11-24,0.06199999898672104
1991-11-25,0.06199999898672104
1991-11-26,0.06199999898672104
1991-11-27,0.06199999898672104
1991-11-28,0.06199999898672104
1991-11-29,0.06199999898672104
1991-11-30,0.06199999898672104
1991-12-01,0.061000000685453415
1991-12-02,0.061000000685453415
1991-12-03,0.06199999898672104
1991-12-04,0.06199999898672104
1991-12-05,0.06199999898672104
1991-12-06,0.06199999898672104
1991-12-07,0.06199999898672104
1991-12-08,0.06199999898672104
1991-12-09,0.06199999898672104
1991-12-10,0.06199999898672104
1991-12-11,0.06199999898672104
1991-12-12,0.06199999898672104
1991-12-13,0.06199999898672104
1991-12-14,0.05400000140070915
1991-12-15,0.04399999976158142
1991-12-16,0.039000000804662704
1991-12-17,0.04199999943375588
1991-12-18,0.061000000685453415
1991-12-19,0.052000001072883606
1991-12-20,0.052000001072883606
1991-12-21,0.052000001072883606
1991-12-22,0.052000001072883606
1991-12-23,0.052000001072883606
1991-12-24,0.052000001072883606
1991-12-25,0.052000001072883606
1991-12-26,0.052000001072883606
1991-12-27,0.052000001072883606
1991-12-28,0.052000001072883606
1991-12-29,0.052000001072883606
1991-12-30,0.052000001072883606
1991-12-31,0.052000001072883606
1992-01-01,0.050999999046325684
1992-01-02,0.050999999046325684
1992-01-03,0.050999999046325684
1992-01-04,0.050999999046325684
1992-01-05,0.050999999046325684
1992-01-06,0.050999999046325684
1992-01-07,0.050999999046325684
1992-01-08,0.07100000232458115
1992-01-09,0.0560000017285347
1992-01-10,0.059999998658895486
1992-01-11,0.059999998658895486
1992-01-12,0.059999998658895486
1992-01-13,0.059999998658895486
1992-01-14,0.059999998658895486
1992-01-15,0.0560000017285347
1992-01-16,0.050999999046325684
1992-01-17,0.050999999046325684
1992-01-18,0.050999999046325684
1992-01-19,0.050999999046325684
1992-01-20,0.05000000074505806
1992-01-21,0.050999999046325684
1992-01-22,0.050999999046325684
1992-01-23,0.05799999833106995
1992-01-24,0.05299999937415123
1992-01-25,0.054999999701976776
1992-01-26,0.05299999937415123
1992-01-27,0.050999999046325684
1992-01-28,0.050999999046325684
1992-01-29,0.050999999046325684
1992-01-30,0.0560000017285347
1992-01-31,0.059999998658895486
1992-02-01,0.061000000685453415
1992-02-02,0.061000000685453415
1992-02-03,0.061000000685453415
1992-02-04,0.061000000685453415
1992-02-05,0.061000000685453415
1992-02-06,0.061000000685453415
1992-02-07,0.059999998658895486
1992-02-08,0.059999998658895486
1992-02-09,0.059999998658895486
1992-02-10,0.059999998658895486
1992-02-11,0.059000000357627876
1992-02-12,0.059999998658895486
1992-02-13,0.059999998658895486
1992-02-14,0.059999998658895486
1992-02-15,0.059999998658895486
1992-02-16,0.059999998658895486
1992-02-17,0.059999998658895486
1992-02-18,0.059999998658895486
1992-02-19,0.061000000685453415
1992-02-20,0.061000000685453415
1992-02-21,0.061000000685453415
1992-02-22,0.06499999761581421
1992-02-23,0.06400000303983687
1992-02-24,0.06300000101327896
1992-02-25,0.06300000101327896
1992-02-26,0.06499999761581421
1992-02-27,0.06700000166893005
1992-02-28,0.07000000029802322
1992-02-29,0.07199999690055847
1992-03-01,0.07999999821186066
1992-03-02,0.12399999797344208
1992-03-03,0.1449999958276749
1992-03-04,0.13199999928474426
1992-03-05,0.13899999856948853
1992-03-06,0.1459999978542328
1992-03-07,0.1509999930858612
1992-03-08,0.1550000011920929
1992-03-09,0.15000000596046448
1992-03-10,0.1550000011920929
1992-03-11,0.1589999943971634
1992-03-12,0.17299999296665192
1992-03-13,0.19099999964237213
1992-03-14,0.2380000054836273
1992-03-15,0.3019999861717224
1992-03-16,0.4099999964237213
1992-03-17,0.5839999914169312
1992-03-18,0.5419999957084656
1992-03-19,0.5059999823570251
1992-03-20,0.4699999988079071
1992-03-21,0.4600000083446503
1992-03-22,0.44999998807907104
1992-03-23,0.4399999976158142
1992-03-24,0.4600000083446503
1992-03-25,0.4699999988079071
1992-03-26,0.4699999988079071
1992-03-27,0.578000009059906
1992-03-28,0.5299999713897705
1992-03-29,0.4819999933242798
1992-03-30,0.4699999988079071
1992-03-31,0.4699999988079071
1992-04-01,0.5189999938011169
1992-04-02,0.5910000205039978
1992-04-03,0.6790000200271606
1992-04-04,0.6790000200271606
1992-04-05,0.6150000095367432
1992-04-06,0.5849999785423279
1992-04-07,0.5429999828338623
1992-04-08,0.5189999938011169
1992-04-09,0.5070000290870667
1992-04-10,0.4830000102519989
1992-04-11,0.4609999954700471
1992-04-12,0.4609999954700471
1992-04-13,0.4609999954700471
1992-04-14,0.4709999859333038
1992-04-15,0.5189999938011169
1992-04-16,0.5799999833106995
1992-04-17,0.6800000071525574
1992-04-18,0.6800000071525574
1992-04-19,0.6399999856948853
1992-04-20,0.6520000100135803
1992-04-21,0.6520000100135803
1992-04-22,0.6399999856948853
1992-04-23,0.6159999966621399
1992-04-24,0.5920000076293945
1992-04-25,0.5799999833106995
1992-04-26,0.5920000076293945
1992-04-27,0.6399999856948853
1992-04-28,0.7089999914169312
1992-04-29,0.7229999899864197
1992-04-30,0.7929999828338623
1992-05-01,0.7929999828338623
1992-05-02,0.7229999899864197
1992-05-03,0.7229999899864197
1992-05-04,0.7509999871253967
1992-05-05,0.7940000295639038
1992-05-06,0.8259999752044678
1992-05-07,1.1200000047683716
1992-05-08,0.7940000295639038
1992-05-09,0.7519999742507935
1992-05-10,0.7799999713897705
1992-05-11,0.6959999799728394
1992-05-12,0.640999972820282
1992-05-13,0.6290000081062317
1992-05-14,0.6050000190734863
1992-05-15,0.5929999947547913
1992-05-16,0.5820000171661377
1992-05-17,0.5580000281333923
1992-05-18,0.5220000147819519
1992-05-19,0.5220000147819519
1992-05-20,0.5220000147819519
1992-05-21,0.4860000014305115
1992-05-22,0.4679999947547913
1992-05-23,0.4740000069141388
1992-05-24,0.4629999995231629
1992-05-25,0.4629999995231629
1992-05-26,0.5220000147819519
1992-05-27,0.5339999794960022
1992-05-28,0.4860000014305115
1992-05-29,0.4639999866485596
1992-05-30,0.4539999961853027
1992-05-31,0.4239999949932098
1992-06-01,0.3840000033378601
1992-06-02,0.3740000128746033
1992-06-03,0.3650000095367432
1992-06-04,0.3389999866485596
1992-06-05,0.3129999935626984
1992-06-06,0.3050000071525574
1992-06-07,0.2709999978542328
1992-06-08,0.2630000114440918
1992-06-09,0.2409999966621399
1992-06-10,0.2290000021457672
1992-06-11,0.22300000488758087
1992-06-12,0.2169999927282333
1992-06-13,0.3389999866485596
1992-06-14,0.2960000038146973
1992-06-15,0.24799999594688416
1992-06-16,0.2169999927282333
1992-06-17,0.20000000298023224
1992-06-18,0.1899999976158142
1992-06-19,0.1809999942779541
1992-06-20,0.17900000512599945
1992-06-21,0.15600000321865082
1992-06-22,0.15299999713897705
1992-06-23,0.1379999965429306
1992-06-24,0.1330000013113022
1992-06-25,0.12300000339746475
1992-06-26,0.11599999666213988
1992-06-27,0.11599999666213988
1992-06-28,0.0949999988079071
1992-06-29,0.14000000059604645
1992-06-30,0.14000000059604645
1992-07-01,0.14000000059604645
1992-07-02,0.13600000739097595
1992-07-03,0.15600000321865082
1992-07-04,0.1430000066757202
1992-07-05,0.1679999977350235
1992-07-06,0.15600000321865082
1992-07-07,0.1459999978542328
1992-07-08,0.14800000190734866
1992-07-09,0.1340000033378601
1992-07-10,0.12200000137090684
1992-07-11,0.12200000137090684
1992-07-12,0.11599999666213988
1992-07-13,0.10999999940395357
1992-07-14,0.10999999940395357
1992-07-15,0.1040000021457672
1992-07-16,0.09300000220537186
1992-07-17,0.08699999749660492
1992-07-18,0.08100000023841858
1992-07-19,0.07100000232458115
1992-07-20,0.0689999982714653
1992-07-21,0.0689999982714653
1992-07-22,0.0860000029206276
1992-07-23,0.07100000232458115
1992-07-24,0.10499999672174454
1992-07-25,0.0860000029206276
1992-07-26,0.0729999989271164
1992-07-27,0.0689999982714653
1992-07-28,0.06300000101327896
1992-07-29,0.06300000101327896
1992-07-30,0.059000000357627876
1992-07-31,0.061000000685453415
1992-08-01,0.061000000685453415
1992-08-02,0.059000000357627876
1992-08-03,0.050999999046325684
1992-08-04,0.050999999046325684
1992-08-05,0.06300000101327896
1992-08-06,0.059000000357627876
1992-08-07,0.12399999797344208
1992-08-08,0.08399999886751175
1992-08-09,0.07199999690055847
1992-08-10,0.06400000303983687
1992-08-11,0.06199999898672104
1992-08-12,0.059999998658895486
1992-08-13,0.05799999833106995
1992-08-14,0.05799999833106995
1992-08-15,0.05400000140070915
1992-08-16,0.052000001072883606
1992-08-17,0.052000001072883606
1992-08-18,0.05000000074505806
1992-08-19,0.039000000804662704
1992-08-20,0.04100000113248825
1992-08-21,0.04100000113248825
1992-08-22,0.03400000184774399
1992-08-23,0.035999998450279236
1992-08-24,0.03799999877810478
1992-08-25,0.035999998450279236
1992-08-26,0.03400000184774399
1992-08-27,0.03400000184774399
1992-08-28,0.032999999821186066
1992-08-29,0.03400000184774399
1992-08-30,0.03099999949336052
1992-08-31,0.03099999949336052
1992-09-01,0.03099999949336052
1992-09-02,0.035999998450279236
1992-09-03,0.035999998450279236
1992-09-04,0.03799999877810478
1992-09-05,0.039000000804662704
1992-09-06,0.04100000113248825
1992-09-07,0.03799999877810478
1992-09-08,0.06199999898672104
1992-09-09,0.05799999833106995
1992-09-10,0.04600000008940697
1992-09-11,0.04399999976158142
1992-09-12,0.04100000113248825
1992-09-13,0.045000001788139336
1992-09-14,0.052000001072883606
1992-09-15,0.04600000008940697
1992-09-16,0.04600000008940697
1992-09-17,0.045000001788139336
1992-09-18,0.045000001788139336
1992-09-19,0.0430000014603138
1992-09-20,0.0430000014603138
1992-09-21,0.04100000113248825
1992-09-22,0.04100000113248825
1992-09-23,0.04100000113248825
1992-09-24,0.052000001072883606
1992-09-25,0.14800000190734866
1992-09-26,0.09600000083446504
1992-09-27,0.09600000083446504
1992-09-28,0.07400000095367433
1992-09-29,0.06199999898672104
1992-09-30,0.059999998658895486
1992-10-01,0.05799999833106995
1992-10-02,0.052000001072883606
1992-10-03,0.04800000041723251
1992-10-04,0.04600000008940697
1992-10-05,0.04600000008940697
1992-10-06,0.04600000008940697
1992-10-07,0.04600000008940697
1992-10-08,0.04600000008940697
1992-10-09,0.045000001788139336
1992-10-10,0.045000001788139336
1992-10-11,0.045000001788139336
1992-10-12,0.045000001788139336
1992-10-13,0.05000000074505806
1992-10-14,0.05000000074505806
1992-10-15,0.04800000041723251
1992-10-16,0.05000000074505806
1992-10-17,0.04600000008940697
1992-10-18,0.04800000041723251
1992-10-19,0.052000001072883606
1992-10-20,0.052000001072883606
1992-10-21,0.059999998658895486
1992-10-22,0.06199999898672104
1992-10-23,0.06700000166893005
1992-10-24,0.06199999898672104
1992-10-25,0.061000000685453415
1992-10-26,0.059999998658895486
1992-10-27,0.059999998658895486
1992-10-28,0.05700000002980232
1992-10-29,0.0560000017285347
1992-10-30,0.0560000017285347
1992-10-31,0.06199999898672104
1992-11-01,0.06199999898672104
1992-11-02,0.059999998658895486
1992-11-03,0.05799999833106995
1992-11-04,0.0820000022649765
1992-11-05,0.06700000166893005
1992-11-06,0.0820000022649765
1992-11-07,0.13199999928474426
1992-11-08,0.1080000028014183
1992-11-09,0.090999998152256
1992-11-10,0.07599999755620956
1992-11-11,0.07599999755620956
1992-11-12,0.07199999690055847
1992-11-13,0.06700000166893005
1992-11-14,0.07199999690055847
1992-11-15,0.07000000029802322
1992-11-16,0.07800000160932541
1992-11-17,0.09300000220537186
1992-11-18,0.090999998152256
1992-11-19,0.0989999994635582
1992-11-20,0.08699999749660492
1992-11-21,0.0820000022649765
1992-11-22,0.08399999886751175
1992-11-23,0.07000000029802322
1992-11-24,0.07400000095367433
1992-11-25,0.06199999898672104
1992-11-26,0.06599999964237213
1992-11-27,0.07199999690055847
1992-11-28,0.06199999898672104
1992-11-29,0.061000000685453415
1992-11-30,0.05799999833106995
1992-12-01,0.06800000369548798
1992-12-02,0.06199999898672104
1992-12-03,0.06199999898672104
1992-12-04,0.052000001072883606
1992-12-05,0.04699999839067458
1992-12-06,0.05000000074505806
1992-12-07,0.059999998658895486
1992-12-08,0.059999998658895486
1992-12-09,0.059999998658895486
1992-12-10,0.059999998658895486
1992-12-11,0.059999998658895486
1992-12-12,0.059999998658895486
1992-12-13,0.059999998658895486
1992-12-14,0.06199999898672104
1992-12-15,0.06199999898672104
1992-12-16,0.06199999898672104
1992-12-17,0.06199999898672104
1992-12-18,0.052000001072883606
1992-12-19,0.04899999871850014
1992-12-20,0.052000001072883606
1992-12-21,0.05700000002980232
1992-12-22,0.059999998658895486
1992-12-23,0.06199999898672104
1992-12-24,0.06199999898672104
1992-12-25,0.06199999898672104
1992-12-26,0.06199999898672104
1992-12-27,0.05799999833106995
1992-12-28,0.05400000140070915
1992-12-29,0.05000000074505806
1992-12-30,0.04899999871850014
1992-12-31,0.04800000041723251
1993-01-01,0.05000000074505806
1993-01-02,0.0560000017285347
1993-01-03,0.06499999761581421
1993-01-04,0.06300000101327896
1993-01-05,0.061000000685453415
1993-01-06,0.059999998658895486
1993-01-07,0.061000000685453415
1993-01-08,0.06300000101327896
1993-01-09,0.06300000101327896
1993-01-10,0.061000000685453415
1993-01-11,0.06700000166893005
1993-01-12,0.06800000369548798
1993-01-13,0.06300000101327896
1993-01-14,0.059999998658895486
1993-01-15,0.0729999989271164
1993-01-16,0.05400000140070915
1993-01-17,0.05400000140070915
1993-01-18,0.05400000140070915
1993-01-19,0.0560000017285347
1993-01-20,0.0560000017285347
1993-01-21,0.054999999701976776
1993-01-22,0.050999999046325684
1993-01-23,0.04899999871850014
1993-01-24,0.050999999046325684
1993-01-25,0.05400000140070915
1993-01-26,0.05400000140070915
1993-01-27,0.06400000303983687
1993-01-28,0.06400000303983687
1993-01-29,0.06400000303983687
1993-01-30,0.06400000303983687
1993-01-31,0.06400000303983687
1993-02-01,0.06199999898672104
1993-02-02,0.05400000140070915
1993-02-03,0.05400000140070915
1993-02-04,0.05400000140070915
1993-02-05,0.05400000140070915
1993-02-06,0.05400000140070915
1993-02-07,0.05400000140070915
1993-02-08,0.05400000140070915
1993-02-09,0.054999999701976776
1993-02-10,0.0560000017285347
1993-02-11,0.0560000017285347
1993-02-12,0.05799999833106995
1993-02-13,0.05799999833106995
1993-02-14,0.05400000140070915
1993-02-15,0.050999999046325684
1993-02-16,0.05000000074505806
1993-02-17,0.052000001072883606
1993-02-18,0.054999999701976776
1993-02-19,0.059999998658895486
1993-02-20,0.06599999964237213
1993-02-21,0.06400000303983687
1993-02-22,0.06400000303983687
1993-02-23,0.0560000017285347
1993-02-24,0.059999998658895486
1993-02-25,0.06199999898672104
1993-02-26,0.06400000303983687
1993-02-27,0.0560000017285347
1993-02-28,0.06199999898672104
1993-03-01,0.0560000017285347
1993-03-02,0.0560000017285347
1993-03-03,0.0560000017285347
1993-03-04,0.0560000017285347
1993-03-05,0.0560000017285347
1993-03-06,0.0560000017285347
1993-03-07,0.0560000017285347
1993-03-08,0.05799999833106995
1993-03-09,0.05799999833106995
1993-03-10,0.05799999833106995
1993-03-11,0.05799999833106995
1993-03-12,0.06199999898672104
1993-03-13,0.06599999964237213
1993-03-14,0.06400000303983687
1993-03-15,0.06199999898672104
1993-03-16,0.06400000303983687
1993-03-17,0.06400000303983687
1993-03-18,0.06400000303983687
1993-03-19,0.06400000303983687
1993-03-20,0.06400000303983687
1993-03-21,0.06400000303983687
1993-03-22,0.06400000303983687
1993-03-23,0.08500000089406967
1993-03-24,0.09600000083446504
1993-03-25,0.1080000028014183
1993-03-26,0.1080000028014183
1993-03-27,0.1080000028014183
1993-03-28,0.1080000028014183
1993-03-29,0.11800000071525575
1993-03-30,0.12300000339746475
1993-03-31,0.14000000059604645
1993-04-01,0.15800000727176666
1993-04-02,0.2949999868869781
1993-04-03,0.4970000088214874
1993-04-04,0.7239999771118164
1993-04-05,1.0900000333786009
1993-04-06,1.0
1993-04-07,0.99099999666214
1993-04-08,1.190000057220459
1993-04-09,1.5099999904632568
1993-04-10,1.6299999952316284
1993-04-11,1.399999976158142
1993-04-12,1.309999942779541
1993-04-13,1.2899999618530271
1993-04-14,1.309999942779541
1993-04-15,1.2899999618530271
1993-04-16,1.399999976158142
1993-04-17,1.6699999570846558
1993-04-18,1.870000004768372
1993-04-19,2.1300001144409184
1993-04-20,2.289999961853028
1993-04-21,2.4600000381469727
1993-04-22,2.7899999618530287
1993-04-23,2.8299999237060547
1993-04-24,2.720000028610229
1993-04-25,3.2300000190734863
1993-04-26,3.609999895095825
1993-04-27,3.3299999237060547
1993-04-28,2.9600000381469727
1993-04-29,3.0
1993-04-30,3.25
1993-05-01,3.0799999237060547
1993-05-02,2.9200000762939453
1993-05-03,2.759999990463257
1993-05-04,2.5999999046325684
1993-05-05,2.5999999046325684
1993-05-06,3.190000057220459
1993-05-07,3.0799999237060547
1993-05-08,2.759999990463257
1993-05-09,2.440000057220459
1993-05-10,2.5
1993-05-11,3.220000028610228
1993-05-12,3.650000095367432
1993-05-13,4.46999979019165
1993-05-14,5.019999980926514
1993-05-15,4.829999923706055
1993-05-16,4.2199997901916495
1993-05-17,3.759999990463257
1993-05-18,3.4200000762939453
1993-05-19,3.0799999237060547
1993-05-20,2.759999990463257
1993-05-21,2.5999999046325684
1993-05-22,2.440000057220459
1993-05-23,1.9900000095367432
1993-05-24,1.9299999475479128
1993-05-25,1.6599999666213991
1993-05-26,1.4600000381469729
1993-05-27,1.3899999856948853
1993-05-28,1.4099999666213991
1993-05-29,1.9600000381469729
1993-05-30,1.4900000095367432
1993-05-31,1.350000023841858
1993-06-01,1.2699999809265137
1993-06-02,1.1599999666213991
1993-06-03,1.1100000143051147
1993-06-04,1.1100000143051147
1993-06-05,1.1100000143051147
1993-06-06,0.9089999794960022
1993-06-07,0.8730000257492065
1993-06-08,0.7829999923706055
1993-06-09,0.7649999856948853
1993-06-10,0.9559999704360962
1993-06-11,0.9300000071525574
1993-06-12,0.7829999923706055
1993-06-13,0.7829999923706055
1993-06-14,0.6990000009536743
1993-06-15,0.6990000009536743
1993-06-16,0.6830000281333923
1993-06-17,0.625
1993-06-18,0.5569999814033508
1993-06-19,0.5569999814033508
1993-06-20,0.5180000066757202
1993-06-21,0.5569999814033508
1993-06-22,0.5559999942779541
1993-06-23,0.5429999828338623
1993-06-24,0.5559999942779541
1993-06-25,0.5299999713897705
1993-06-26,0.4959999918937683
1993-06-27,0.625
1993-06-28,0.5559999942779541
1993-06-29,0.4959999918937683
1993-06-30,0.4959999918937683
1993-07-01,0.4740000069141388
1993-07-02,0.4740000069141388
1993-07-03,0.4539999961853027
1993-07-04,0.4539999961853027
1993-07-05,0.4539999961853027
1993-07-06,0.4339999854564667
1993-07-07,0.4339999854564667
1993-07-08,0.3959999978542328
1993-07-09,0.4339999854564667
1993-07-10,0.5820000171661377
1993-07-11,0.6980000138282776
1993-07-12,0.6980000138282776
1993-07-13,0.6240000128746033
1993-07-14,0.5889999866485596
1993-07-15,0.5550000071525574
1993-07-16,0.5550000071525574
1993-07-17,0.5690000057220459
1993-07-18,0.6240000128746033
1993-07-19,0.6240000128746033
1993-07-20,0.6230000257492065
1993-07-21,0.7979999780654907
1993-07-22,0.7799999713897705
1993-07-23,0.7279999852180481
1993-07-24,0.6970000267028809
1993-07-25,0.6230000257492065
1993-07-26,0.6230000257492065
1993-07-27,0.5950000286102295
1993-07-28,0.6230000257492065
1993-07-29,0.6230000257492065
1993-07-30,0.977999985218048
1993-07-31,0.6959999799728394
1993-08-01,0.6230000257492065
1993-08-02,0.5680000185966492
1993-08-03,0.5540000200271606
1993-08-04,0.5540000200271606
1993-08-05,0.5410000085830688
1993-08-06,0.527999997138977
1993-08-07,0.4950000047683716
1993-08-08,0.453000009059906
1993-08-09,0.453000009059906
1993-08-10,0.4429999887943268
1993-08-11,0.40400001406669617
1993-08-12,0.40400001406669617
1993-08-13,0.40400001406669617
1993-08-14,0.40400001406669617
1993-08-15,0.4429999887943268
1993-08-16,0.4429999887943268
1993-08-17,0.4230000078678131
1993-08-18,0.3950000107288361
1993-08-19,0.386000007390976
1993-08-20,0.35899999737739563
1993-08-21,0.35100001096725464
1993-08-22,0.3429999947547913
1993-08-23,0.3420000076293945
1993-08-24,0.3179999887943268
1993-08-25,0.3179999887943268
1993-08-26,0.3109999895095825
1993-08-27,0.3100000023841858
1993-08-28,0.3179999887943268
1993-08-29,0.3100000023841858
1993-08-30,0.3030000030994416
1993-08-31,0.2800000011920929
1993-09-01,0.27300000190734863
1993-09-02,0.25200000405311584
1993-09-03,0.2450000047683716
1993-09-04,0.2380000054836273
1993-09-05,0.23100000619888306
1993-09-06,0.22499999403953552
1993-09-07,0.2189999967813492
1993-09-08,0.2140000015497208
1993-09-09,0.2080000042915344
1993-09-10,0.2029999941587448
1993-09-11,0.19699999690055847
1993-09-12,0.2029999941587448
1993-09-13,0.193000003695488
1993-09-14,0.18400000035762787
1993-09-15,0.18400000035762787
1993-09-16,0.18400000035762787
1993-09-17,0.17499999701976776
1993-09-18,0.16500000655651093
1993-09-19,0.3330000042915344
1993-09-20,0.2380000054836273
1993-09-21,0.2080000042915344
1993-09-22,0.18400000035762787
1993-09-23,0.18400000035762787
1993-09-24,0.1679999977350235
1993-09-25,0.1679999977350235
1993-09-26,0.16500000655651093
1993-09-27,0.15800000727176666
1993-09-28,0.14800000190734866
1993-09-29,0.14399999380111694
1993-09-30,0.13699999451637268
1993-10-01,0.1340000033378601
1993-10-02,0.1289999932050705
1993-10-03,0.12399999797344208
1993-10-04,0.12200000137090684
1993-10-05,0.12200000137090684
1993-10-06,0.12099999934434892
1993-10-07,0.18299999833106995
1993-10-08,0.14800000190734866
1993-10-09,0.1340000033378601
1993-10-10,0.12800000607967374
1993-10-11,0.12099999934434892
1993-10-12,0.12099999934434892
1993-10-13,0.12099999934434892
1993-10-14,0.12099999934434892
1993-10-15,0.181999996304512
1993-10-16,0.181999996304512
1993-10-17,0.1599999964237213
1993-10-18,0.1379999965429306
1993-10-19,0.1379999965429306
1993-10-20,0.12800000607967374
1993-10-21,0.12300000339746475
1993-10-22,0.12099999934434892
1993-10-23,0.12300000339746475
1993-10-24,0.2339999973773957
1993-10-25,0.18400000035762787
1993-10-26,0.12300000339746475
1993-10-27,0.15700000524520874
1993-10-28,0.193000003695488
1993-10-29,0.1710000038146973
1993-10-30,0.1589999943971634
1993-10-31,0.15399999916553495
1993-11-01,0.14800000190734866
1993-11-02,0.1449999958276749
1993-11-03,0.1710000038146973
1993-11-04,0.1589999943971634
1993-11-05,0.1449999958276749
1993-11-06,0.1449999958276749
1993-11-07,0.1430000066757202
1993-11-08,0.14100000262260434
1993-11-09,0.13899999856948853
1993-11-10,0.13899999856948853
1993-11-11,0.1340000033378601
1993-11-12,0.13199999928474426
1993-11-13,0.12999999523162842
1993-11-14,0.125
1993-11-15,0.12300000339746475
1993-11-16,0.125
1993-11-17,0.12300000339746475
1993-11-18,0.12099999934434892
1993-11-19,0.12099999934434892
1993-11-20,0.12099999934434892
1993-11-21,0.12300000339746475
1993-11-22,0.09000000357627869
1993-11-23,0.06800000369548798
1993-11-24,0.07599999755620956
1993-11-25,0.08399999886751175
1993-11-26,0.09000000357627869
1993-11-27,0.08799999952316284
1993-11-28,0.0860000029206276
1993-11-29,0.0860000029206276
1993-11-30,0.08799999952316284
1993-12-01,0.09000000357627869
1993-12-02,0.09000000357627869
1993-12-03,0.09000000357627869
1993-12-04,0.10100000351667404
1993-12-05,0.0989999994635582
1993-12-06,0.0989999994635582
1993-12-07,0.09700000286102296
1993-12-08,0.0949999988079071
1993-12-09,0.0949999988079071
1993-12-10,0.0949999988079071
1993-12-11,0.10599999874830246
1993-12-12,0.11400000005960464
1993-12-13,0.10999999940395357
1993-12-14,0.10599999874830246
1993-12-15,0.10599999874830246
1993-12-16,0.1040000021457672
1993-12-17,0.1040000021457672
1993-12-18,0.1040000021457672
1993-12-19,0.10100000351667404
1993-12-20,0.10100000351667404
1993-12-21,0.0989999994635582
1993-12-22,0.0989999994635582
1993-12-23,0.0989999994635582
1993-12-24,0.09700000286102296
1993-12-25,0.09700000286102296
1993-12-26,0.09700000286102296
1993-12-27,0.0949999988079071
1993-12-28,0.0949999988079071
1993-12-29,0.0949999988079071
1993-12-30,0.0949999988079071
1993-12-31,0.0949999988079071
1994-01-01,0.09399999678134917
1994-01-02,0.09399999678134917
1994-01-03,0.09399999678134917
1994-01-04,0.09399999678134917
1994-01-05,0.09600000083446504
1994-01-06,0.09600000083446504
1994-01-07,0.09600000083446504
1994-01-08,0.09600000083446504
1994-01-09,0.09600000083446504
1994-01-10,0.09600000083446504
1994-01-11,0.09600000083446504
1994-01-12,0.0989999994635582
1994-01-13,0.0989999994635582
1994-01-14,0.12300000339746475
1994-01-15,0.12300000339746475
1994-01-16,0.12099999934434892
1994-01-17,0.12700000405311584
1994-01-18,0.12700000405311584
1994-01-19,0.12700000405311584
1994-01-20,0.12300000339746475
1994-01-21,0.12300000339746475
1994-01-22,0.12099999934434892
1994-01-23,0.11800000071525575
1994-01-24,0.13199999928474426
1994-01-25,0.13199999928474426
1994-01-26,0.1289999932050705
1994-01-27,0.1289999932050705
1994-01-28,0.12700000405311584
1994-01-29,0.12700000405311584
1994-01-30,0.12700000405311584
1994-01-31,0.119999997317791
1994-02-01,0.119999997317791
1994-02-02,0.119999997317791
1994-02-03,0.119999997317791
1994-02-04,0.119999997317791
1994-02-05,0.119999997317791
1994-02-06,0.11400000005960464
1994-02-07,0.10899999737739564
1994-02-08,0.09000000357627869
1994-02-09,0.09600000083446504
1994-02-10,0.10300000011920928
1994-02-11,0.1120000034570694
1994-02-12,0.1120000034570694
1994-02-13,0.12300000339746475
1994-02-14,0.12300000339746475
1994-02-15,0.12300000339746475
1994-02-16,0.12300000339746475
1994-02-17,0.119999997317791
1994-02-18,0.17499999701976776
1994-02-19,0.1509999930858612
1994-02-20,0.1420000046491623
1994-02-21,0.13600000739097595
1994-02-22,0.13600000739097595
1994-02-23,0.13600000739097595
1994-02-24,0.1289999932050705
1994-02-25,0.125
1994-02-26,0.125
1994-02-27,0.1340000033378601
1994-02-28,0.13600000739097595
1994-03-01,0.1420000046491623
1994-03-02,0.16099999845027926
1994-03-03,0.1850000023841858
1994-03-04,0.18700000643730166
1994-03-05,0.1889999955892563
1994-03-06,0.1889999955892563
1994-03-07,0.1770000010728836
1994-03-08,0.1770000010728836
1994-03-09,0.18400000035762787
1994-03-10,0.1889999955892563
1994-03-11,0.19200000166893005
1994-03-12,0.19200000166893005
1994-03-13,0.2179999947547913
1994-03-14,0.2899999916553497
1994-03-15,0.3330000042915344
1994-03-16,0.38199999928474426
1994-03-17,0.4259999990463257
1994-03-18,0.4379999935626984
1994-03-19,0.4659999907016754
1994-03-20,0.699999988079071
1994-03-21,0.6779999732971191
1994-03-22,0.6370000243186951
1994-03-23,0.6269999742507935
1994-03-24,0.5870000123977661
1994-03-25,0.578000009059906
1994-03-26,0.5870000123977661
1994-03-27,0.6470000147819519
1994-03-28,0.734000027179718
1994-03-29,0.7910000085830688
1994-03-30,0.9330000281333924
1994-03-31,1.1100000143051147
1994-04-01,1.3300000429153442
1994-04-02,1.6200000047683716
1994-04-03,1.850000023841858
1994-04-04,1.8400000333786009
1994-04-05,1.8400000333786009
1994-04-06,1.820000052452088
1994-04-07,1.7300000190734863
1994-04-08,1.690000057220459
1994-04-09,1.6200000047683716
1994-04-10,1.6200000047683716
1994-04-11,1.6699999570846558
1994-04-12,1.7100000381469729
1994-04-13,1.7999999523162842
1994-04-14,1.7999999523162842
1994-04-15,1.7300000190734863
1994-04-16,1.6200000047683716
1994-04-17,1.7100000381469729
1994-04-18,1.919999957084656
1994-04-19,2.5899999141693115
1994-04-20,2.7699999809265137
1994-04-21,2.9500000476837163
1994-04-22,3.140000104904175
1994-04-23,2.759999990463257
1994-04-24,2.4200000762939453
1994-04-25,2.4200000762939453
1994-04-26,2.2699999809265137
1994-04-27,2.240000009536743
1994-04-28,2.0
1994-04-29,1.9700000286102293
1994-04-30,1.8400000333786009
1994-05-01,1.7300000190734863
1994-05-02,1.7100000381469729
1994-05-03,1.6200000047683716
1994-05-04,1.5199999809265137
1994-05-05,1.5199999809265137
1994-05-06,1.5199999809265137
1994-05-07,1.7300000190734863
1994-05-08,1.9600000381469729
1994-05-09,1.9600000381469729
1994-05-10,2.1099998950958248
1994-05-11,2.259999990463257
1994-05-12,2.259999990463257
1994-05-13,1.9600000381469729
1994-05-14,1.75
1994-05-15,1.5299999713897705
1994-05-16,1.5299999713897705
1994-05-17,1.5099999904632568
1994-05-18,1.3899999856948853
1994-05-19,1.3200000524520874
1994-05-20,1.2899999618530271
1994-05-21,1.2400000095367432
1994-05-22,1.2100000381469729
1994-05-23,1.1399999856948853
1994-05-24,1.1399999856948853
1994-05-25,1.1399999856948853
1994-05-26,1.100000023841858
1994-05-27,1.0299999713897705
1994-05-28,0.9860000014305116
1994-05-29,0.9850000143051147
1994-05-30,0.9610000252723694
1994-05-31,0.8659999966621399
1994-06-01,0.8539999723434448
1994-06-02,0.8069999814033508
1994-06-03,0.7839999794960022
1994-06-04,0.7490000128746033
1994-06-05,0.8650000095367432
1994-06-06,0.8410000205039978
1994-06-07,0.9240000247955322
1994-06-08,0.8529999852180481
1994-06-09,0.7940000295639038
1994-06-10,0.7139999866485596
1994-06-11,0.703000009059906
1994-06-12,0.6700000166893005
1994-06-13,0.7929999828338623
1994-06-14,0.7590000033378601
1994-06-15,0.7129999995231628
1994-06-16,0.7129999995231628
1994-06-17,0.6899999976158142
1994-06-18,0.6480000019073486
1994-06-19,0.6480000019073486
1994-06-20,0.6069999933242798
1994-06-21,0.5690000057220459
1994-06-22,0.5260000228881836
1994-06-23,0.479999989271164
1994-06-24,0.479999989271164
1994-06-25,0.4519999921321869
1994-06-26,0.5249999761581421
1994-06-27,0.4650000035762787
1994-06-28,0.40299999713897705
1994-06-29,0.3759999871253967
1994-06-30,0.35600000619888306
1994-07-01,0.3650000095367432
1994-07-02,0.4020000100135803
1994-07-03,0.4009999930858612
1994-07-04,0.3740000128746033
1994-07-05,0.3639999926090241
1994-07-06,0.33000001311302185
1994-07-07,0.31200000643730164
1994-07-08,0.29899999499320984
1994-07-09,0.2700000107288361
1994-07-10,0.25799998641014105
1994-07-11,0.2440000027418137
1994-07-12,0.2370000034570694
1994-07-13,0.22300000488758087
1994-07-14,0.210999995470047
1994-07-15,0.20000000298023224
1994-07-16,0.193000003695488
1994-07-17,0.1809999942779541
1994-07-18,0.20999999344348907
1994-07-19,0.19699999690055847
1994-07-20,0.17499999701976776
1994-07-21,0.16300000250339508
1994-07-22,0.15299999713897705
1994-07-23,0.1379999965429306
1994-07-24,0.13099999725818634
1994-07-25,0.12600000202655792
1994-07-26,0.1169999986886978
1994-07-27,0.11500000208616255
1994-07-28,0.11299999803304672
1994-07-29,0.1040000021457672
1994-07-30,0.0989999994635582
1994-07-31,0.0949999988079071
1994-08-01,0.09000000357627869
1994-08-02,0.09000000357627869
1994-08-03,0.08699999749660492
1994-08-04,0.09799999743700027
1994-08-05,0.09200000017881392
1994-08-06,0.08299999684095383
1994-08-07,0.07999999821186066
1994-08-08,0.08399999886751175
1994-08-09,0.15199999511241913
1994-08-10,0.1169999986886978
1994-08-11,0.1040000021457672
1994-08-12,0.09000000357627869
1994-08-13,0.08399999886751175
1994-08-14,0.07699999958276749
1994-08-15,0.07500000298023224
1994-08-16,0.07000000029802322
1994-08-17,0.08299999684095383
1994-08-18,0.07599999755620956
1994-08-19,0.07000000029802322
1994-08-20,0.06599999964237213
1994-08-21,0.06400000303983687
1994-08-22,0.061000000685453415
1994-08-23,0.059000000357627876
1994-08-24,0.05700000002980232
1994-08-25,0.05700000002980232
1994-08-26,0.06700000166893005
1994-08-27,0.06499999761581421
1994-08-28,0.059999998658895486
1994-08-29,0.07000000029802322
1994-08-30,0.06199999898672104
1994-08-31,0.05799999833106995
1994-09-01,0.06400000303983687
1994-09-02,0.06599999964237213
1994-09-03,0.07199999690055847
1994-09-04,0.0729999989271164
1994-09-05,0.07100000232458115
1994-09-06,0.06499999761581421
1994-09-07,0.06499999761581421
1994-09-08,0.061000000685453415
1994-09-09,0.06400000303983687
1994-09-10,0.0560000017285347
1994-09-11,0.0560000017285347
1994-09-12,0.0560000017285347
1994-09-13,0.059999998658895486
1994-09-14,0.06199999898672104
1994-09-15,0.06199999898672104
1994-09-16,0.059999998658895486
1994-09-17,0.059999998658895486
1994-09-18,0.0560000017285347
1994-09-19,0.05400000140070915
1994-09-20,0.052000001072883606
1994-09-21,0.050999999046325684
1994-09-22,0.050999999046325684
1994-09-23,0.04899999871850014
1994-09-24,0.04699999839067458
1994-09-25,0.045000001788139336
1994-09-26,0.0430000014603138
1994-09-27,0.0430000014603138
1994-09-28,0.0430000014603138
1994-09-29,0.0430000014603138
1994-09-30,0.0430000014603138
1994-10-01,0.04699999839067458
1994-10-02,0.06400000303983687
1994-10-03,0.05400000140070915
1994-10-04,0.052000001072883606
1994-10-05,0.050999999046325684
1994-10-06,0.04899999871850014
1994-10-07,0.04899999871850014
1994-10-08,0.04899999871850014
1994-10-09,0.04699999839067458
1994-10-10,0.04699999839067458
1994-10-11,0.04699999839067458
1994-10-12,0.045000001788139336
1994-10-13,0.045000001788139336
1994-10-14,0.05400000140070915
1994-10-15,0.06199999898672104
1994-10-16,0.0560000017285347
1994-10-17,0.052000001072883606
1994-10-18,0.050999999046325684
1994-10-19,0.050999999046325684
1994-10-20,0.050999999046325684
1994-10-21,0.06199999898672104
1994-10-22,0.06599999964237213
1994-10-23,0.07000000029802322
1994-10-24,0.06400000303983687
1994-10-25,0.06199999898672104
1994-10-26,0.059999998658895486
1994-10-27,0.07199999690055847
1994-10-28,0.06599999964237213
1994-10-29,0.06199999898672104
1994-10-30,0.06199999898672104
1994-10-31,0.06599999964237213
1994-11-01,0.06400000303983687
1994-11-02,0.059999998658895486
1994-11-03,0.0560000017285347
1994-11-04,0.06199999898672104
1994-11-05,0.059999998658895486
1994-11-06,0.0560000017285347
1994-11-07,0.05400000140070915
1994-11-08,0.05400000140070915
1994-11-09,0.0560000017285347
1994-11-10,0.0560000017285347
1994-11-11,0.05799999833106995
1994-11-12,0.06199999898672104
1994-11-13,0.06199999898672104
1994-11-14,0.059999998658895486
1994-11-15,0.0560000017285347
1994-11-16,0.06199999898672104
1994-11-17,0.059999998658895486
1994-11-18,0.0560000017285347
1994-11-19,0.05400000140070915
1994-11-20,0.052000001072883606
1994-11-21,0.050999999046325684
1994-11-22,0.050999999046325684
1994-11-23,0.04899999871850014
1994-11-24,0.04699999839067458
1994-11-25,0.045000001788139336
1994-11-26,0.0430000014603138
1994-11-27,0.0430000014603138
1994-11-28,0.0430000014603138
1994-11-29,0.0430000014603138
1994-11-30,0.0430000014603138
1994-12-01,0.04699999839067458
1994-12-02,0.04699999839067458
1994-12-03,0.04199999943375588
1994-12-04,0.03799999877810478
1994-12-05,0.035999998450279236
1994-12-06,0.04199999943375588
1994-12-07,0.0430000014603138
1994-12-08,0.0430000014603138
1994-12-09,0.04199999943375588
1994-12-10,0.04199999943375588
1994-12-11,0.04199999943375588
1994-12-12,0.04199999943375588
1994-12-13,0.04199999943375588
1994-12-14,0.03999999910593033
1994-12-15,0.03999999910593033
1994-12-16,0.03999999910593033
1994-12-17,0.03999999910593033
1994-12-18,0.04699999839067458
1994-12-19,0.050999999046325684
1994-12-20,0.04899999871850014
1994-12-21,0.059999998658895486
1994-12-22,0.052000001072883606
1994-12-23,0.04699999839067458
1994-12-24,0.04699999839067458
1994-12-25,0.045000001788139336
1994-12-26,0.045000001788139336
1994-12-27,0.045000001788139336
1994-12-28,0.06599999964237213
1994-12-29,0.05799999833106995
1994-12-30,0.05400000140070915
1994-12-31,0.04899999871850014
1995-01-01,0.04699999839067458
1995-01-02,0.04199999943375588
1995-01-03,0.045000001788139336
1995-01-04,0.0430000014603138
1995-01-05,0.045000001788139336
1995-01-06,0.04699999839067458
1995-01-07,0.045000001788139336
1995-01-08,0.04399999976158142
1995-01-09,0.04399999976158142
1995-01-10,0.04199999943375588
1995-01-11,0.03999999910593033
1995-01-12,0.03999999910593033
1995-01-13,0.03999999910593033
1995-01-14,0.03999999910593033
1995-01-15,0.03999999910593033
1995-01-16,0.03999999910593033
1995-01-17,0.0430000014603138
1995-01-18,0.04399999976158142
1995-01-19,0.04399999976158142
1995-01-20,0.04399999976158142
1995-01-21,0.04399999976158142
1995-01-22,0.04199999943375588
1995-01-23,0.04199999943375588
1995-01-24,0.04600000008940697
1995-01-25,0.04600000008940697
1995-01-26,0.04600000008940697
1995-01-27,0.04399999976158142
1995-01-28,0.04600000008940697
1995-01-29,0.04399999976158142
1995-01-30,0.04399999976158142
1995-01-31,0.054999999701976776
1995-02-01,0.061000000685453415
1995-02-02,0.06300000101327896
1995-02-03,0.05700000002980232
1995-02-04,0.054999999701976776
1995-02-05,0.050999999046325684
1995-02-06,0.050999999046325684
1995-02-07,0.07699999958276749
1995-02-08,0.0689999982714653
1995-02-09,0.06499999761581421
1995-02-10,0.06300000101327896
1995-02-11,0.061000000685453415
1995-02-12,0.061000000685453415
1995-02-13,0.059000000357627876
1995-02-14,0.05700000002980232
1995-02-15,0.054999999701976776
1995-02-16,0.054999999701976776
1995-02-17,0.05700000002980232
1995-02-18,0.059000000357627876
1995-02-19,0.059000000357627876
1995-02-20,0.06300000101327896
1995-02-21,0.07500000298023224
1995-02-22,0.0729999989271164
1995-02-23,0.07100000232458115
1995-02-24,0.06700000166893005
1995-02-25,0.06700000166893005
1995-02-26,0.06700000166893005
1995-02-27,0.06499999761581421
1995-02-28,0.05000000074505806
1995-03-01,0.05000000074505806
1995-03-02,0.05299999937415123
1995-03-03,0.07900000363588333
1995-03-04,0.0729999989271164
1995-03-05,0.06700000166893005
1995-03-06,0.08900000154972076
1995-03-07,0.06700000166893005
1995-03-08,0.06700000166893005
1995-03-09,0.0689999982714653
1995-03-10,0.07500000298023224
1995-03-11,0.09300000220537186
1995-03-12,0.10199999809265137
1995-03-13,0.0989999994635582
1995-03-14,0.0949999988079071
1995-03-15,0.0949999988079071
1995-03-16,0.10000000149011612
1995-03-17,0.10599999874830246
1995-03-18,0.12399999797344208
1995-03-19,0.12999999523162842
1995-03-20,0.1550000011920929
1995-03-21,0.16699999570846558
1995-03-22,0.16899999976158142
1995-03-23,0.17399999499320984
1995-03-24,0.17900000512599945
1995-03-25,0.18400000035762787
1995-03-26,0.193000003695488
1995-03-27,0.19599999487400047
1995-03-28,0.2080000042915344
1995-03-29,0.2879999876022339
1995-03-30,0.34599998593330383
1995-03-31,0.4370000064373016
1995-04-01,0.5490000247955322
1995-04-02,0.5950000286102295
1995-04-03,0.6449999809265137
1995-04-04,0.7319999933242798
1995-04-05,0.8240000009536743
1995-04-06,0.8479999899864197
1995-04-07,0.871999979019165
1995-04-08,1.149999976158142
1995-04-09,1.190000057220459
1995-04-10,1.1699999570846558
1995-04-11,1.0599999427795408
1995-04-12,1.0399999618530271
1995-04-13,1.1200000047683716
1995-04-14,1.1200000047683716
1995-04-15,1.0299999713897705
1995-04-16,0.9800000190734864
1995-04-17,0.9319999814033508
1995-04-18,0.9020000100135804
1995-04-19,0.8960000276565552
1995-04-20,0.8730000257492065
1995-04-21,0.8730000257492065
1995-04-22,0.8849999904632568
1995-04-23,0.9079999923706056
1995-04-24,0.9800000190734864
1995-04-25,0.9919999837875366
1995-04-26,1.0
1995-04-27,1.100000023841858
1995-04-28,1.1200000047683716
1995-04-29,1.100000023841858
1995-04-30,1.0599999427795408
1995-05-01,1.0199999809265137
1995-05-02,1.0199999809265137
1995-05-03,1.0399999618530271
1995-05-04,1.0499999523162842
1995-05-05,1.0599999427795408
1995-05-06,1.0599999427795408
1995-05-07,1.0900000333786009
1995-05-08,1.1399999856948853
1995-05-09,1.190000057220459
1995-05-10,1.4199999570846558
1995-05-11,1.600000023841858
1995-05-12,1.6399999856948853
1995-05-13,1.5700000524520874
1995-05-14,1.6699999570846558
1995-05-15,2.0899999141693115
1995-05-16,2.1800000667572017
1995-05-17,2.2100000381469727
1995-05-18,2.0999999046325684
1995-05-19,1.820000052452088
1995-05-20,1.7300000190734863
1995-05-21,1.6299999952316284
1995-05-22,1.4700000286102295
1995-05-23,1.4700000286102295
1995-05-24,1.4900000095367432
1995-05-25,1.5099999904632568
1995-05-26,1.4500000476837158
1995-05-27,1.3600000143051147
1995-05-28,1.3799999952316284
1995-05-29,1.4900000095367432
1995-05-30,1.559999942779541
1995-05-31,1.559999942779541
1995-06-01,1.4099999666213991
1995-06-02,1.149999976158142
1995-06-03,1.149999976158142
1995-06-04,1.1299999952316284
1995-06-05,1.1699999570846558
1995-06-06,1.3600000143051147
1995-06-07,1.149999976158142
1995-06-08,1.0399999618530271
1995-06-09,0.9319999814033508
1995-06-10,0.8059999942779541
1995-06-11,0.7699999809265137
1995-06-12,0.7099999785423279
1995-06-13,0.6589999794960022
1995-06-14,0.6349999904632568
1995-06-15,0.6349999904632568
1995-06-16,0.5950000286102295
1995-06-17,0.6050000190734863
1995-06-18,0.5799999833106995
1995-06-19,0.5550000071525574
1995-06-20,0.5550000071525574
1995-06-21,0.5400000214576721
1995-06-22,0.4970000088214874
1995-06-23,0.4769999980926514
1995-06-24,0.4390000104904175
1995-06-25,0.3910000026226044
1995-06-26,0.33399999141693115
1995-06-27,0.3149999976158142
1995-06-28,0.2870000004768372
1995-06-29,0.27799999713897705
1995-06-30,0.26100000739097595
1995-07-01,0.2409999966621399
1995-07-02,0.2339999973773957
1995-07-03,0.2240000069141388
1995-07-04,0.21299999952316284
1995-07-05,0.20999999344348907
1995-07-06,0.19699999690055847
1995-07-07,0.19099999964237213
1995-07-08,0.2380000054836273
1995-07-09,0.19699999690055847
1995-07-10,0.19699999690055847
1995-07-11,0.18299999833106995
1995-07-12,0.17399999499320984
1995-07-13,0.16899999976158142
1995-07-14,0.16300000250339508
1995-07-15,0.15199999511241913
1995-07-16,0.1340000033378601
1995-07-17,0.1340000033378601
1995-07-18,0.12700000405311584
1995-07-19,0.119999997317791
1995-07-20,0.10499999672174454
1995-07-21,0.10100000351667404
1995-07-22,0.1289999932050705
1995-07-23,0.10499999672174454
1995-07-24,0.10499999672174454
1995-07-25,0.10100000351667404
1995-07-26,0.2919999957084656
1995-07-27,0.18299999833106995
1995-07-28,0.1340000033378601
1995-07-29,0.1169999986886978
1995-07-30,0.1169999986886978
1995-07-31,0.10300000011920928
1995-08-01,0.09799999743700027
1995-08-02,0.10499999672174454
1995-08-03,0.10100000351667404
1995-08-04,0.090999998152256
1995-08-05,0.1080000028014183
1995-08-06,0.12200000137090684
1995-08-07,0.19699999690055847
1995-08-08,0.1599999964237213
1995-08-09,0.14399999380111694
1995-08-10,0.12700000405311584
1995-08-11,0.1169999986886978
1995-08-12,0.1169999986886978
1995-08-13,0.1169999986886978
1995-08-14,0.1080000028014183
1995-08-15,0.1080000028014183
1995-08-16,0.10999999940395357
1995-08-17,0.1169999986886978
1995-08-18,0.1469999998807907
1995-08-19,0.1289999932050705
1995-08-20,0.119999997317791
1995-08-21,0.10499999672174454
1995-08-22,0.09700000286102296
1995-08-23,0.10199999809265137
1995-08-24,0.09600000083446504
1995-08-25,0.090999998152256
1995-08-26,0.08900000154972076
1995-08-27,0.08900000154972076
1995-08-28,0.08900000154972076
1995-08-29,0.10899999737739564
1995-08-30,0.10199999809265137
1995-08-31,0.09399999678134917
1995-09-01,0.08699999749660492
1995-09-02,0.07999999821186066
1995-09-03,0.07599999755620956
1995-09-04,0.07400000095367433
1995-09-05,0.07000000029802322
1995-09-06,0.10700000077486037
1995-09-07,0.09399999678134917
1995-09-08,0.08500000089406967
1995-09-09,0.07900000363588333
1995-09-10,0.07400000095367433
1995-09-11,0.06800000369548798
1995-09-12,0.06400000303983687
1995-09-13,0.06199999898672104
1995-09-14,0.059999998658895486
1995-09-15,0.059999998658895486
1995-09-16,0.059999998658895486
1995-09-17,0.05799999833106995
1995-09-18,0.0560000017285347
1995-09-19,0.0560000017285347
1995-09-20,0.0560000017285347
1995-09-21,0.05799999833106995
1995-09-22,0.0560000017285347
1995-09-23,0.0560000017285347
1995-09-24,0.0560000017285347
1995-09-25,0.05400000140070915
1995-09-26,0.05299999937415123
1995-09-27,0.059999998658895486
1995-09-28,0.07800000160932541
1995-09-29,0.06599999964237213
1995-09-30,0.06199999898672104
1995-10-01,0.090999998152256
1995-10-02,0.07599999755620956
1995-10-03,0.07000000029802322
1995-10-04,0.07400000095367433
1995-10-05,0.07000000029802322
1995-10-06,0.06400000303983687
1995-10-07,0.06199999898672104
1995-10-08,0.06199999898672104
1995-10-09,0.08500000089406967
1995-10-10,0.07599999755620956
1995-10-11,0.07000000029802322
1995-10-12,0.09399999678134917
1995-10-13,0.09600000083446504
1995-10-14,0.11100000143051147
1995-10-15,0.1330000013113022
1995-10-16,0.13500000536441806
1995-10-17,0.16699999570846558
1995-10-18,0.2689999938011169
1995-10-19,0.1770000010728836
1995-10-20,0.15800000727176666
1995-10-21,0.14000000059604645
1995-10-22,0.1379999965429306
1995-10-23,0.1289999932050705
1995-10-24,0.119999997317791
1995-10-25,0.11299999803304672
1995-10-26,0.13099999725818634
1995-10-27,0.12700000405311584
1995-10-28,0.11800000071525575
1995-10-29,0.11100000143051147
1995-10-30,0.11100000143051147
1995-10-31,0.10700000077486037
1995-11-01,0.09399999678134917
1995-11-02,0.07599999755620956
1995-11-03,0.07000000029802322
1995-11-04,0.07800000160932541
1995-11-05,0.09399999678134917
1995-11-06,0.10199999809265137
1995-11-07,0.10499999672174454
1995-11-08,0.11599999666213988
1995-11-09,0.12200000137090684
1995-11-10,0.06800000369548798
1995-11-11,0.06800000369548798
1995-11-12,0.08299999684095383
1995-11-13,0.08699999749660492
1995-11-14,0.2199999988079071
1995-11-15,0.3370000123977661
1995-11-16,0.2809999883174896
1995-11-17,0.2540000081062317
1995-11-18,0.34599998593330383
1995-11-19,0.2930000126361847
1995-11-20,0.25200000405311584
1995-11-21,0.239999994635582
1995-11-22,0.2689999938011169
1995-11-23,0.3100000023841858
1995-11-24,0.3869999945163727
1995-11-25,0.5410000085830688
1995-11-26,0.4580000042915344
1995-11-27,0.4090000092983246
1995-11-28,0.40299999713897705
1995-11-29,0.4930000007152557
1995-11-30,0.5680000185966492
1995-12-01,0.5159999728202821
1995-12-02,0.4860000014305115
1995-12-03,0.4510000050067902
1995-12-04,0.4309999942779541
1995-12-05,0.3019999861717224
1995-12-06,0.2509999871253968
1995-12-07,0.2360000014305115
1995-12-08,0.2029999941587448
1995-12-09,0.22200000286102287
1995-12-10,0.25799998641014105
1995-12-11,0.31200000643730164
1995-12-12,0.3810000121593475
1995-12-13,0.4090000092983246
1995-12-14,0.4580000042915344
1995-12-15,0.4580000042915344
1995-12-16,0.41400000452995295
1995-12-17,0.3869999945163727
1995-12-18,0.3869999945163727
1995-12-19,0.3759999871253967
1995-12-20,0.3659999966621399
1995-12-21,0.35600000619888306
1995-12-22,0.35100001096725464
1995-12-23,0.34599998593330383
1995-12-24,0.3420000076293945
1995-12-25,0.3330000042915344
1995-12-26,0.2240000069141388
1995-12-27,0.2240000069141388
1995-12-28,0.2689999938011169
1995-12-29,0.3149999976158142
1995-12-30,0.3420000076293945
1995-12-31,0.3370000123977661
1996-01-01,0.3310000002384186
1996-01-02,0.3330000042915344
1996-01-03,0.328000009059906
1996-01-04,0.3190000057220459
1996-01-05,0.27300000190734863
1996-01-06,0.2440000027418137
1996-01-07,0.2540000081062317
1996-01-08,0.2980000078678131
1996-01-09,0.2849999964237213
1996-01-10,0.2809999883174896
1996-01-11,0.2770000100135803
1996-01-12,0.2770000100135803
1996-01-13,0.27300000190734863
1996-01-14,0.2899999916553497
1996-01-15,0.3019999861717224
1996-01-16,0.2939999997615814
1996-01-17,0.20100000500679016
1996-01-18,0.15800000727176666
1996-01-19,0.1449999958276749
1996-01-20,0.15000000596046448
1996-01-21,0.1550000011920929
1996-01-22,0.1599999964237213
1996-01-23,0.16500000655651093
1996-01-24,0.17000000178813934
1996-01-25,0.17000000178813934
1996-01-26,0.16500000655651093
1996-01-27,0.1550000011920929
1996-01-28,0.1449999958276749
1996-01-29,0.12999999523162842
1996-01-30,0.119999997317791
1996-01-31,0.125
1996-02-01,0.12999999523162842
1996-02-02,0.13500000536441806
1996-02-03,0.14000000059604645
1996-02-04,0.15000000596046448
1996-02-05,0.23100000619888306
1996-02-06,0.23499999940395355
1996-02-07,0.2380000054836273
1996-02-08,0.24799999594688416
1996-02-09,0.2750000059604645
1996-02-10,0.2630000114440918
1996-02-11,0.2669999897480011
1996-02-12,0.2450000047683716
1996-02-13,0.2380000054836273
1996-02-14,0.23100000619888306
1996-02-15,0.23199999332427976
1996-02-16,0.2280000001192093
1996-02-17,0.2280000001192093
1996-02-18,0.2380000054836273
1996-02-19,0.2450000047683716
1996-02-20,0.2489999979734421
1996-02-21,0.25600001215934753
1996-02-22,0.2450000047683716
1996-02-23,0.23899999260902405
1996-02-24,0.23899999260902405
1996-02-25,0.2290000021457672
1996-02-26,0.22200000286102287
1996-02-27,0.18299999833106995
1996-02-28,0.19499999284744265
1996-02-29,0.2029999941587448
1996-03-01,0.20999999344348907
1996-03-02,0.22200000286102287
1996-03-03,0.23199999332427976
1996-03-04,0.2360000014305115
1996-03-05,0.2189999967813492
1996-03-06,0.2290000021457672
1996-03-07,0.2290000021457672
1996-03-08,0.2290000021457672
1996-03-09,0.25699999928474426
1996-03-10,0.3009999990463257
1996-03-11,0.3400000035762787
1996-03-12,0.36000001430511475
1996-03-13,0.36000001430511475
1996-03-14,0.3650000095367432
1996-03-15,0.4650000035762787
1996-03-16,0.5210000276565552
1996-03-17,0.5440000295639038
1996-03-18,0.6079999804496765
1996-03-19,1.0
1996-03-20,0.9079999923706056
1996-03-21,0.944000005722046
1996-03-22,1.0299999713897705
1996-03-23,1.0199999809265137
1996-03-24,0.9679999947547911
1996-03-25,0.944000005722046
1996-03-26,0.944000005722046
1996-03-27,0.9079999923706056
1996-03-28,0.8840000033378601
1996-03-29,0.8610000014305115
1996-03-30,0.8289999961853027
1996-03-31,0.8090000152587891
1996-04-01,0.8289999961853027
1996-04-02,0.8289999961853027
1996-04-03,0.8389999866485596
1996-04-04,0.8489999771118164
1996-04-05,0.9100000262260436
1996-04-06,1.1100000143051147
1996-04-07,1.5900000333786009
1996-04-08,2.4200000762939453
1996-04-09,3.2799999713897705
1996-04-10,3.7100000381469727
1996-04-11,3.890000104904175
1996-04-12,4.300000190734863
1996-04-13,3.950000047683716
1996-04-14,3.799999952316284
1996-04-15,3.950000047683716
1996-04-16,4.300000190734863
1996-04-17,4.0
1996-04-18,3.5
1996-04-19,3.150000095367432
1996-04-20,2.900000095367432
1996-04-21,2.75
1996-04-22,2.650000095367432
1996-04-23,2.650000095367432
1996-04-24,2.700000047683716
1996-04-25,2.5
1996-04-26,2.3499999046325684
1996-04-27,2.150000095367432
1996-04-28,2.049999952316284
1996-04-29,1.950000047683716
1996-04-30,1.8999999761581416
1996-05-01,1.850000023841858
1996-05-02,1.820000052452088
1996-05-03,1.7999999523162842
1996-05-04,1.7799999713897705
1996-05-05,1.7699999809265137
1996-05-06,1.7599999904632568
1996-05-07,1.75
1996-05-08,1.6799999475479126
1996-05-09,1.5199999809265137
1996-05-10,1.4800000190734863
1996-05-11,1.4600000381469729
1996-05-12,1.5
1996-05-13,1.7000000476837158
1996-05-14,2.2300000190734863
1996-05-15,2.0699999332427983
1996-05-16,1.830000042915344
1996-05-17,2.049999952316284
1996-05-18,2.5999999046325684
1996-05-19,2.5699999332427983
1996-05-20,2.470000028610229
1996-05-21,2.309999942779541
1996-05-22,2.359999895095825
1996-05-23,2.369999885559082
1996-05-24,2.25
1996-05-25,2.259999990463257
1996-05-26,2.5299999713897705
1996-05-27,2.4800000190734863
1996-05-28,2.4200000762939453
1996-05-29,2.559999942779541
1996-05-30,2.7699999809265137
1996-05-31,6.119999885559082
1996-06-01,5.78000020980835
1996-06-02,5.210000038146973
1996-06-03,4.590000152587892
1996-06-04,4.369999885559082
1996-06-05,3.609999895095825
1996-06-06,3.150000095367432
1996-06-07,3.0399999618530287
1996-06-08,2.8399999141693115
1996-06-09,2.7699999809265137
1996-06-10,2.490000009536743
1996-06-11,2.380000114440918
1996-06-12,2.1600000858306885
1996-06-13,1.9700000286102293
1996-06-14,1.7899999618530271
1996-06-15,1.6200000047683716
1996-06-16,1.5399999618530271
1996-06-17,1.5
1996-06-18,1.4299999475479126
1996-06-19,1.4199999570846558
1996-06-20,1.2799999713897705
1996-06-21,1.2000000476837158
1996-06-22,1.1100000143051147
1996-06-23,1.2599999904632568
1996-06-24,1.190000057220459
1996-06-25,1.149999976158142
1996-06-26,1.1599999666213991
1996-06-27,1.1100000143051147
1996-06-28,1.0199999809265137
1996-06-29,0.9089999794960022
1996-06-30,0.8669999837875366
1996-07-01,0.8000000119209291
1996-07-02,0.7739999890327454
1996-07-03,0.7310000061988831
1996-07-04,0.6639999747276306
1996-07-05,0.6200000047683716
1996-07-06,0.6060000061988831
1996-07-07,0.578000009059906
1996-07-08,0.550000011920929
1996-07-09,0.5220000147819519
1996-07-10,0.5009999871253967
1996-07-11,0.479999989271164
1996-07-12,0.4449999928474426
1996-07-13,0.43299999833107
1996-07-14,0.43299999833107
1996-07-15,0.4210000038146973
1996-07-16,0.40299999713897705
1996-07-17,0.3790000081062317
1996-07-18,0.4939999878406525
1996-07-19,0.479999989271164
1996-07-20,0.4090000092983246
1996-07-21,0.3849999904632568
1996-07-22,0.3610000014305115
1996-07-23,0.3490000069141388
1996-07-24,0.3429999947547913
1996-07-25,0.32499998807907104
1996-07-26,0.3070000112056732
1996-07-27,0.2949999868869781
1996-07-28,0.2849999964237213
1996-07-29,0.2700000107288361
1996-07-30,0.25999999046325684
1996-07-31,0.25
1996-08-01,0.239999994635582
1996-08-02,0.22499999403953552
1996-08-03,0.2700000107288361
1996-08-04,0.2700000107288361
1996-08-05,0.3190000057220459
1996-08-06,0.2800000011920929
1996-08-07,0.2549999952316284
1996-08-08,0.239999994635582
1996-08-09,0.2300000041723252
1996-08-10,0.2150000035762787
1996-08-11,0.20499999821186066
1996-08-12,0.19499999284744265
1996-08-13,0.1850000023841858
1996-08-14,0.17499999701976776
1996-08-15,0.16500000655651093
1996-08-16,0.1599999964237213
1996-08-17,0.15000000596046448
1996-08-18,0.1420000046491623
1996-08-19,0.1379999965429306
1996-08-20,0.1379999965429306
1996-08-21,0.13500000536441806
1996-08-22,0.12999999523162842
1996-08-23,0.12200000137090684
1996-08-24,0.119999997317791
1996-08-25,0.11400000005960464
1996-08-26,0.11100000143051147
1996-08-27,0.10599999874830246
1996-08-28,0.10000000149011612
1996-08-29,0.09700000286102296
1996-08-30,0.09700000286102296
1996-08-31,0.1080000028014183
1996-09-01,0.10199999809265137
1996-09-02,0.1080000028014183
1996-09-03,0.1169999986886978
1996-09-04,0.23499999940395355
1996-09-05,0.1599999964237213
1996-09-06,0.13099999725818634
1996-09-07,0.16500000655651093
1996-09-08,0.20000000298023224
1996-09-09,0.15000000596046448
1996-09-10,0.12800000607967374
1996-09-11,0.11100000143051147
1996-09-12,0.1080000028014183
1996-09-13,0.1449999958276749
1996-09-14,0.2750000059604645
1996-09-15,0.4269999861717224
1996-09-16,0.3429999947547913
1996-09-17,0.2549999952316284
1996-09-18,0.2199999988079071
1996-09-19,0.20000000298023224
1996-09-20,0.19499999284744265
1996-09-21,0.18000000715255735
1996-09-22,0.17000000178813934
1996-09-23,0.16500000655651093
1996-09-24,0.1599999964237213
1996-09-25,0.1550000011920929
1996-09-26,0.1449999958276749
1996-09-27,0.1420000046491623
1996-09-28,0.1379999965429306
1996-09-29,0.13500000536441806
1996-09-30,0.12800000607967374
1996-10-01,0.1420000046491623
1996-10-02,0.1379999965429306
1996-10-03,0.13099999725818634
1996-10-04,0.12800000607967374
1996-10-05,0.16500000655651093
1996-10-06,0.1449999958276749
1996-10-07,0.13500000536441806
1996-10-08,0.13099999725818634
1996-10-09,0.12800000607967374
1996-10-10,0.125
1996-10-11,0.13099999725818634
1996-10-12,0.12800000607967374
1996-10-13,0.125
1996-10-14,0.1449999958276749
1996-10-15,0.1379999965429306
1996-10-16,0.13500000536441806
1996-10-17,0.13099999725818634
1996-10-18,0.1379999965429306
1996-10-19,0.13500000536441806
1996-10-20,0.13099999725818634
1996-10-21,0.12800000607967374
1996-10-22,0.1379999965429306
1996-10-23,0.1379999965429306
1996-10-24,0.1599999964237213
1996-10-25,0.1599999964237213
1996-10-26,0.15000000596046448
1996-10-27,0.1449999958276749
1996-10-28,0.2800000011920929
1996-10-29,0.3490000069141388
1996-10-30,0.2750000059604645
1996-10-31,0.23499999940395355
1996-11-01,0.2199999988079071
1996-11-02,0.20499999821186066
1996-11-03,0.20499999821186066
1996-11-04,0.20000000298023224
1996-11-05,0.19499999284744265
1996-11-06,0.20499999821186066
1996-11-07,0.19499999284744265
1996-11-08,0.1550000011920929
1996-11-09,0.2450000047683716
1996-11-10,0.2300000041723252
1996-11-11,0.2700000107288361
1996-11-12,0.2700000107288361
1996-11-13,0.3009999990463257
1996-11-14,0.3100000023841858
1996-11-15,0.2750000059604645
1996-11-16,0.22499999403953552
1996-11-17,0.20000000298023224
1996-11-18,0.20999999344348907
1996-11-19,0.20499999821186066
1996-11-20,0.17000000178813934
1996-11-21,0.15700000524520874
1996-11-22,0.13500000536441806
1996-11-23,0.15000000596046448
1996-11-24,0.16500000655651093
1996-11-25,0.20000000298023224
1996-11-26,0.2450000047683716
1996-11-27,0.2899999916553497
1996-11-28,0.3129999935626984
1996-11-29,0.2949999868869781
1996-11-30,0.2949999868869781
1996-12-01,0.2949999868869781
1996-12-02,0.2899999916553497
1996-12-03,0.2849999964237213
1996-12-04,0.2849999964237213
1996-12-05,0.2800000011920929
1996-12-06,0.2750000059604645
1996-12-07,0.2750000059604645
1996-12-08,0.2700000107288361
1996-12-09,0.2700000107288361
1996-12-10,0.2700000107288361
1996-12-11,0.26499998569488525
1996-12-12,0.25999999046325684
1996-12-13,0.25999999046325684
1996-12-14,0.25999999046325684
1996-12-15,0.2549999952316284
1996-12-16,0.2300000041723252
1996-12-17,0.20499999821186066
1996-12-18,0.1899999976158142
1996-12-19,0.1899999976158142
1996-12-20,0.20000000298023224
1996-12-21,0.20999999344348907
1996-12-22,0.2150000035762787
1996-12-23,0.2150000035762787
1996-12-24,0.19499999284744265
1996-12-25,0.19499999284744265
1996-12-26,0.1899999976158142
1996-12-27,0.18000000715255735
1996-12-28,0.17000000178813934
1996-12-29,0.17499999701976776
1996-12-30,0.1899999976158142
1996-12-31,0.20000000298023224
1997-01-01,0.20499999821186066
1997-01-02,0.2150000035762787
1997-01-03,0.20499999821186066
1997-01-04,0.1850000023841858
1997-01-05,0.16699999570846558
1997-01-06,0.1979999989271164
1997-01-07,0.2150000035762787
1997-01-08,0.2150000035762787
1997-01-09,0.20900000631809235
1997-01-10,0.20900000631809235
1997-01-11,0.22599999606609344
1997-01-12,0.20900000631809235
1997-01-13,0.1850000023841858
1997-01-14,0.17499999701976776
1997-01-15,0.1899999976158142
1997-01-16,0.1979999989271164
1997-01-17,0.1979999989271164
1997-01-18,0.1979999989271164
1997-01-19,0.2039999961853028
1997-01-20,0.2380000054836273
1997-01-21,0.2440000027418137
1997-01-22,0.2440000027418137
1997-01-23,0.23199999332427976
1997-01-24,0.2150000035762787
1997-01-25,0.1899999976158142
1997-01-26,0.1850000023841858
1997-01-27,0.18000000715255735
1997-01-28,0.1850000023841858
1997-01-29,0.1879999935626984
1997-01-30,0.1879999935626984
1997-01-31,0.1879999935626984
1997-02-01,0.1879999935626984
1997-02-02,0.1879999935626984
1997-02-03,0.1879999935626984
1997-02-04,0.1879999935626984
1997-02-05,0.20000000298023224
1997-02-06,0.1850000023841858
1997-02-07,0.18000000715255735
1997-02-08,0.1850000023841858
1997-02-09,0.1879999935626984
1997-02-10,0.1899999976158142
1997-02-11,0.193000003695488
1997-02-12,0.193000003695488
1997-02-13,0.1879999935626984
1997-02-14,0.1879999935626984
1997-02-15,0.2039999961853028
1997-02-16,0.2039999961853028
1997-02-17,0.20900000631809235
1997-02-18,0.20900000631809235
1997-02-19,0.20900000631809235
1997-02-20,0.20900000631809235
1997-02-21,0.2039999961853028
1997-02-22,0.2039999961853028
1997-02-23,0.2039999961853028
1997-02-24,0.2039999961853028
1997-02-25,0.20900000631809235
1997-02-26,0.20900000631809235
1997-02-27,0.2150000035762787
1997-02-28,0.2150000035762787
1997-03-01,0.2150000035762787
1997-03-02,0.2150000035762787
1997-03-03,0.2150000035762787
1997-03-04,0.20900000631809235
1997-03-05,0.20900000631809235
1997-03-06,0.2199999988079071
1997-03-07,0.2199999988079071
1997-03-08,0.2199999988079071
1997-03-09,0.22599999606609344
1997-03-10,0.22599999606609344
1997-03-11,0.22599999606609344
1997-03-12,0.22599999606609344
1997-03-13,0.22599999606609344
1997-03-14,0.22599999606609344
1997-03-15,0.1979999989271164
1997-03-16,0.20900000631809235
1997-03-17,0.2199999988079071
1997-03-18,0.2380000054836273
1997-03-19,0.2619999945163727
1997-03-20,0.3400000035762787
1997-03-21,0.33399999141693115
1997-03-22,0.33399999141693115
1997-03-23,0.3400000035762787
1997-03-24,0.3400000035762787
1997-03-25,0.34599998593330383
1997-03-26,0.3950000107288361
1997-03-27,0.47200000286102295
1997-03-28,0.8980000019073486
1997-03-29,0.7979999780654907
1997-03-30,0.8050000071525574
1997-03-31,1.0599999427795408
1997-04-01,0.9700000286102296
1997-04-02,0.9139999747276306
1997-04-03,0.9380000233650208
1997-04-04,0.8659999966621399
1997-04-05,0.8740000128746033
1997-04-06,0.8980000019073486
1997-04-07,0.9459999799728394
1997-04-08,0.9800000190734864
1997-04-09,1.0399999618530271
1997-04-10,1.0700000524520874
1997-04-11,1.1100000143051147
1997-04-12,1.1399999856948853
1997-04-13,1.2200000286102295
1997-04-14,1.3300000429153442
1997-04-15,1.3600000143051147
1997-04-16,1.4199999570846558
1997-04-17,1.830000042915344
1997-04-18,1.7200000286102295
1997-04-19,1.7899999618530271
1997-04-20,2.150000095367432
1997-04-21,2.509999990463257
1997-04-22,2.4300000667572017
1997-04-23,2.7699999809265137
1997-04-24,2.7300000190734863
1997-04-25,2.7300000190734863
1997-04-26,3.0899999141693115
1997-04-27,3.700000047683716
1997-04-28,4.010000228881837
1997-04-29,3.5
1997-04-30,3.0999999046325684
1997-05-01,3.470000028610228
1997-05-02,3.5999999046325684
1997-05-03,3.4800000190734863
1997-05-04,3.4600000381469727
1997-05-05,3.2100000381469727
1997-05-06,3.4100000858306885
1997-05-07,3.2699999809265137
1997-05-08,3.1800000667572017
1997-05-09,3.369999885559082
1997-05-10,3.470000028610228
1997-05-11,3.549999952316284
1997-05-12,3.9800000190734863
1997-05-13,5.150000095367432
1997-05-14,5.239999771118164
1997-05-15,5.519999980926514
1997-05-16,5.239999771118164
1997-05-17,5.0
1997-05-18,4.199999809265137
1997-05-19,3.549999952316284
1997-05-20,4.010000228881837
1997-05-21,3.369999885559082
1997-05-22,2.900000095367432
1997-05-23,2.75
1997-05-24,2.759999990463257
1997-05-25,2.539999961853028
1997-05-26,2.5699999332427983
1997-05-27,2.859999895095825
1997-05-28,2.759999990463257
1997-05-29,2.630000114440918
1997-05-30,3.049999952316284
1997-05-31,4.320000171661377
1997-06-01,3.5299999713897705
1997-06-02,2.869999885559082
1997-06-03,2.4200000762939453
1997-06-04,2.309999942779541
1997-06-05,2.440000057220459
1997-06-06,2.150000095367432
1997-06-07,1.9600000381469729
1997-06-08,2.0199999809265137
1997-06-09,1.75
1997-06-10,1.6599999666213991
1997-06-11,1.559999942779541
1997-06-12,1.5099999904632568
1997-06-13,1.4199999570846558
1997-06-14,1.2699999809265137
1997-06-15,1.2400000095367432
1997-06-16,1.1299999952316284
1997-06-17,1.0800000429153442
1997-06-18,1.1599999666213991
1997-06-19,1.1100000143051147
1997-06-20,1.0299999713897705
1997-06-21,0.9800000190734864
1997-06-22,1.0299999713897705
1997-06-23,1.3700000047683716
1997-06-24,1.399999976158142
1997-06-25,1.2400000095367432
1997-06-26,1.4600000381469729
1997-06-27,1.2599999904632568
1997-06-28,1.2000000476837158
1997-06-29,1.0900000333786009
1997-06-30,1.0
1997-07-01,0.968999981880188
1997-07-02,1.0499999523162842
1997-07-03,0.9800000190734864
1997-07-04,0.902999997138977
1997-07-05,0.859000027179718
1997-07-06,1.2400000095367432
1997-07-07,1.0299999713897705
1997-07-08,0.9800000190734864
1997-07-09,1.3700000047683716
1997-07-10,1.5
1997-07-11,2.740000009536743
1997-07-12,3.5699999332427983
1997-07-13,2.509999990463257
1997-07-14,2.0899999141693115
1997-07-15,1.830000042915344
1997-07-16,1.6399999856948853
1997-07-17,1.5299999713897705
1997-07-18,1.3400000333786009
1997-07-19,1.2400000095367432
1997-07-20,1.2400000095367432
1997-07-21,1.2100000381469729
1997-07-22,1.2699999809265137
1997-07-23,1.1599999666213991
1997-07-24,1.100000023841858
1997-07-25,1.0800000429153442
1997-07-26,1.0399999618530271
1997-07-27,0.9919999837875366
1997-07-28,0.9470000267028807
1997-07-29,0.9139999747276306
1997-07-30,0.9800000190734864
1997-07-31,0.9580000042915344
1997-08-01,0.8809999823570251
1997-08-02,0.8479999899864197
1997-08-03,0.8149999976158142
1997-08-04,0.7820000052452087
1997-08-05,0.7319999933242798
1997-08-06,0.7049999833106995
1997-08-07,0.7049999833106995
1997-08-08,0.8809999823570251
1997-08-09,0.7049999833106995
1997-08-10,0.6499999761581421
1997-08-11,0.6169999837875366
1997-08-12,0.5450000166893005
1997-08-13,0.5199999809265137
1997-08-14,0.479999989271164
1997-08-15,0.4600000083446503
1997-08-16,0.44999998807907104
1997-08-17,0.4399999976158142
1997-08-18,0.4300000071525574
1997-08-19,0.41999998688697815
1997-08-20,0.4099999964237213
1997-08-21,0.4000000059604645
1997-08-22,0.3899999856948853
1997-08-23,0.3799999952316284
1997-08-24,0.4000000059604645
1997-08-25,0.3899999856948853
1997-08-26,0.36000001430511475
1997-08-27,0.3400000035762787
1997-08-28,0.3319999873638153
1997-08-29,0.3160000145435333
1997-08-30,0.30799999833106995
1997-08-31,0.30000001192092896
1997-09-01,0.2939999997615814
1997-09-02,0.28200000524520874
1997-09-03,0.2700000107288361
1997-09-04,0.3400000035762787
1997-09-05,0.2939999997615814
1997-09-06,0.2879999876022339
1997-09-07,0.28200000524520874
1997-09-08,0.28200000524520874
1997-09-09,0.2700000107288361
1997-09-10,0.2590000033378601
1997-09-11,0.2489999979734421
1997-09-12,0.2590000033378601
1997-09-13,0.2700000107288361
1997-09-14,0.2590000033378601
1997-09-15,0.3319999873638153
1997-09-16,0.30000001192092896
1997-09-17,0.5199999809265137
1997-09-18,0.6499999761581421
1997-09-19,0.44999998807907104
1997-09-20,0.3700000047683716
1997-09-21,0.36000001430511475
1997-09-22,0.3400000035762787
1997-09-23,0.3199999928474426
1997-09-24,0.30000001192092896
1997-09-25,0.3050000071525574
1997-09-26,0.3149999976158142
1997-09-27,0.32499998807907104
1997-09-28,0.3319999873638153
1997-09-29,0.3240000009536743
1997-09-30,0.3160000145435333
1997-10-01,0.3319999873638153
1997-10-02,0.44999998807907104
1997-10-03,0.4099999964237213
1997-10-04,0.3899999856948853
1997-10-05,0.5299999713897705
1997-10-06,0.4399999976158142
1997-10-07,0.3799999952316284
1997-10-08,0.3700000047683716
1997-10-09,0.3700000047683716
1997-10-10,0.3700000047683716
1997-10-11,0.36000001430511475
1997-10-12,0.36000001430511475
1997-10-13,0.3499999940395355
1997-10-14,0.4099999964237213
1997-10-15,0.4099999964237213
1997-10-16,0.3899999856948853
1997-10-17,0.3499999940395355
1997-10-18,0.3499999940395355
1997-10-19,0.3400000035762787
1997-10-20,0.3400000035762787
1997-10-21,0.3319999873638153
1997-10-22,0.3400000035762787
1997-10-23,0.3499999940395355
1997-10-24,0.3400000035762787
1997-10-25,0.3319999873638153
1997-10-26,0.3240000009536743
1997-10-27,0.3240000009536743
1997-10-28,0.30399999022483826
1997-10-29,0.36000001430511475
1997-10-30,0.3799999952316284
1997-10-31,0.3700000047683716
1997-11-01,0.3400000035762787
1997-11-02,0.3240000009536743
1997-11-03,0.3400000035762787
1997-11-04,0.3700000047683716
1997-11-05,0.3400000035762787
1997-11-06,0.3700000047683716
1997-11-07,0.479999989271164
1997-11-08,0.4399999976158142
1997-11-09,0.41999998688697815
1997-11-10,0.4000000059604645
1997-11-11,0.3700000047683716
1997-11-12,0.3499999940395355
1997-11-13,0.3319999873638153
1997-11-14,0.3160000145435333
1997-11-15,0.30000001192092896
1997-11-16,0.3319999873638153
1997-11-17,0.3240000009536743
1997-11-18,0.3160000145435333
1997-11-19,0.3160000145435333
1997-11-20,0.3160000145435333
1997-11-21,0.3319999873638153
1997-11-22,0.3160000145435333
1997-11-23,0.30799999833106995
1997-11-24,0.30799999833106995
1997-11-25,0.30000001192092896
1997-11-26,0.30000001192092896
1997-11-27,0.2939999997615814
1997-11-28,0.2939999997615814
1997-11-29,0.2919999957084656
1997-11-30,0.2899999916553497
1997-12-01,0.2879999876022339
1997-12-02,0.28200000524520874
1997-12-03,0.2590000033378601
1997-12-04,0.2269999980926513
1997-12-05,0.20600000023841847
1997-12-06,0.20100000500679016
1997-12-07,0.20499999821186066
1997-12-08,0.210999995470047
1997-12-09,0.2409999966621399
1997-12-10,0.2540000081062317
1997-12-11,0.26499998569488525
1997-12-12,0.26499998569488525
1997-12-13,0.2590000033378601
1997-12-14,0.2590000033378601
1997-12-15,0.2540000081062317
1997-12-16,0.2540000081062317
1997-12-17,0.2489999979734421
1997-12-18,0.2489999979734421
1997-12-19,0.2430000007152557
1997-12-20,0.2430000007152557
1997-12-21,0.2380000054836273
1997-12-22,0.1899999976158142
1997-12-23,0.19499999284744265
1997-12-24,0.210999995470047
1997-12-25,0.22200000286102287
1997-12-26,0.2269999980926513
1997-12-27,0.22200000286102287
1997-12-28,0.22200000286102287
1997-12-29,0.22200000286102287
1997-12-30,0.2269999980926513
1997-12-31,0.2380000054836273
1998-01-01,0.2380000054836273
1998-01-02,0.2169999927282333
1998-01-03,0.1860000044107437
1998-01-04,0.181999996304512
1998-01-05,0.17399999499320984
1998-01-06,0.17000000178813934
1998-01-07,0.17800000309944153
1998-01-08,0.17800000309944153
1998-01-09,0.17000000178813934
1998-01-10,0.16500000655651093
1998-01-11,0.1599999964237213
1998-01-12,0.16500000655651093
1998-01-13,0.17000000178813934
1998-01-14,0.17499999701976776
1998-01-15,0.181999996304512
1998-01-16,0.1860000044107437
1998-01-17,0.1899999976158142
1998-01-18,0.19499999284744265
1998-01-19,0.210999995470047
1998-01-20,0.2169999927282333
1998-01-21,0.210999995470047
1998-01-22,0.20600000023841847
1998-01-23,0.210999995470047
1998-01-24,0.2169999927282333
1998-01-25,0.19499999284744265
1998-01-26,0.19499999284744265
1998-01-27,0.1899999976158142
1998-01-28,0.1899999976158142
1998-01-29,0.1899999976158142
1998-01-30,0.19499999284744265
1998-01-31,0.19499999284744265
1998-02-01,0.19499999284744265
1998-02-02,0.1899999976158142
1998-02-03,0.1899999976158142
1998-02-04,0.1860000044107437
1998-02-05,0.1860000044107437
1998-02-06,0.1899999976158142
1998-02-07,0.1899999976158142
1998-02-08,0.19499999284744265
1998-02-09,0.20100000500679016
1998-02-10,0.20100000500679016
1998-02-11,0.20100000500679016
1998-02-12,0.20600000023841847
1998-02-13,0.20600000023841847
1998-02-14,0.210999995470047
1998-02-15,0.210999995470047
1998-02-16,0.210999995470047
1998-02-17,0.210999995470047
1998-02-18,0.210999995470047
1998-02-19,0.20600000023841847
1998-02-20,0.210999995470047
1998-02-21,0.22200000286102287
1998-02-22,0.2269999980926513
1998-02-23,0.2329999953508377
1998-02-24,0.2380000054836273
1998-02-25,0.2460000067949295
1998-02-26,0.2430000007152557
1998-02-27,0.2430000007152557
1998-02-28,0.210999995470047
1998-03-01,0.2430000007152557
1998-03-02,0.2489999979734421
1998-03-03,0.2590000033378601
1998-03-04,0.2590000033378601
1998-03-05,0.2540000081062317
1998-03-06,0.2540000081062317
1998-03-07,0.2540000081062317
1998-03-08,0.2540000081062317
1998-03-09,0.2489999979734421
1998-03-10,0.2590000033378601
1998-03-11,0.2630000114440918
1998-03-12,0.2930000126361847
1998-03-13,0.3160000145435333
1998-03-14,0.3429999947547913
1998-03-15,0.4350000023841858
1998-03-16,0.5920000076293945
1998-03-17,0.8029999732971191
1998-03-18,0.8489999771118164
1998-03-19,0.8629999756813049
1998-03-20,0.8870000243186951
1998-03-21,0.9330000281333924
1998-03-22,1.0900000333786009
1998-03-23,1.5099999904632568
1998-03-24,1.6599999666213991
1998-03-25,1.6699999570846558
1998-03-26,1.6299999952316284
1998-03-27,1.5700000524520874
1998-03-28,1.4700000286102295
1998-03-29,1.3700000047683716
1998-03-30,1.309999942779541
1998-03-31,1.309999942779541
1998-04-01,1.2999999523162842
1998-04-02,1.3300000429153442
1998-04-03,1.350000023841858
1998-04-04,1.4099999666213991
1998-04-05,1.4500000476837158
1998-04-06,1.600000023841858
1998-04-07,1.690000057220459
1998-04-08,1.649999976158142
1998-04-09,1.600000023841858
1998-04-10,1.4800000190734863
1998-04-11,1.4900000095367432
1998-04-12,1.4800000190734863
1998-04-13,1.4299999475479126
1998-04-14,1.3700000047683716
1998-04-15,1.3200000524520874
1998-04-16,1.2300000190734863
1998-04-17,1.1799999475479126
1998-04-18,1.0800000429153442
1998-04-19,1.1399999856948853
1998-04-20,1.1699999570846558
1998-04-21,1.2300000190734863
1998-04-22,1.2899999618530271
1998-04-23,1.4900000095367432
1998-04-24,2.200000047683716
1998-04-25,1.9099999666213991
1998-04-26,1.690000057220459
1998-04-27,1.6799999475479126
1998-04-28,1.7300000190734863
1998-04-29,1.830000042915344
1998-04-30,2.0199999809265137
1998-05-01,2.1099998950958248
1998-05-02,2.450000047683716
1998-05-03,2.8499999046325684
1998-05-04,2.6800000667572017
1998-05-05,2.650000095367432
1998-05-06,2.359999895095825
1998-05-07,2.240000009536743
1998-05-08,2.0799999237060547
1998-05-09,1.8799999952316284
1998-05-10,1.7000000476837158
1998-05-11,1.5900000333786009
1998-05-12,1.5099999904632568
1998-05-13,1.4600000381469729
1998-05-14,1.399999976158142
1998-05-15,1.3700000047683716
1998-05-16,1.2400000095367432
1998-05-17,1.1799999475479126
1998-05-18,1.0800000429153442
1998-05-19,1.0700000524520874
1998-05-20,0.9679999947547911
1998-05-21,0.9259999990463256
1998-05-22,0.9120000004768372
1998-05-23,0.8980000019073486
1998-05-24,0.8840000033378601
1998-05-25,0.8700000047683716
1998-05-26,0.8700000047683716
1998-05-27,0.8560000061988831
1998-05-28,0.8280000090599059
1998-05-29,0.8000000119209291
1998-05-30,0.7440000176429749
1998-05-31,0.7020000219345093
1998-06-01,0.6600000262260437
1998-06-02,0.6240000128746033
1998-06-03,0.6000000238418579
1998-06-04,0.5789999961853027
1998-06-05,0.5789999961853027
1998-06-06,0.5479999780654907
1998-06-07,0.5299999713897705
1998-06-08,0.5019999742507935
1998-06-09,0.4839999973773956
1998-06-10,0.4650000035762787
1998-06-11,0.4469999969005585
1998-06-12,0.4300000071525574
1998-06-13,0.5109999775886536
1998-06-14,0.4740000069141388
1998-06-15,0.4560000002384186
1998-06-16,0.4210000038146973
1998-06-17,0.40400001406669617
1998-06-18,0.5109999775886536
1998-06-19,0.4379999935626984
1998-06-20,0.3950000107288361
1998-06-21,0.3869999945163727
1998-06-22,0.3619999885559082
1998-06-23,0.3619999885559082
1998-06-24,0.3529999852180481
1998-06-25,0.4560000002384186
1998-06-26,0.3950000107288361
1998-06-27,0.3619999885559082
1998-06-28,0.3779999911785126
1998-06-29,0.3529999852180481
1998-06-30,0.328000009059906
1998-07-01,0.31200000643730164
1998-07-02,0.2960000038146973
1998-07-03,0.2809999883174896
1998-07-04,0.2960000038146973
1998-07-05,0.2809999883174896
1998-07-06,0.2590000033378601
1998-07-07,0.2460000067949295
1998-07-08,0.2329999953508377
1998-07-09,0.2960000038146973
1998-07-10,0.23899999260902405
1998-07-11,0.2199999988079071
1998-07-12,0.2140000015497208
1998-07-13,0.2080000042915344
1998-07-14,0.20200000703334808
1998-07-15,0.19599999487400047
1998-07-16,0.2080000042915344
1998-07-17,0.19599999487400047
1998-07-18,0.18400000035762787
1998-07-19,0.17299999296665192
1998-07-20,0.16200000047683716
1998-07-21,0.15199999511241913
1998-07-22,0.1459999978542328
1998-07-23,0.14100000262260434
1998-07-24,0.14100000262260434
1998-07-25,0.13600000739097595
1998-07-26,0.13600000739097595
1998-07-27,0.13099999725818634
1998-07-28,0.12399999797344208
1998-07-29,0.12600000202655792
1998-07-30,0.1169999986886978
1998-07-31,0.1120000034570694
1998-08-01,0.1080000028014183
1998-08-02,0.1080000028014183
1998-08-03,0.1080000028014183
1998-08-04,0.10300000011920928
1998-08-05,0.0989999994635582
1998-08-06,0.0989999994635582
1998-08-07,0.09399999678134917
1998-08-08,0.09399999678134917
1998-08-09,0.09000000357627869
1998-08-10,0.0860000029206276
1998-08-11,0.0860000029206276
1998-08-12,0.0820000022649765
1998-08-13,0.07800000160932541
1998-08-14,0.07400000095367433
1998-08-15,0.07000000029802322
1998-08-16,0.07000000029802322
1998-08-17,0.07000000029802322
1998-08-18,0.07000000029802322
1998-08-19,0.07000000029802322
1998-08-20,0.07000000029802322
1998-08-21,0.07000000029802322
1998-08-22,0.06599999964237213
1998-08-23,0.06599999964237213
1998-08-24,0.06599999964237213
1998-08-25,0.06599999964237213
1998-08-26,0.06599999964237213
1998-08-27,0.06300000101327896
1998-08-28,0.06300000101327896
1998-08-29,0.059000000357627876
1998-08-30,0.059000000357627876
1998-08-31,0.059000000357627876
1998-09-01,0.059000000357627876
1998-09-02,0.0560000017285347
1998-09-03,0.0560000017285347
1998-09-04,0.052000001072883606
1998-09-05,0.052000001072883606
1998-09-06,0.052000001072883606
1998-09-07,0.04899999871850014
1998-09-08,0.04899999871850014
1998-09-09,0.04600000008940697
1998-09-10,0.04600000008940697
1998-09-11,0.04399999976158142
1998-09-12,0.04399999976158142
1998-09-13,0.04399999976158142
1998-09-14,0.04399999976158142
1998-09-15,0.04399999976158142
1998-09-16,0.052000001072883606
1998-09-17,0.052000001072883606
1998-09-18,0.0560000017285347
1998-09-19,0.0560000017285347
1998-09-20,0.0560000017285347
1998-09-21,0.052000001072883606
1998-09-22,0.052000001072883606
1998-09-23,0.052000001072883606
1998-09-24,0.052000001072883606
1998-09-25,0.0560000017285347
1998-09-26,0.059000000357627876
1998-09-27,0.052000001072883606
1998-09-28,0.052000001072883606
1998-09-29,0.04899999871850014
1998-09-30,0.04899999871850014
1998-10-01,0.04899999871850014
1998-10-02,0.04899999871850014
1998-10-03,0.05000000074505806
1998-10-04,0.050999999046325684
1998-10-05,0.052000001072883606
1998-10-06,0.052000001072883606
1998-10-07,0.052000001072883606
1998-10-08,0.052000001072883606
1998-10-09,0.06300000101327896
1998-10-10,0.06300000101327896
1998-10-11,0.06300000101327896
1998-10-12,0.06300000101327896
1998-10-13,0.06599999964237213
1998-10-14,0.06300000101327896
1998-10-15,0.06599999964237213
1998-10-16,0.06300000101327896
1998-10-17,0.07000000029802322
1998-10-18,0.07000000029802322
1998-10-19,0.07000000029802322
1998-10-20,0.06599999964237213
1998-10-21,0.06599999964237213
1998-10-22,0.06300000101327896
1998-10-23,0.06300000101327896
1998-10-24,0.06300000101327896
1998-10-25,0.06300000101327896
1998-10-26,0.06300000101327896
1998-10-27,0.06300000101327896
1998-10-28,0.09000000357627869
1998-10-29,0.07400000095367433
1998-10-30,0.06599999964237213
1998-10-31,0.06599999964237213
1998-11-01,0.06599999964237213
1998-11-02,0.06599999964237213
1998-11-03,0.06599999964237213
1998-11-04,0.06599999964237213
1998-11-05,0.06599999964237213
1998-11-06,0.06599999964237213
1998-11-07,0.06300000101327896
1998-11-08,0.06300000101327896
1998-11-09,0.06300000101327896
1998-11-10,0.06300000101327896
1998-11-11,0.06300000101327896
1998-11-12,0.07000000029802322
1998-11-13,0.07000000029802322
1998-11-14,0.07800000160932541
1998-11-15,0.19599999487400047
1998-11-16,0.13600000739097595
1998-11-17,0.1080000028014183
1998-11-18,0.09399999678134917
1998-11-19,0.09000000357627869
1998-11-20,0.09000000357627869
1998-11-21,0.1080000028014183
1998-11-22,0.09399999678134917
1998-11-23,0.09399999678134917
1998-11-24,0.09000000357627869
1998-11-25,0.0860000029206276
1998-11-26,0.1120000034570694
1998-11-27,0.09399999678134917
1998-11-28,0.09000000357627869
1998-11-29,0.09000000357627869
1998-11-30,0.09000000357627869
1998-12-01,0.09000000357627869
1998-12-02,0.09399999678134917
1998-12-03,0.09000000357627869
1998-12-04,0.09000000357627869
1998-12-05,0.0860000029206276
1998-12-06,0.0820000022649765
1998-12-07,0.0820000022649765
1998-12-08,0.07800000160932541
1998-12-09,0.07800000160932541
1998-12-10,0.07800000160932541
1998-12-11,0.07800000160932541
1998-12-12,0.07800000160932541
1998-12-13,0.07400000095367433
1998-12-14,0.0820000022649765
1998-12-15,0.0820000022649765
1998-12-16,0.07800000160932541
1998-12-17,0.07800000160932541
1998-12-18,0.07400000095367433
1998-12-19,0.06800000369548798
1998-12-20,0.059999998658895486
1998-12-21,0.06400000303983687
1998-12-22,0.07000000029802322
1998-12-23,0.07000000029802322
1998-12-24,0.06599999964237213
1998-12-25,0.0560000017285347
1998-12-26,0.0560000017285347
1998-12-27,0.0560000017285347
1998-12-28,0.059000000357627876
1998-12-29,0.059000000357627876
1998-12-30,0.07000000029802322
1998-12-31,0.07000000029802322
1999-01-01,0.061000000685453415
1999-01-02,0.061000000685453415
1999-01-03,0.05799999833106995
1999-01-04,0.05799999833106995
1999-01-05,0.05400000140070915
1999-01-06,0.05400000140070915
1999-01-07,0.05400000140070915
1999-01-08,0.05400000140070915
1999-01-09,0.05400000140070915
1999-01-10,0.05400000140070915
1999-01-11,0.05400000140070915
1999-01-12,0.05799999833106995
1999-01-13,0.061000000685453415
1999-01-14,0.061000000685453415
1999-01-15,0.05799999833106995
1999-01-16,0.05799999833106995
1999-01-17,0.05400000140070915
1999-01-18,0.05400000140070915
1999-01-19,0.0560000017285347
1999-01-20,0.05799999833106995
1999-01-21,0.061000000685453415
1999-01-22,0.061000000685453415
1999-01-23,0.05799999833106995
1999-01-24,0.04800000041723251
1999-01-25,0.04800000041723251
1999-01-26,0.04800000041723251
1999-01-27,0.05400000140070915
1999-01-28,0.050999999046325684
1999-01-29,0.050999999046325684
1999-01-30,0.050999999046325684
1999-01-31,0.050999999046325684
1999-02-01,0.05400000140070915
1999-02-02,0.061000000685453415
1999-02-03,0.05799999833106995
1999-02-04,0.05400000140070915
1999-02-05,0.05400000140070915
1999-02-06,0.05400000140070915
1999-02-07,0.05400000140070915
1999-02-08,0.05400000140070915
1999-02-09,0.05400000140070915
1999-02-10,0.04800000041723251
1999-02-11,0.05400000140070915
1999-02-12,0.050999999046325684
1999-02-13,0.050999999046325684
1999-02-14,0.0560000017285347
1999-02-15,0.0560000017285347
1999-02-16,0.05400000140070915
1999-02-17,0.05400000140070915
1999-02-18,0.05400000140070915
1999-02-19,0.061000000685453415
1999-02-20,0.05799999833106995
1999-02-21,0.05400000140070915
1999-02-22,0.05400000140070915
1999-02-23,0.061000000685453415
1999-02-24,0.061000000685453415
1999-02-25,0.06400000303983687
1999-02-26,0.06400000303983687
1999-02-27,0.06400000303983687
1999-02-28,0.06400000303983687
1999-03-01,0.06400000303983687
1999-03-02,0.061000000685453415
1999-03-03,0.06400000303983687
1999-03-04,0.06400000303983687
1999-03-05,0.06400000303983687
1999-03-06,0.06400000303983687
1999-03-07,0.06400000303983687
1999-03-08,0.06400000303983687
1999-03-09,0.06400000303983687
1999-03-10,0.06400000303983687
1999-03-11,0.06800000369548798
1999-03-12,0.06800000369548798
1999-03-13,0.07100000232458115
1999-03-14,0.07800000160932541
1999-03-15,0.0820000022649765
1999-03-16,0.0820000022649765
1999-03-17,0.0820000022649765
1999-03-18,0.0820000022649765
1999-03-19,0.0820000022649765
1999-03-20,0.08900000154972076
1999-03-21,0.09600000083446504
1999-03-22,0.1040000021457672
1999-03-23,0.1459999978542328
1999-03-24,0.17399999499320984
1999-03-25,0.22200000286102287
1999-03-26,0.30000001192092896
1999-03-27,0.30000001192092896
1999-03-28,0.4519999921321869
1999-03-29,0.4519999921321869
1999-03-30,0.4289999902248383
1999-03-31,0.39800000190734863
1999-04-01,0.3720000088214874
1999-04-02,0.4059999883174896
1999-04-03,0.4519999921321869
1999-04-04,0.4519999921321869
1999-04-05,0.4519999921321869
1999-04-06,0.4429999887943268
1999-04-07,0.4620000123977661
1999-04-08,0.6290000081062317
1999-04-09,0.7120000123977661
1999-04-10,0.6520000100135803
1999-04-11,0.7860000133514404
1999-04-12,0.6880000233650208
1999-04-13,0.6520000100135803
1999-04-14,0.6179999709129333
1999-04-15,0.6179999709129333
1999-04-16,0.6290000081062317
1999-04-17,0.7860000133514404
1999-04-18,1.0700000524520874
1999-04-19,1.2599999904632568
1999-04-20,1.5
1999-04-21,1.440000057220459
1999-04-22,1.2599999904632568
1999-04-23,1.2599999904632568
1999-04-24,1.5
1999-04-25,1.820000052452088
1999-04-26,1.850000023841858
1999-04-27,1.5299999713897705
1999-04-28,1.3400000333786009
1999-04-29,1.2799999713897705
1999-04-30,1.3300000429153442
1999-05-01,1.9700000286102293
1999-05-02,2.1600000858306885
1999-05-03,1.7599999904632568
1999-05-04,1.5700000524520874
1999-05-05,1.5
1999-05-06,1.3600000143051147
1999-05-07,1.6399999856948853
1999-05-08,1.3899999856948853
1999-05-09,1.309999942779541
1999-05-10,1.2200000286102295
1999-05-11,1.1299999952316284
1999-05-12,1.2000000476837158
1999-05-13,1.2200000286102295
1999-05-14,1.1299999952316284
1999-05-15,1.1599999666213991
1999-05-16,1.25
1999-05-17,1.3899999856948853
1999-05-18,1.5499999523162842
1999-05-19,1.7999999523162842
1999-05-20,1.6699999570846558
1999-05-21,1.9600000381469729
1999-05-22,1.7599999904632568
1999-05-23,2.2100000381469727
1999-05-24,2.6600000858306885
1999-05-25,3.670000076293945
1999-05-26,3.240000009536743
1999-05-27,2.880000114440918
1999-05-28,2.450000047683716
1999-05-29,2.25
1999-05-30,1.9800000190734863
1999-05-31,1.940000057220459
1999-06-01,2.1800000667572017
1999-06-02,2.289999961853028
1999-06-03,1.940000057220459
1999-06-04,1.9800000190734863
1999-06-05,2.25
1999-06-06,1.9800000190734863
1999-06-07,1.7100000381469729
1999-06-08,1.3899999856948853
1999-06-09,1.4600000381469729
1999-06-10,1.3600000143051147
1999-06-11,1.309999942779541
1999-06-12,1.2599999904632568
1999-06-13,1.25
1999-06-14,1.25
1999-06-15,1.2999999523162842
1999-06-16,1.3799999952316284
1999-06-17,1.3899999856948853
1999-06-18,1.3300000429153442
1999-06-19,1.25
1999-06-20,1.1100000143051147
1999-06-21,1.2799999713897705
1999-06-22,1.1699999570846558
1999-06-23,1.0900000333786009
1999-06-24,0.9800000190734864
1999-06-25,1.2300000190734863
1999-06-26,1.0900000333786009
1999-06-27,0.9670000076293944
1999-06-28,0.9670000076293944
1999-06-29,0.9539999961853028
1999-06-30,0.9539999961853028
1999-07-01,0.9269999861717224
1999-07-02,0.9670000076293944
1999-07-03,1.0499999523162842
1999-07-04,0.9940000176429749
1999-07-05,0.9399999976158142
1999-07-06,0.8629999756813049
1999-07-07,0.9670000076293944
1999-07-08,1.0599999427795408
1999-07-09,1.0099999904632568
1999-07-10,0.9539999961853028
1999-07-11,0.8759999871253967
1999-07-12,0.8500000238418579
1999-07-13,0.8119999766349792
1999-07-14,0.7609999775886536
1999-07-15,0.7239999771118164
1999-07-16,0.7120000123977661
1999-07-17,0.6880000233650208
1999-07-18,0.6520000100135803
1999-07-19,0.6179999709129333
1999-07-20,0.5740000009536743
1999-07-21,0.5630000233650208
1999-07-22,0.5630000233650208
1999-07-23,0.5519999861717224
1999-07-24,0.5419999957084656
1999-07-25,0.5740000009536743
1999-07-26,0.5519999861717224
1999-07-27,0.5
1999-07-28,0.4620000123977661
1999-07-29,0.3889999985694885
1999-07-30,0.4059999883174896
1999-07-31,0.3889999985694885
1999-08-01,0.3639999926090241
1999-08-02,0.3479999899864197
1999-08-03,0.3240000009536743
1999-08-04,0.3160000145435333
1999-08-05,0.30799999833106995
1999-08-06,0.2919999957084656
1999-08-07,0.2700000107288361
1999-08-08,0.4519999921321869
1999-08-09,0.3319999873638153
1999-08-10,0.30000001192092896
1999-08-11,0.2840000092983246
1999-08-12,0.2549999952316284
1999-08-13,0.3160000145435333
1999-08-14,0.2619999945163727
1999-08-15,0.30799999833106995
1999-08-16,0.2770000100135803
1999-08-17,0.24799999594688416
1999-08-18,0.23499999940395355
1999-08-19,0.2419999986886978
1999-08-20,0.2770000100135803
1999-08-21,0.24799999594688416
1999-08-22,0.1940000057220459
1999-08-23,0.18299999833106995
1999-08-24,0.17399999499320984
1999-08-25,0.164000004529953
1999-08-26,0.1509999930858612
1999-08-27,0.1420000046491623
1999-08-28,0.1420000046491623
1999-08-29,0.1420000046491623
1999-08-30,0.1469999998807907
1999-08-31,0.5630000233650208
1999-09-01,0.4429999887943268
1999-09-02,0.3889999985694885
1999-09-03,0.2700000107288361
1999-09-04,0.2419999986886978
1999-09-05,0.22200000286102287
1999-09-06,0.2840000092983246
1999-09-07,0.3240000009536743
1999-09-08,0.2840000092983246
1999-09-09,0.2549999952316284
1999-09-10,0.23499999940395355
1999-09-11,0.22200000286102287
1999-09-12,0.2160000056028366
1999-09-13,0.20999999344348907
1999-09-14,0.20499999821186066
1999-09-15,0.19900000095367432
1999-09-16,0.18299999833106995
1999-09-17,0.17800000309944153
1999-09-18,0.17399999499320984
1999-09-19,0.16899999976158142
1999-09-20,0.1599999964237213
1999-09-21,0.1550000011920929
1999-09-22,0.1420000046491623
1999-09-23,0.1420000046491623
1999-09-24,0.1420000046491623
1999-09-25,0.2160000056028366
1999-09-26,0.20499999821186066
1999-09-27,0.17399999499320984
1999-09-28,0.164000004529953
1999-09-29,0.1599999964237213
1999-09-30,0.1550000011920929
1999-10-01,0.17399999499320984
1999-10-02,0.1420000046491623
1999-10-03,0.13099999725818634
1999-10-04,0.119999997317791
1999-10-05,0.12399999797344208
1999-10-06,0.10999999940395357
1999-10-07,0.10000000149011612
1999-10-08,0.1420000046491623
1999-10-09,0.24799999594688416
1999-10-10,0.2290000021457672
1999-10-11,0.2160000056028366
1999-10-12,0.2160000056028366
1999-10-13,0.22200000286102287
1999-10-14,0.22200000286102287
1999-10-15,0.2290000021457672
1999-10-16,0.2160000056028366
1999-10-17,0.20999999344348907
1999-10-18,0.20999999344348907
1999-10-19,0.20499999821186066
1999-10-20,0.19900000095367432
1999-10-21,0.19900000095367432
1999-10-22,0.1940000057220459
1999-10-23,0.1879999935626984
1999-10-24,0.18299999833106995
1999-10-25,0.164000004529953
1999-10-26,0.1420000046491623
1999-10-27,0.1379999965429306
1999-10-28,0.1420000046491623
1999-10-29,0.1879999935626984
1999-10-30,0.2290000021457672
1999-10-31,0.24799999594688416
1999-11-01,0.2619999945163727
1999-11-02,0.2549999952316284
1999-11-03,0.2549999952316284
1999-11-04,0.24799999594688416
1999-11-05,0.2419999986886978
1999-11-06,0.2419999986886978
1999-11-07,0.2419999986886978
1999-11-08,0.23499999940395355
1999-11-09,0.2419999986886978
1999-11-10,0.2840000092983246
1999-11-11,0.3479999899864197
1999-11-12,0.4239999949932098
1999-11-13,0.5
1999-11-14,0.6060000061988831
1999-11-15,0.6349999904632568
1999-11-16,0.6060000061988831
1999-11-17,0.6349999904632568
1999-11-18,0.6060000061988831
1999-11-19,0.5519999861717224
1999-11-20,0.5
1999-11-21,0.4760000109672546
1999-11-22,0.4519999921321869
1999-11-23,0.4760000109672546
1999-11-24,0.6060000061988831
1999-11-25,0.5519999861717224
1999-11-26,0.5
1999-11-27,0.4760000109672546
1999-11-28,0.4519999921321869
1999-11-29,0.4289999902248383
1999-11-30,0.4519999921321869
1999-12-01,0.5
1999-12-02,0.5519999861717224
1999-12-03,0.5
1999-12-04,0.4519999921321869
1999-12-05,0.4059999883174896
1999-12-06,0.4059999883174896
1999-12-07,0.4289999902248383
1999-12-08,0.4519999921321869
1999-12-09,0.4289999902248383
1999-12-10,0.4289999902248383
1999-12-11,0.4289999902248383
1999-12-12,0.4059999883174896
1999-12-13,0.3849999904632568
1999-12-14,0.3849999904632568
1999-12-15,0.3639999926090241
1999-12-16,0.3240000009536743
1999-12-17,0.2840000092983246
1999-12-18,0.24799999594688416
1999-12-19,0.24799999594688416
1999-12-20,0.2840000092983246
1999-12-21,0.2840000092983246
1999-12-22,0.30399999022483826
1999-12-23,0.3240000009536743
1999-12-24,0.3639999926090241
1999-12-25,0.3639999926090241
1999-12-26,0.3440000116825104
1999-12-27,0.3440000116825104
1999-12-28,0.3240000009536743
1999-12-29,0.3240000009536743
1999-12-30,0.30399999022483826
1999-12-31,0.2840000092983246
2000-01-01,0.2840000092983246
2000-01-02,0.2840000092983246
2000-01-03,0.3240000009536743
2000-01-04,0.3440000116825104
2000-01-05,0.3440000116825104
2000-01-06,0.3440000116825104
2000-01-07,0.3240000009536743
2000-01-08,0.3240000009536743
2000-01-09,0.30399999022483826
2000-01-10,0.2840000092983246
2000-01-11,0.2840000092983246
2000-01-12,0.30399999022483826
2000-01-13,0.2770000100135803
2000-01-14,0.30399999022483826
2000-01-15,0.2840000092983246
2000-01-16,0.2840000092983246
2000-01-17,0.2300000041723252
2000-01-18,0.20999999344348907
2000-01-19,0.20000000298023224
2000-01-20,0.1850000023841858
2000-01-21,0.1899999976158142
2000-01-22,0.20000000298023224
2000-01-23,0.20999999344348907
2000-01-24,0.2199999988079071
2000-01-25,0.23199999332427976
2000-01-26,0.24799999594688416
2000-01-27,0.24799999594688416
2000-01-28,0.2660000026226044
2000-01-29,0.2660000026226044
2000-01-30,0.2770000100135803
2000-01-31,0.2619999945163727
2000-02-01,0.24799999594688416
2000-02-02,0.2419999986886978
2000-02-03,0.2290000021457672
2000-02-04,0.2160000056028366
2000-02-05,0.20499999821186066
2000-02-06,0.2290000021457672
2000-02-07,0.23499999940395355
2000-02-08,0.24799999594688416
2000-02-09,0.2840000092983246
2000-02-10,0.2700000107288361
2000-02-11,0.24799999594688416
2000-02-12,0.23199999332427976
2000-02-13,0.2160000056028366
2000-02-14,0.20999999344348907
2000-02-15,0.20000000298023224
2000-02-16,0.1899999976158142
2000-02-17,0.18000000715255735
2000-02-18,0.17000000178813934
2000-02-19,0.17499999701976776
2000-02-20,0.1899999976158142
2000-02-21,0.20999999344348907
2000-02-22,0.2199999988079071
2000-02-23,0.2370000034570694
2000-02-24,0.2300000041723252
2000-02-25,0.2199999988079071
2000-02-26,0.2300000041723252
2000-02-27,0.24799999594688416
2000-02-28,0.2660000026226044
2000-02-29,
2000-03-01,0.3219999969005585
2000-03-02,0.3030000030994416
2000-03-03,0.2840000092983246
2000-03-04,0.2840000092983246
2000-03-05,0.3030000030994416
2000-03-06,0.3030000030994416
2000-03-07,0.2840000092983246
2000-03-08,0.2700000107288361
2000-03-09,0.2619999945163727
2000-03-10,0.2770000100135803
2000-03-11,0.2840000092983246
2000-03-12,0.29899999499320984
2000-03-13,0.3140000104904175
2000-03-14,0.33000001311302185
2000-03-15,0.3619999885559082
2000-03-16,0.4289999902248383
2000-03-17,0.4620000123977661
2000-03-18,0.5
2000-03-19,0.550000011920929
2000-03-20,0.6600000262260437
2000-03-21,0.7300000190734863
2000-03-22,0.8000000119209291
2000-03-23,0.8399999737739563
2000-03-24,0.959999978542328
2000-03-25,1.0399999618530271
2000-03-26,1.0399999618530271
2000-03-27,1.0399999618530271
2000-03-28,1.2000000476837158
2000-03-29,1.25
2000-03-30,1.2899999618530271
2000-03-31,1.2899999618530271
2000-04-01,1.3799999952316284
2000-04-02,1.4700000286102295
2000-04-03,1.5199999809265137
2000-04-04,1.559999942779541
2000-04-05,1.559999942779541
2000-04-06,1.649999976158142
2000-04-07,1.7400000095367432
2000-04-08,1.830000042915344
2000-04-09,2.0999999046325684
2000-04-10,2.2799999713897705
2000-04-11,2.2799999713897705
2000-04-12,2.7300000190734863
2000-04-13,2.8199999332427983
2000-04-14,2.7300000190734863
2000-04-15,2.549999952316284
2000-04-16,3.0
2000-04-17,3.1800000667572017
2000-04-18,3.359999895095825
2000-04-19,3.5399999618530287
2000-04-20,3.630000114440918
2000-04-21,3.7200000286102295
2000-04-22,4.599999904632568
2000-04-23,4.900000095367432
2000-04-24,4.699999809265137
2000-04-25,4.5
2000-04-26,4.099999904632568
2000-04-27,3.900000095367432
2000-04-28,3.630000114440918
2000-04-29,3.1800000667572017
2000-04-30,2.7300000190734863
2000-05-01,2.8199999332427983
2000-05-02,3.0
2000-05-03,2.7300000190734863
2000-05-04,2.640000104904175
2000-05-05,2.8199999332427983
2000-05-06,2.640000104904175
2000-05-07,2.7300000190734863
2000-05-08,3.0
2000-05-09,2.8199999332427983
2000-05-10,2.640000104904175
2000-05-11,2.9100000858306885
2000-05-12,2.7300000190734863
2000-05-13,2.7300000190734863
2000-05-14,2.9100000858306885
2000-05-15,3.049999952316284
2000-05-16,3.0899999141693115
2000-05-17,2.9600000381469727
2000-05-18,3.5399999618530287
2000-05-19,3.5399999618530287
2000-05-20,3.7200000286102295
2000-05-21,3.900000095367432
2000-05-22,3.7200000286102295
2000-05-23,3.5399999618530287
2000-05-24,3.359999895095825
2000-05-25,3.359999895095825
2000-05-26,3.1800000667572017
2000-05-27,3.0399999618530287
2000-05-28,3.0
2000-05-29,2.8199999332427983
2000-05-30,2.7300000190734863
2000-05-31,2.549999952316284
2000-06-01,2.369999885559082
2000-06-02,2.1400001049041752
2000-06-03,1.919999957084656
2000-06-04,1.919999957084656
2000-06-05,1.830000042915344
2000-06-06,1.830000042915344
2000-06-07,1.649999976158142
2000-06-08,1.7400000095367432
2000-06-09,1.559999942779541
2000-06-10,1.559999942779541
2000-06-11,1.559999942779541
2000-06-12,1.7400000095367432
2000-06-13,1.649999976158142
2000-06-14,1.559999942779541
2000-06-15,1.4700000286102295
2000-06-16,1.3799999952316284
2000-06-17,1.2000000476837158
2000-06-18,1.3799999952316284
2000-06-19,1.559999942779541
2000-06-20,1.3799999952316284
2000-06-21,1.3300000429153442
2000-06-22,1.2000000476837158
2000-06-23,1.2000000476837158
2000-06-24,1.0399999618530271
2000-06-25,0.959999978542328
2000-06-26,0.959999978542328
2000-06-27,0.8799999952316284
2000-06-28,0.7160000205039978
2000-06-29,0.6000000238418579
2000-06-30,0.6000000238418579
2000-07-01,0.6650000214576721
2000-07-02,0.7300000190734863
2000-07-03,0.8000000119209291
2000-07-04,0.8000000119209291
2000-07-05,0.8000000119209291
2000-07-06,0.7300000190734863
2000-07-07,0.7300000190734863
2000-07-08,0.6600000262260437
2000-07-09,0.6000000238418579
2000-07-10,0.5
2000-07-11,0.6000000238418579
2000-07-12,0.7300000190734863
2000-07-13,0.7300000190734863
2000-07-14,0.6000000238418579
2000-07-15,0.6000000238418579
2000-07-16,0.5249999761581421
2000-07-17,0.4519999921321869
2000-07-18,0.4519999921321869
2000-07-19,0.4059999883174896
2000-07-20,0.3619999885559082
2000-07-21,0.3619999885559082
2000-07-22,0.3219999969005585
2000-07-23,0.6000000238418579
2000-07-24,0.6000000238418579
2000-07-25,0.550000011920929
2000-07-26,0.5
2000-07-27,0.4059999883174896
2000-07-28,0.3619999885559082
2000-07-29,0.3219999969005585
2000-07-30,0.3219999969005585
2000-07-31,0.3030000030994416
2000-08-01,0.2840000092983246
2000-08-02,0.24799999594688416
2000-08-03,0.24799999594688416
2000-08-04,0.2189999967813492
2000-08-05,0.2189999967813492
2000-08-06,0.1899999976158142
2000-08-07,0.16099999845027926
2000-08-08,0.16099999845027926
2000-08-09,0.17599999904632568
2000-08-10,0.14800000190734866
2000-08-11,0.13600000739097595
2000-08-12,0.13600000739097595
2000-08-13,0.125
2000-08-14,0.125
2000-08-15,0.13600000739097595
2000-08-16,0.13600000739097595
2000-08-17,0.13600000739097595
2000-08-18,0.125
2000-08-19,0.11400000005960464
2000-08-20,0.11400000005960464
2000-08-21,0.125
2000-08-22,0.125
2000-08-23,0.13600000739097595
2000-08-24,0.13600000739097595
2000-08-25,0.13600000739097595
2000-08-26,0.14900000393390656
2000-08-27,0.14900000393390656
2000-08-28,0.16099999845027926
2000-08-29,0.16099999845027926
2000-08-30,0.14900000393390656
2000-08-31,0.14800000190734866
2000-09-01,0.13600000739097595
2000-09-02,0.13600000739097595
2000-09-03,0.13600000739097595
2000-09-04,0.14900000393390656
2000-09-05,0.14900000393390656
2000-09-06,0.16099999845027926
2000-09-07,0.14800000190734866
2000-09-08,0.13600000739097595
2000-09-09,0.125
2000-09-10,0.125
2000-09-11,0.11400000005960464
2000-09-12,0.11400000005960464
2000-09-13,0.11400000005960464
2000-09-14,0.13600000739097595
2000-09-15,0.13600000739097595
2000-09-16,0.14900000393390656
2000-09-17,0.14800000190734866
2000-09-18,0.13600000739097595
2000-09-19,0.13600000739097595
2000-09-20,0.13600000739097595
2000-09-21,0.125
2000-09-22,0.125
2000-09-23,0.11400000005960464
2000-09-24,0.11400000005960464
2000-09-25,0.10499999672174454
2000-09-26,0.10599999874830246
2000-09-27,0.11400000005960464
2000-09-28,0.11400000005960464
2000-09-29,0.11400000005960464
2000-09-30,0.125
2000-10-01,0.11400000005960464
2000-10-02,0.125
2000-10-03,0.11400000005960464
2000-10-04,0.11400000005960464
2000-10-05,0.10499999672174454
2000-10-06,0.10499999672174454
2000-10-07,0.09700000286102296
2000-10-08,0.09700000286102296
2000-10-09,0.08799999952316284
2000-10-10,0.08900000154972076
2000-10-11,0.09700000286102296
2000-10-12,0.09700000286102296
2000-10-13,0.10499999672174454
2000-10-14,0.10499999672174454
2000-10-15,0.09700000286102296
2000-10-16,0.09700000286102296
2000-10-17,0.0989999994635582
2000-10-18,0.07999999821186066
2000-10-19,0.07999999821186066
2000-10-20,0.07999999821186066
2000-10-21,0.07199999690055847
2000-10-22,0.07199999690055847
2000-10-23,0.07199999690055847
2000-10-24,0.06499999761581421
2000-10-25,0.06499999761581421
2000-10-26,0.05000000074505806
2000-10-27,0.05000000074505806
2000-10-28,0.05799999833106995
2000-10-29,0.06499999761581421
2000-10-30,0.06499999761581421
2000-10-31,0.06499999761581421
2000-11-01,0.06499999761581421
2000-11-02,0.07999999821186066
2000-11-03,0.07999999821186066
2000-11-04,0.08799999952316284
2000-11-05,0.08900000154972076
2000-11-06,0.09700000286102296
2000-11-07,0.09700000286102296
2000-11-08,0.09700000286102296
2000-11-09,0.11400000005960464
2000-11-10,0.11400000005960464
2000-11-11,0.11400000005960464
2000-11-12,0.125
2000-11-13,0.125
2000-11-14,0.11400000005960464
2000-11-15,0.11400000005960464
2000-11-16,0.09700000286102296
2000-11-17,0.09700000286102296
2000-11-18,0.09700000286102296
2000-11-19,0.11400000005960464
2000-11-20,0.11400000005960464
2000-11-21,0.11400000005960464
2000-11-22,0.125
2000-11-23,0.11400000005960464
2000-11-24,0.11400000005960464
2000-11-25,0.10499999672174454
2000-11-26,0.10499999672174454
2000-11-27,0.10499999672174454
2000-11-28,0.09700000286102296
2000-11-29,0.08900000154972076
2000-11-30,0.09700000286102296
2000-12-01,0.07999999821186066
2000-12-02,0.07999999821186066
2000-12-03,0.07999999821186066
2000-12-04,0.07999999821186066
2000-12-05,0.07999999821186066
2000-12-06,0.07199999690055847
2000-12-07,0.07199999690055847
2000-12-08,0.06499999761581421
2000-12-09,0.06199999898672104
2000-12-10,0.0560000017285347
2000-12-11,0.05000000074505806
2000-12-12,0.04399999976158142
2000-12-13,0.03999999910593033
2000-12-14,0.04399999976158142
2000-12-15,0.04800000041723251
2000-12-16,0.05299999937415123
2000-12-17,0.05799999833106995
2000-12-18,0.06599999964237213
2000-12-19,0.06400000303983687
2000-12-20,0.06800000369548798
2000-12-21,0.0729999989271164
2000-12-22,0.07999999821186066
2000-12-23,0.07999999821186066
2000-12-24,0.07999999821186066
2000-12-25,0.07199999690055847
2000-12-26,0.0729999989271164
2000-12-27,0.07999999821186066
2000-12-28,0.07999999821186066
2000-12-29,0.07199999690055847
2000-12-30,0.07199999690055847
2000-12-31,0.06499999761581421
2001-01-01,0.07999999821186066
2001-01-02,0.07999999821186066
2001-01-03,0.07999999821186066
2001-01-04,0.07400000095367433
2001-01-05,0.07000000029802322
2001-01-06,0.0729999989271164
2001-01-07,0.07699999958276749
2001-01-08,0.08100000023841858
2001-01-09,0.08299999684095383
2001-01-10,0.08399999886751175
2001-01-11,0.07999999821186066
2001-01-12,0.07999999821186066
2001-01-13,0.07199999690055847
2001-01-14,0.07199999690055847
2001-01-15,0.07199999690055847
2001-01-16,0.06400000303983687
2001-01-17,0.05700000002980232
2001-01-18,0.0560000017285347
2001-01-19,0.05000000074505806
2001-01-20,0.05000000074505806
2001-01-21,0.05000000074505806
2001-01-22,0.05000000074505806
2001-01-23,0.04399999976158142
2001-01-24,0.04399999976158142
2001-01-25,0.05000000074505806
2001-01-26,0.05000000074505806
2001-01-27,0.05000000074505806
2001-01-28,0.05000000074505806
2001-01-29,0.05700000002980232
2001-01-30,0.05700000002980232
2001-01-31,0.05700000002980232
2001-02-01,0.05000000074505806
2001-02-02,0.05000000074505806
2001-02-03,0.04399999976158142
2001-02-04,0.052000001072883606
2001-02-05,0.05000000074505806
2001-02-06,0.050999999046325684
2001-02-07,0.05299999937415123
2001-02-08,0.054999999701976776
2001-02-09,0.05700000002980232
2001-02-10,0.05000000074505806
2001-02-11,0.05000000074505806
2001-02-12,0.05000000074505806
2001-02-13,0.05700000002980232
2001-02-14,0.06400000303983687
2001-02-15,0.06400000303983687
2001-02-16,0.06400000303983687
2001-02-17,0.05000000074505806
2001-02-18,0.05000000074505806
2001-02-19,0.05700000002980232
2001-02-20,0.05700000002980232
2001-02-21,0.05000000074505806
2001-02-22,0.05000000074505806
2001-02-23,0.05000000074505806
2001-02-24,0.04399999976158142
2001-02-25,0.04399999976158142
2001-02-26,0.05000000074505806
2001-02-27,0.05000000074505806
2001-02-28,0.04600000008940697
2001-03-01,0.04399999976158142
2001-03-02,0.03799999877810478
2001-03-03,0.03799999877810478
2001-03-04,0.03799999877810478
2001-03-05,0.04399999976158142
2001-03-06,0.05000000074505806
2001-03-07,0.05000000074505806
2001-03-08,0.05000000074505806
2001-03-09,0.05700000002980232
2001-03-10,0.05000000074505806
2001-03-11,0.05700000002980232
2001-03-12,0.06400000303983687
2001-03-13,0.06400000303983687
2001-03-14,0.07999999821186066
2001-03-15,0.07999999821186066
2001-03-16,0.09700000286102296
2001-03-17,0.10599999874830246
2001-03-18,0.11400000005960464
2001-03-19,0.11400000005960464
2001-03-20,0.11400000005960464
2001-03-21,0.13600000739097595
2001-03-22,0.13600000739097595
2001-03-23,0.15800000727176666
2001-03-24,0.1809999942779541
2001-03-25,0.1809999942779541
2001-03-26,0.1809999942779541
2001-03-27,0.20600000023841847
2001-03-28,0.20600000023841847
2001-03-29,0.20600000023841847
2001-03-30,0.2339999973773957
2001-03-31,0.2339999973773957
2001-04-01,0.24799999594688416
2001-04-02,0.24799999594688416
2001-04-03,0.2339999973773957
2001-04-04,0.20600000023841847
2001-04-05,0.20600000023841847
2001-04-06,0.1809999942779541
2001-04-07,0.2339999973773957
2001-04-08,0.2339999973773957
2001-04-09,0.2339999973773957
2001-04-10,0.2619999945163727
2001-04-11,0.2619999945163727
2001-04-12,0.2899999916553497
2001-04-13,0.3219999969005585
2001-04-14,0.3219999969005585
2001-04-15,0.3219999969005585
2001-04-16,0.3219999969005585
2001-04-17,0.3389999866485596
2001-04-18,0.35600000619888306
2001-04-19,0.35600000619888306
2001-04-20,0.3740000128746033
2001-04-21,0.3740000128746033
2001-04-22,0.3919999897480011
2001-04-23,0.479999989271164
2001-04-24,0.5799999833106995
2001-04-25,0.6919999718666077
2001-04-26,0.7210000157356262
2001-04-27,0.8140000104904175
2001-04-28,0.847000002861023
2001-04-29,0.8799999952316284
2001-04-30,0.8799999952316284
2001-05-01,0.8799999952316284
2001-05-02,0.8799999952316284
2001-05-03,0.8799999952316284
2001-05-04,0.8140000104904175
2001-05-05,0.8140000104904175
2001-05-06,0.8799999952316284
2001-05-07,0.9499999880790708
2001-05-08,0.9499999880790708
2001-05-09,0.9499999880790708
2001-05-10,1.0199999809265137
2001-05-11,1.0199999809265137
2001-05-12,1.3600000143051147
2001-05-13,1.4600000381469729
2001-05-14,1.559999942779541
2001-05-15,1.6100000143051147
2001-05-16,1.559999942779541
2001-05-17,1.559999942779541
2001-05-18,1.4600000381469729
2001-05-19,1.3600000143051147
2001-05-20,1.4600000381469729
2001-05-21,1.4600000381469729
2001-05-22,1.4600000381469729
2001-05-23,1.4600000381469729
2001-05-24,1.559999942779541
2001-05-25,1.559999942779541
2001-05-26,1.6699999570846558
2001-05-27,1.6699999570846558
2001-05-28,1.6699999570846558
2001-05-29,1.6699999570846558
2001-05-30,1.2300000190734863
2001-05-31,1.559999942779541
2001-06-01,1.559999942779541
2001-06-02,1.559999942779541
2001-06-03,1.559999942779541
2001-06-04,1.559999942779541
2001-06-05,1.3600000143051147
2001-06-06,1.3600000143051147
2001-06-07,1.3600000143051147
2001-06-08,1.559999942779541
2001-06-09,1.559999942779541
2001-06-10,1.559999942779541
2001-06-11,1.4600000381469729
2001-06-12,1.3600000143051147
2001-06-13,1.3600000143051147
2001-06-14,1.1799999475479126
2001-06-15,1.0199999809265137
2001-06-16,0.8799999952316284
2001-06-17,0.75
2001-06-18,0.6359999775886536
2001-06-19,0.6359999775886536
2001-06-20,0.527999997138977
2001-06-21,0.479999989271164
2001-06-22,0.479999989271164
2001-06-23,0.4339999854564667
2001-06-24,0.4339999854564667
2001-06-25,0.4480000138282776
2001-06-26,0.4339999854564667
2001-06-27,0.4339999854564667
2001-06-28,0.3880000114440918
2001-06-29,0.3880000114440918
2001-06-30,0.3880000114440918
2001-07-01,0.3880000114440918
2001-07-02,0.3420000076293945
2001-07-03,0.3420000076293945
2001-07-04,0.3880000114440918
2001-07-05,0.3880000114440918
2001-07-06,0.3880000114440918
2001-07-07,0.3420000076293945
2001-07-08,0.3420000076293945
2001-07-09,0.3420000076293945
2001-07-10,0.3420000076293945
2001-07-11,0.30000001192092896
2001-07-12,0.30000001192092896
2001-07-13,0.30000001192092896
2001-07-14,0.25999999046325684
2001-07-15,0.25999999046325684
2001-07-16,0.25999999046325684
2001-07-17,0.25999999046325684
2001-07-18,0.30000001192092896
2001-07-19,0.30000001192092896
2001-07-20,0.3880000114440918
2001-07-21,0.4339999854564667
2001-07-22,0.3880000114440918
2001-07-23,0.3880000114440918
2001-07-24,0.3880000114440918
2001-07-25,0.3420000076293945
2001-07-26,0.3420000076293945
2001-07-27,0.3420000076293945
2001-07-28,0.30000001192092896
2001-07-29,0.30000001192092896
2001-07-30,0.30799999833106995
2001-07-31,0.30000001192092896
2001-08-01,0.3880000114440918
2001-08-02,0.3880000114440918
2001-08-03,0.30000001192092896
2001-08-04,0.30000001192092896
2001-08-05,0.30000001192092896
2001-08-06,0.30000001192092896
2001-08-07,0.25999999046325684
2001-08-08,0.25999999046325684
2001-08-09,0.2199999988079071
2001-08-10,0.2199999988079071
2001-08-11,0.15000000596046448
2001-08-12,0.15000000596046448
2001-08-13,0.15000000596046448
2001-08-14,0.11599999666213988
2001-08-15,0.11599999666213988
2001-08-16,0.10300000011920928
2001-08-17,0.10300000011920928
2001-08-18,0.09000000357627869
2001-08-19,0.09000000357627869
2001-08-20,0.09000000357627869
2001-08-21,0.09000000357627869
2001-08-22,0.06800000369548798
2001-08-23,0.09000000357627869
2001-08-24,0.09000000357627869
2001-08-25,0.06800000369548798
2001-08-26,0.06800000369548798
2001-08-27,0.06800000369548798
2001-08-28,0.09000000357627869
2001-08-29,0.09000000357627869
2001-08-30,0.06800000369548798
2001-08-31,0.06800000369548798
2001-09-01,0.06800000369548798
2001-09-02,0.06800000369548798
2001-09-03,0.06800000369548798
2001-09-04,0.06800000369548798
2001-09-05,0.09000000357627869
2001-09-06,0.09000000357627869
2001-09-07,0.09000000357627869
2001-09-08,0.09000000357627869
2001-09-09,0.06800000369548798
2001-09-10,0.06800000369548798
2001-09-11,0.06800000369548798
2001-09-12,0.06800000369548798
2001-09-13,0.04800000041723251
2001-09-14,0.04800000041723251
2001-09-15,0.04800000041723251
2001-09-16,0.04800000041723251
2001-09-17,0.04800000041723251
2001-09-18,0.06800000369548798
2001-09-19,0.06800000369548798
2001-09-20,0.08100000023841858
2001-09-21,0.07900000363588333
2001-09-22,0.07900000363588333
2001-09-23,0.07900000363588333
2001-09-24,0.06800000369548798
2001-09-25,0.06800000369548798
2001-09-26,0.06800000369548798
2001-09-27,0.07900000363588333
2001-09-28,0.09000000357627869
2001-09-29,0.07900000363588333
2001-09-30,0.07900000363588333
2001-10-01,0.07900000363588333
2001-10-02,0.07900000363588333
2001-10-03,0.07900000363588333
2001-10-04,0.09000000357627869
2001-10-05,0.09000000357627869
2001-10-06,0.09000000357627869
2001-10-07,0.09000000357627869
2001-10-08,0.09000000357627869
2001-10-09,0.06800000369548798
2001-10-10,0.06800000369548798
2001-10-11,0.06800000369548798
2001-10-12,0.07900000363588333
2001-10-13,0.07900000363588333
2001-10-14,0.09000000357627869
2001-10-15,0.09000000357627869
2001-10-16,0.09000000357627869
2001-10-17,0.09000000357627869
2001-10-18,0.10300000011920928
2001-10-19,0.10300000011920928
2001-10-20,0.07900000363588333
2001-10-21,0.07900000363588333
2001-10-22,0.07900000363588333
2001-10-23,0.07900000363588333
2001-10-24,0.06800000369548798
2001-10-25,0.06800000369548798
2001-10-26,0.06800000369548798
2001-10-27,0.09000000357627869
2001-10-28,0.09000000357627869
2001-10-29,0.09000000357627869
2001-10-30,0.09000000357627869
2001-10-31,0.06800000369548798
2001-11-01,0.06800000369548798
2001-11-02,0.06800000369548798
2001-11-03,0.09000000357627869
2001-11-04,0.09000000357627869
2001-11-05,0.09000000357627869
2001-11-06,0.11599999666213988
2001-11-07,0.11599999666213988
2001-11-08,0.11599999666213988
2001-11-09,0.11599999666213988
2001-11-10,0.09000000357627869
2001-11-11,0.09000000357627869
2001-11-12,0.09000000357627869
2001-11-13,0.09000000357627869
2001-11-14,0.06800000369548798
2001-11-15,0.06800000369548798
2001-11-16,0.09000000357627869
2001-11-17,0.09000000357627869
2001-11-18,0.09000000357627869
2001-11-19,0.09000000357627869
2001-11-20,0.11599999666213988
2001-11-21,0.11900000274181365
2001-11-22,0.15000000596046448
2001-11-23,0.15000000596046448
2001-11-24,0.11599999666213988
2001-11-25,0.11599999666213988
2001-11-26,0.11599999666213988
2001-11-27,0.11599999666213988
2001-11-28,0.09000000357627869
2001-11-29,0.09000000357627869
2001-11-30,0.09000000357627869
2001-12-01,0.09000000357627869
2001-12-02,0.09000000357627869
2001-12-03,0.11599999666213988
2001-12-04,0.11599999666213988
2001-12-05,0.11599999666213988
2001-12-06,0.11599999666213988
2001-12-07,0.11599999666213988
2001-12-08,0.15000000596046448
2001-12-09,0.15000000596046448
2001-12-10,0.14399999380111694
2001-12-11,0.1379999965429306
2001-12-12,0.13600000739097595
2001-12-13,0.1420000046491623
2001-12-14,0.15000000596046448
2001-12-15,0.15000000596046448
2001-12-16,0.15000000596046448
2001-12-17,0.15000000596046448
2001-12-18,0.11599999666213988
2001-12-19,0.1040000021457672
2001-12-20,0.10000000149011612
2001-12-21,0.0949999988079071
2001-12-22,0.09000000357627869
2001-12-23,0.09200000017881392
2001-12-24,0.09399999678134917
2001-12-25,0.09000000357627869
2001-12-26,0.08399999886751175
2001-12-27,0.0860000029206276
2001-12-28,0.08799999952316284
2001-12-29,0.09000000357627869
2001-12-30,0.09000000357627869
2001-12-31,0.09000000357627869
2002-01-01,0.09000000357627869
2002-01-02,0.06800000369548798
2002-01-03,0.06800000369548798
2002-01-04,0.09000000357627869
2002-01-05,0.09000000357627869
2002-01-06,0.09000000357627869
2002-01-07,0.09000000357627869
2002-01-08,0.06800000369548798
2002-01-09,0.06800000369548798
2002-01-10,0.06800000369548798
2002-01-11,0.06800000369548798
2002-01-12,0.04800000041723251
2002-01-13,0.04800000041723251
2002-01-14,0.04800000041723251
2002-01-15,0.04800000041723251
2002-01-16,0.09300000220537186
2002-01-17,0.06800000369548798
2002-01-18,0.06800000369548798
2002-01-19,0.06800000369548798
2002-01-20,0.04800000041723251
2002-01-21,0.04800000041723251
2002-01-22,0.04800000041723251
2002-01-23,0.04800000041723251
2002-01-24,0.06800000369548798
2002-01-25,0.06800000369548798
2002-01-26,0.06800000369548798
2002-01-27,0.06800000369548798
2002-01-28,0.07900000363588333
2002-01-29,0.09000000357627869
2002-01-30,0.09000000357627869
2002-01-31,0.10300000011920928
2002-02-01,0.09000000357627869
2002-02-02,0.09000000357627869
2002-02-03,0.09000000357627869
2002-02-04,0.09000000357627869
2002-02-05,0.10300000011920928
2002-02-06,0.11599999666213988
2002-02-07,0.11599999666213988
2002-02-08,0.11599999666213988
2002-02-09,0.09000000357627869
2002-02-10,0.09000000357627869
2002-02-11,0.09000000357627869
2002-02-12,0.09000000357627869
2002-02-13,0.10300000011920928
2002-02-14,0.11599999666213988
2002-02-15,0.11599999666213988
2002-02-16,0.11599999666213988
2002-02-17,0.18400000035762787
2002-02-18,0.18400000035762787
2002-02-19,0.18400000035762787
2002-02-20,0.15000000596046448
2002-02-21,0.15000000596046448
2002-02-22,0.15000000596046448
2002-02-23,0.11599999666213988
2002-02-24,0.11599999666213988
2002-02-25,0.11599999666213988
2002-02-26,0.09000000357627869
2002-02-27,0.0949999988079071
2002-02-28,0.09000000357627869
2002-03-01,0.06800000369548798
2002-03-02,0.06800000369548798
2002-03-03,0.06800000369548798
2002-03-04,0.06800000369548798
2002-03-05,0.04800000041723251
2002-03-06,0.04800000041723251
2002-03-07,0.029999999329447743
2002-03-08,0.029999999329447743
2002-03-09,0.04800000041723251
2002-03-10,0.04800000041723251
2002-03-11,0.04800000041723251
2002-03-12,0.04800000041723251
2002-03-13,0.09000000357627869
2002-03-14,0.09000000357627869
2002-03-15,0.09000000357627869
2002-03-16,0.11599999666213988
2002-03-17,0.11599999666213988
2002-03-18,0.18400000035762787
2002-03-19,0.18400000035762787
2002-03-20,0.18400000035762787
2002-03-21,0.15000000596046448
2002-03-22,0.15000000596046448
2002-03-23,0.15000000596046448
2002-03-24,0.15000000596046448
2002-03-25,0.15000000596046448
2002-03-26,0.2199999988079071
2002-03-27,0.30000001192092896
2002-03-28,0.30000001192092896
2002-03-29,0.2199999988079071
2002-03-30,0.2199999988079071
2002-03-31,0.30000001192092896
2002-04-01,0.30000001192092896
2002-04-02,0.30000001192092896
2002-04-03,0.3880000114440918
2002-04-04,0.3880000114440918
2002-04-05,0.527999997138977
2002-04-06,0.6359999775886536
2002-04-07,0.75
2002-04-08,0.75
2002-04-09,0.8799999952316284
2002-04-10,0.7440000176429749
2002-04-11,1.3400000333786009
2002-04-12,1.5
2002-04-13,1.7400000095367432
2002-04-14,1.8999999761581416
2002-04-15,1.8999999761581416
2002-04-16,1.8999999761581416
2002-04-17,1.7400000095367432
2002-04-18,1.7400000095367432
2002-04-19,1.7400000095367432
2002-04-20,1.5800000429153442
2002-04-21,1.5800000429153442
2002-04-22,1.5800000429153442
2002-04-23,1.5
2002-04-24,1.5
2002-04-25,1.5800000429153442
2002-04-26,1.5800000429153442
2002-04-27,1.4199999570846558
2002-04-28,1.4199999570846558
2002-04-29,1.4199999570846558
2002-04-30,1.2599999904632568
2002-05-01,1.4199999570846558
2002-05-02,1.3400000333786009
2002-05-03,1.3400000333786009
2002-05-04,1.5
2002-05-05,1.5
2002-05-06,1.5
2002-05-07,1.2599999904632568
2002-05-08,1.2599999904632568
2002-05-09,1.1799999475479126
2002-05-10,1.100000023841858
2002-05-11,1.1799999475479126
2002-05-12,1.5
2002-05-13,1.5800000429153442
2002-05-14,1.5800000429153442
2002-05-15,1.7400000095367432
2002-05-16,1.8999999761581416
2002-05-17,1.8999999761581416
2002-05-18,1.8999999761581416
2002-05-19,2.1400001049041752
2002-05-20,2.1400001049041752
2002-05-21,2.299999952316284
2002-05-22,2.390000104904175
2002-05-23,2.940000057220459
2002-05-24,2.5699999332427983
2002-05-25,2.5699999332427983
2002-05-26,2.390000104904175
2002-05-27,2.390000104904175
2002-05-28,2.390000104904175
2002-05-29,2.059999942779541
2002-05-30,2.059999942779541
2002-05-31,1.8999999761581416
2002-06-01,1.9800000190734863
2002-06-02,1.9800000190734863
2002-06-03,1.8999999761581416
2002-06-04,1.8999999761581416
2002-06-05,1.7400000095367432
2002-06-06,1.7400000095367432
2002-06-07,1.7400000095367432
2002-06-08,1.5800000429153442
2002-06-09,1.5800000429153442
2002-06-10,1.5800000429153442
2002-06-11,1.5800000429153442
2002-06-12,1.3400000333786009
2002-06-13,1.5
2002-06-14,1.6599999666213991
2002-06-15,1.820000052452088
2002-06-16,1.820000052452088
2002-06-17,1.6599999666213991
2002-06-18,1.5800000429153442
2002-06-19,1.5800000429153442
2002-06-20,1.5800000429153442
2002-06-21,1.3400000333786009
2002-06-22,1.3400000333786009
2002-06-23,1.1799999475479126
2002-06-24,1.0199999809265137
2002-06-25,1.0199999809265137
2002-06-26,0.8140000104904175
2002-06-27,0.8140000104904175
2002-06-28,0.6919999718666077
2002-06-29,0.6919999718666077
2002-06-30,0.6359999775886536
2002-07-01,0.5799999833106995
2002-07-02,0.527999997138977
2002-07-03,0.527999997138977
2002-07-04,0.479999989271164
2002-07-05,0.4359999895095825
2002-07-06,0.4359999895095825
2002-07-07,0.4359999895095825
2002-07-08,0.3919999897480011
2002-07-09,0.3639999926090241
2002-07-10,0.3140000104904175
2002-07-11,0.3140000104904175
2002-07-12,0.3140000104904175
2002-07-13,0.3140000104904175
2002-07-14,0.3140000104904175
2002-07-15,0.2800000011920929
2002-07-16,0.24799999594688416
2002-07-17,0.19200000166893005
2002-07-18,0.19200000166893005
2002-07-19,0.19200000166893005
2002-07-20,0.2199999988079071
2002-07-21,0.19200000166893005
2002-07-22,0.19200000166893005
2002-07-23,0.16599999368190765
2002-07-24,0.16599999368190765
2002-07-25,0.14000000059604645
2002-07-26,0.14000000059604645
2002-07-27,0.14000000059604645
2002-07-28,0.14000000059604645
2002-07-29,0.14000000059604645
2002-07-30,0.14000000059604645
2002-07-31,0.14000000059604645
2002-08-01,0.14000000059604645
2002-08-02,0.11400000005960464
2002-08-03,0.11400000005960464
2002-08-04,0.11400000005960464
2002-08-05,0.11400000005960464
2002-08-06,0.11400000005960464
2002-08-07,0.11400000005960464
2002-08-08,0.14000000059604645
2002-08-09,0.11400000005960464
2002-08-10,0.11400000005960464
2002-08-11,0.11400000005960464
2002-08-12,0.11400000005960464
2002-08-13,0.11400000005960464
2002-08-14,0.08799999952316284
2002-08-15,0.08799999952316284
2002-08-16,0.08799999952316284
2002-08-17,0.06599999964237213
2002-08-18,0.06599999964237213
2002-08-19,0.08799999952316284
2002-08-20,0.08799999952316284
2002-08-21,0.08799999952316284
2002-08-22,0.07500000298023224
2002-08-23,0.06599999964237213
2002-08-24,0.06599999964237213
2002-08-25,0.06599999964237213
2002-08-26,0.04800000041723251
2002-08-27,0.06599999964237213
2002-08-28,0.06599999964237213
2002-08-29,0.08799999952316284
2002-08-30,0.08799999952316284
2002-08-31,0.06599999964237213
2002-09-01,0.06599999964237213
2002-09-02,0.08799999952316284
2002-09-03,0.08799999952316284
2002-09-04,0.06599999964237213
2002-09-05,0.06599999964237213
2002-09-06,0.06599999964237213
2002-09-07,0.06599999964237213
2002-09-08,0.06599999964237213
2002-09-09,0.06599999964237213
2002-09-10,0.06599999964237213
2002-09-11,0.06599999964237213
2002-09-12,0.06599999964237213
2002-09-13,0.06599999964237213
2002-09-14,0.04800000041723251
2002-09-15,0.04800000041723251
2002-09-16,0.04800000041723251
2002-09-17,0.04800000041723251
2002-09-18,0.06599999964237213
2002-09-19,0.06599999964237213
2002-09-20,0.04800000041723251
2002-09-21,0.04800000041723251
2002-09-22,0.06599999964237213
2002-09-23,0.06599999964237213
2002-09-24,0.07699999958276749
2002-09-25,0.07699999958276749
2002-09-26,0.08799999952316284
2002-09-27,0.08799999952316284
2002-09-28,0.07699999958276749
2002-09-29,0.07699999958276749
2002-09-30,0.08799999952316284
2002-10-01,0.08799999952316284
2002-10-02,0.08799999952316284
2002-10-03,0.06599999964237213
2002-10-04,0.06599999964237213
2002-10-05,0.06599999964237213
2002-10-06,0.06599999964237213
2002-10-07,0.08799999952316284
2002-10-08,0.06599999964237213
2002-10-09,0.06599999964237213
2002-10-10,0.06599999964237213
2002-10-11,0.06599999964237213
2002-10-12,0.08799999952316284
2002-10-13,0.08799999952316284
2002-10-14,0.08799999952316284
2002-10-15,0.06599999964237213
2002-10-16,0.06599999964237213
2002-10-17,0.04800000041723251
2002-10-18,0.04800000041723251
2002-10-19,0.06599999964237213
2002-10-20,0.04800000041723251
2002-10-21,0.04800000041723251
2002-10-22,0.03999999910593033
2002-10-23,0.03999999910593033
2002-10-24,0.03999999910593033
2002-10-25,0.03999999910593033
2002-10-26,0.03999999910593033
2002-10-27,0.03999999910593033
2002-10-28,0.04800000041723251
2002-10-29,0.04800000041723251
2002-10-30,0.04800000041723251
2002-10-31,0.032000001519918435
2002-11-01,0.03999999910593033
2002-11-02,0.04800000041723251
2002-11-03,0.04800000041723251
2002-11-04,0.04800000041723251
2002-11-05,0.03999999910593033
2002-11-06,0.0430000014603138
2002-11-07,0.04800000041723251
2002-11-08,0.04800000041723251
2002-11-09,0.04800000041723251
2002-11-10,0.04800000041723251
2002-11-11,0.06599999964237213
2002-11-12,0.06599999964237213
2002-11-13,0.04800000041723251
2002-11-14,0.04800000041723251
2002-11-15,0.04800000041723251
2002-11-16,0.03999999910593033
2002-11-17,0.04800000041723251
2002-11-18,0.04800000041723251
2002-11-19,0.04800000041723251
2002-11-20,0.04800000041723251
2002-11-21,0.06599999964237213
2002-11-22,0.06599999964237213
2002-11-23,0.06599999964237213
2002-11-24,0.06599999964237213
2002-11-25,0.06599999964237213
2002-11-26,0.06599999964237213
2002-11-27,0.06599999964237213
2002-11-28,0.04800000041723251
2002-11-29,0.04800000041723251
2002-11-30,0.04800000041723251
2002-12-01,0.04800000041723251
2002-12-02,0.04800000041723251
2002-12-03,0.04800000041723251
2002-12-04,0.04800000041723251
2002-12-05,0.04800000041723251
2002-12-06,0.03999999910593033
2002-12-07,0.032000001519918435
2002-12-08,0.032000001519918435
2002-12-09,0.04800000041723251
2002-12-10,0.04800000041723251
2002-12-11,0.04800000041723251
2002-12-12,0.04800000041723251
2002-12-13,0.06599999964237213
2002-12-14,0.06599999964237213
2002-12-15,0.06599999964237213
2002-12-16,0.06599999964237213
2002-12-17,0.04800000041723251
2002-12-18,0.04800000041723251
2002-12-19,0.04800000041723251
2002-12-20,0.03999999910593033
2002-12-21,0.04800000041723251
2002-12-22,0.04800000041723251
2002-12-23,0.04800000041723251
2002-12-24,0.03999999910593033
2002-12-25,0.03999999910593033
2002-12-26,0.04800000041723251
2002-12-27,0.032000001519918435
2002-12-28,0.032000001519918435
2002-12-29,0.04800000041723251
2002-12-30,0.04800000041723251
2002-12-31,0.04800000041723251
2003-01-01,0.04800000041723251
2003-01-02,0.05700000002980232
2003-01-03,0.05700000002980232
2003-01-04,0.04800000041723251
2003-01-05,0.04800000041723251
2003-01-06,0.04800000041723251
2003-01-07,0.03999999910593033
2003-01-08,0.03999999910593033
2003-01-09,0.03999999910593033
2003-01-10,0.04800000041723251
2003-01-11,0.04800000041723251
2003-01-12,0.04800000041723251
2003-01-13,0.04600000008940697
2003-01-14,0.04399999976158142
2003-01-15,0.04199999943375588
2003-01-16,0.04199999943375588
2003-01-17,0.04199999943375588
2003-01-18,0.04199999943375588
2003-01-19,0.0430000014603138
2003-01-20,0.0430000014603138
2003-01-21,0.04399999976158142
2003-01-22,0.045000001788139336
2003-01-23,0.04600000008940697
2003-01-24,0.04800000041723251
2003-01-25,0.04800000041723251
2003-01-26,0.04800000041723251
2003-01-27,0.04800000041723251
2003-01-28,0.04800000041723251
2003-01-29,0.03999999910593033
2003-01-30,0.04399999976158142
2003-01-31,0.04800000041723251
2003-02-01,0.04800000041723251
2003-02-02,0.04800000041723251
2003-02-03,0.04800000041723251
2003-02-04,0.04800000041723251
2003-02-05,0.03999999910593033
2003-02-06,0.03999999910593033
2003-02-07,0.03999999910593033
2003-02-08,0.032000001519918435
2003-02-09,0.032000001519918435
2003-02-10,0.032000001519918435
2003-02-11,0.04800000041723251
2003-02-12,0.04800000041723251
2003-02-13,0.04800000041723251
2003-02-14,0.04800000041723251
2003-02-15,0.04800000041723251
2003-02-16,0.04800000041723251
2003-02-17,0.05700000002980232
2003-02-18,0.06599999964237213
2003-02-19,0.06599999964237213
2003-02-20,0.04800000041723251
2003-02-21,0.04800000041723251
2003-02-22,0.03999999910593033
2003-02-23,0.04199999943375588
2003-02-24,0.04199999943375588
2003-02-25,0.04800000041723251
2003-02-26,0.04800000041723251
2003-02-27,0.04800000041723251
2003-02-28,0.04800000041723251
2003-03-01,0.04800000041723251
2003-03-02,0.04800000041723251
2003-03-03,0.04800000041723251
2003-03-04,0.05000000074505806
2003-03-05,0.06599999964237213
2003-03-06,0.06599999964237213
2003-03-07,0.06599999964237213
2003-03-08,0.06599999964237213
2003-03-09,0.04800000041723251
2003-03-10,0.04800000041723251
2003-03-11,0.04800000041723251
2003-03-12,0.04800000041723251
2003-03-13,0.04800000041723251
2003-03-14,0.04800000041723251
2003-03-15,0.054999999701976776
2003-03-16,0.06599999964237213
2003-03-17,0.10000000149011612
2003-03-18,0.09000000357627869
2003-03-19,0.07999999821186066
2003-03-20,0.07500000298023224
2003-03-21,0.07000000029802322
2003-03-22,0.07999999821186066
2003-03-23,0.09000000357627869
2003-03-24,0.10999999940395357
2003-03-25,0.119999997317791
2003-03-26,0.09000000357627869
2003-03-27,0.07999999821186066
2003-03-28,0.0949999988079071
2003-03-29,0.10999999940395357
2003-03-30,0.125
2003-03-31,0.14000000059604645
2003-04-01,0.18000000715255735
2003-04-02,0.2199999988079071
2003-04-03,0.18000000715255735
2003-04-04,0.15000000596046448
2003-04-05,0.119999997317791
2003-04-06,0.08799999952316284
2003-04-07,0.10100000351667404
2003-04-08,0.14000000059604645
2003-04-09,0.14000000059604645
2003-04-10,0.24799999594688416
2003-04-11,0.35199999809265137
2003-04-12,0.527999997138977
2003-04-13,0.5799999833106995
2003-04-14,0.6359999775886536
2003-04-15,0.6359999775886536
2003-04-16,0.6079999804496765
2003-04-17,0.5799999833106995
2003-04-18,0.5799999833106995
2003-04-19,0.527999997138977
2003-04-20,0.527999997138977
2003-04-21,0.6359999775886536
2003-04-22,0.6359999775886536
2003-04-23,0.527999997138977
2003-04-24,0.75
2003-04-25,0.6359999775886536
2003-04-26,0.527999997138977
2003-04-27,0.527999997138977
2003-04-28,0.6359999775886536
2003-04-29,0.6639999747276306
2003-04-30,0.75
2003-05-01,0.6919999718666077
2003-05-02,0.75
2003-05-03,0.75
2003-05-04,0.75
2003-05-05,0.8140000104904175
2003-05-06,0.8140000104904175
2003-05-07,0.8140000104904175
2003-05-08,0.8140000104904175
2003-05-09,0.75
2003-05-10,0.75
2003-05-11,0.75
2003-05-12,0.75
2003-05-13,0.6919999718666077
2003-05-14,0.6919999718666077
2003-05-15,0.6359999775886536
2003-05-16,0.75
2003-05-17,0.75
2003-05-18,0.75
2003-05-19,0.75
2003-05-20,0.6359999775886536
2003-05-21,0.6359999775886536
2003-05-22,0.6359999775886536
2003-05-23,0.6919999718666077
2003-05-24,0.6919999718666077
2003-05-25,0.6919999718666077
2003-05-26,0.75
2003-05-27,0.75
2003-05-28,0.75
2003-05-29,0.8140000104904175
2003-05-30,0.8140000104904175
2003-05-31,0.8140000104904175
2003-06-01,0.8140000104904175
2003-06-02,0.8799999952316284
2003-06-03,0.9359999895095824
2003-06-04,0.8799999952316284
2003-06-05,0.8799999952316284
2003-06-06,0.9499999880790708
2003-06-07,0.9499999880790708
2003-06-08,0.8799999952316284
2003-06-09,0.8799999952316284
2003-06-10,0.8140000104904175
2003-06-11,0.8140000104904175
2003-06-12,0.8140000104904175
2003-06-13,0.75
2003-06-14,0.75
2003-06-15,0.6919999718666077
2003-06-16,0.6919999718666077
2003-06-17,0.6359999775886536
2003-06-18,0.6359999775886536
2003-06-19,0.6359999775886536
2003-06-20,0.5799999833106995
2003-06-21,0.5799999833106995
2003-06-22,0.527999997138977
2003-06-23,0.527999997138977
2003-06-24,0.479999989271164
2003-06-25,0.4359999895095825
2003-06-26,0.4359999895095825
2003-06-27,0.3919999897480011
2003-06-28,0.3919999897480011
2003-06-29,0.3919999897480011
2003-06-30,0.3919999897480011
2003-07-01,0.35199999809265137
2003-07-02,0.35199999809265137
2003-07-03,0.3140000104904175
2003-07-04,0.3140000104904175
2003-07-05,0.3140000104904175
2003-07-06,0.2800000011920929
2003-07-07,0.2800000011920929
2003-07-08,0.2800000011920929
2003-07-09,0.2800000011920929
2003-07-10,0.24799999594688416
2003-07-11,0.24799999594688416
2003-07-12,0.24799999594688416
2003-07-13,0.24799999594688416
2003-07-14,0.2199999988079071
2003-07-15,0.2199999988079071
2003-07-16,0.1710000038146973
2003-07-17,0.16599999368190765
2003-07-18,0.16599999368190765
2003-07-19,0.16599999368190765
2003-07-20,0.16599999368190765
2003-07-21,0.16599999368190765
2003-07-22,0.14000000059604645
2003-07-23,0.14000000059604645
2003-07-24,0.14000000059604645
2003-07-25,0.11400000005960464
2003-07-26,0.11400000005960464
2003-07-27,0.11400000005960464
2003-07-28,0.11400000005960464
2003-07-29,0.11400000005960464
2003-07-30,0.11400000005960464
2003-07-31,0.08799999952316284
2003-08-01,0.08799999952316284
2003-08-02,0.08799999952316284
2003-08-03,0.08799999952316284
2003-08-04,0.08799999952316284
2003-08-05,0.06599999964237213
2003-08-06,0.06599999964237213
2003-08-07,0.06599999964237213
2003-08-08,0.06599999964237213
2003-08-09,0.06599999964237213
2003-08-10,0.06599999964237213
2003-08-11,0.04800000041723251
2003-08-12,0.04800000041723251
2003-08-13,0.04800000041723251
2003-08-14,0.04800000041723251
2003-08-15,0.04800000041723251
2003-08-16,0.04800000041723251
2003-08-17,0.04800000041723251
2003-08-18,0.04800000041723251
2003-08-19,0.04800000041723251
2003-08-20,0.04800000041723251
2003-08-21,0.04800000041723251
2003-08-22,0.032000001519918435
2003-08-23,0.032000001519918435
2003-08-24,0.032000001519918435
2003-08-25,0.032000001519918435
2003-08-26,0.02800000086426735
2003-08-27,0.02800000086426735
2003-08-28,0.02800000086426735
2003-08-29,0.02800000086426735
2003-08-30,0.02800000086426735
2003-08-31,0.024000000208616257
2003-09-01,0.024000000208616257
2003-09-02,0.024000000208616257
2003-09-03,0.024000000208616257
2003-09-04,0.024000000208616257
2003-09-05,0.024000000208616257
2003-09-06,0.019999999552965164
2003-09-07,0.019999999552965164
2003-09-08,0.019999999552965164
2003-09-09,0.019999999552965164
2003-09-10,0.019999999552965164
2003-09-11,0.019999999552965164
2003-09-12,0.019999999552965164
2003-09-13,0.019999999552965164
2003-09-14,0.029999999329447743
2003-09-15,0.03999999910593033
2003-09-16,0.05000000074505806
2003-09-17,0.054999999701976776
2003-09-18,0.05000000074505806
2003-09-19,0.045000001788139336
2003-09-20,0.04800000041723251
2003-09-21,0.04399999976158142
2003-09-22,0.0430000014603138
2003-09-23,0.04199999943375588
2003-09-24,0.04100000113248825
2003-09-25,0.03999999910593033
2003-09-26,0.03999999910593033
2003-09-27,0.039000000804662704
2003-09-28,0.039000000804662704
2003-09-29,0.039000000804662704
2003-09-30,0.04100000113248825
2003-10-01,0.04199999943375588
2003-10-02,0.04399999976158142
2003-10-03,0.04600000008940697
2003-10-04,0.04399999976158142
2003-10-05,0.04600000008940697
2003-10-06,0.04600000008940697
2003-10-07,0.045000001788139336
2003-10-08,0.04800000041723251
2003-10-09,0.050999999046325684
2003-10-10,0.05299999937415123
2003-10-11,0.0560000017285347
2003-10-12,0.06400000303983687
2003-10-13,0.06800000369548798
2003-10-14,0.06300000101327896
2003-10-15,0.06700000166893005
2003-10-16,0.07900000363588333
2003-10-17,0.1430000066757202
2003-10-18,0.18000000715255735
2003-10-19,0.11500000208616255
2003-10-20,0.10300000011920928
2003-10-21,0.0820000022649765
2003-10-22,0.07500000298023224
2003-10-23,0.10700000077486037
2003-10-24,0.10100000351667404
2003-10-25,0.08900000154972076
2003-10-26,0.0860000029206276
2003-10-27,0.0860000029206276
2003-10-28,0.10000000149011612
2003-10-29,0.11100000143051147
2003-10-30,0.10000000149011612
2003-10-31,0.08500000089406967
2003-11-01,0.08100000023841858
2003-11-02,0.07900000363588333
2003-11-03,0.07900000363588333
2003-11-04,0.05299999937415123
2003-11-05,0.059999998658895486
2003-11-06,0.06599999964237213
2003-11-07,0.0729999989271164
2003-11-08,0.07500000298023224
2003-11-09,0.07400000095367433
2003-11-10,0.0729999989271164
2003-11-11,0.0689999982714653
2003-11-12,0.06800000369548798
2003-11-13,0.07000000029802322
2003-11-14,0.07500000298023224
2003-11-15,0.07699999958276749
2003-11-16,0.08100000023841858
2003-11-17,0.07500000298023224
2003-11-18,0.07000000029802322
2003-11-19,0.06700000166893005
2003-11-20,0.06800000369548798
2003-11-21,0.07000000029802322
2003-11-22,0.07000000029802322
2003-11-23,0.07199999690055847
2003-11-24,0.07400000095367433
2003-11-25,0.07599999755620956
2003-11-26,0.07599999755620956
2003-11-27,0.07699999958276749
2003-11-28,0.07800000160932541
2003-11-29,0.07900000363588333
2003-11-30,0.07699999958276749
2003-12-01,0.07500000298023224
2003-12-02,0.0729999989271164
2003-12-03,0.07000000029802322
2003-12-04,0.06800000369548798
2003-12-05,0.07500000298023224
2003-12-06,0.07900000363588333
2003-12-07,0.07699999958276749
2003-12-08,0.07699999958276749
2003-12-09,0.07699999958276749
2003-12-10,0.07000000029802322
2003-12-11,0.06499999761581421
2003-12-12,0.06599999964237213
2003-12-13,0.06700000166893005
2003-12-14,0.06599999964237213
2003-12-15,0.06499999761581421
2003-12-16,0.06300000101327896
2003-12-17,0.061000000685453415
2003-12-18,0.059999998658895486
2003-12-19,0.059999998658895486
2003-12-20,0.059999998658895486
2003-12-21,0.061000000685453415
2003-12-22,0.059999998658895486
2003-12-23,0.059000000357627876
2003-12-24,0.059000000357627876
2003-12-25,0.05799999833106995
2003-12-26,0.05700000002980232
2003-12-27,0.0560000017285347
2003-12-28,0.05400000140070915
2003-12-29,0.054999999701976776
2003-12-30,0.05400000140070915
2003-12-31,0.05400000140070915
2004-01-01,0.05400000140070915
2004-01-02,0.05299999937415123
2004-01-03,0.05299999937415123
2004-01-04,0.052000001072883606
2004-01-05,0.050999999046325684
2004-01-06,0.03400000184774399
2004-01-07,0.03999999910593033
2004-01-08,0.04399999976158142
2004-01-09,0.04399999976158142
2004-01-10,0.0430000014603138
2004-01-11,0.0430000014603138
2004-01-12,0.0430000014603138
2004-01-13,0.04399999976158142
2004-01-14,0.04399999976158142
2004-01-15,0.04399999976158142
2004-01-16,0.0430000014603138
2004-01-17,0.0430000014603138
2004-01-18,0.04199999943375588
2004-01-19,0.04199999943375588
2004-01-20,0.04199999943375588
2004-01-21,0.04100000113248825
2004-01-22,0.04100000113248825
2004-01-23,0.04100000113248825
2004-01-24,0.03999999910593033
2004-01-25,0.03999999910593033
2004-01-26,0.039000000804662704
2004-01-27,0.039000000804662704
2004-01-28,0.03799999877810478
2004-01-29,0.03700000047683717
2004-01-30,0.03799999877810478
2004-01-31,0.03700000047683717
2004-02-01,0.03700000047683717
2004-02-02,0.035999998450279236
2004-02-03,0.035999998450279236
2004-02-04,0.03500000014901161
2004-02-05,0.03500000014901161
2004-02-06,0.035999998450279236
2004-02-07,0.03700000047683717
2004-02-08,0.03700000047683717
2004-02-09,0.03799999877810478
2004-02-10,0.03799999877810478
2004-02-11,0.03799999877810478
2004-02-12,0.039000000804662704
2004-02-13,0.03999999910593033
2004-02-14,0.04100000113248825
2004-02-15,0.04199999943375588
2004-02-16,0.03999999910593033
2004-02-17,0.03999999910593033
2004-02-18,0.04100000113248825
2004-02-19,0.04100000113248825
2004-02-20,0.04100000113248825
2004-02-21,0.03999999910593033
2004-02-22,0.04100000113248825
2004-02-23,0.04199999943375588
2004-02-24,0.04199999943375588
2004-02-25,0.04399999976158142
2004-02-26,0.04600000008940697
2004-02-27,0.04800000041723251
2004-02-28,0.05000000074505806
2004-02-29,0.050999999046325684
2004-03-01,0.052000001072883606
2004-03-02,0.05299999937415123
2004-03-03,0.05400000140070915
2004-03-04,0.054999999701976776
2004-03-05,0.05400000140070915
2004-03-06,0.05299999937415123
2004-03-07,0.052000001072883606
2004-03-08,0.05400000140070915
2004-03-09,0.059000000357627876
2004-03-10,0.05799999833106995
2004-03-11,0.0560000017285347
2004-03-12,0.059999998658895486
2004-03-13,0.06199999898672104
2004-03-14,0.061000000685453415
2004-03-15,0.059999998658895486
2004-03-16,0.06300000101327896
2004-03-17,0.07000000029802322
2004-03-18,0.07800000160932541
2004-03-19,0.07999999821186066
2004-03-20,0.07900000363588333
2004-03-21,0.08100000023841858
2004-03-22,0.090999998152256
2004-03-23,0.1040000021457672
2004-03-24,0.1509999930858612
2004-03-25,0.164000004529953
2004-03-26,0.17499999701976776
2004-03-27,0.18700000643730166
2004-03-28,0.19599999487400047
2004-03-29,0.21299999952316284
2004-03-30,0.3019999861717224
2004-03-31,0.5630000233650208
2004-04-01,0.6230000257492065
2004-04-02,0.5770000219345093
2004-04-03,0.5870000123977661
2004-04-04,0.6039999723434448
2004-04-05,0.6449999809265137
2004-04-06,0.7630000114440918
2004-04-07,0.8190000057220459
2004-04-08,0.8899999856948853
2004-04-09,0.9330000281333924
2004-04-10,0.944000005722046
2004-04-11,1.0199999809265137
2004-04-12,1.2200000286102295
2004-04-13,1.6200000047683716
2004-04-14,1.870000004768372
2004-04-15,1.7200000286102295
2004-04-16,1.4600000381469729
2004-04-17,1.4199999570846558
2004-04-18,1.3899999856948853
2004-04-19,1.399999976158142
2004-04-20,1.2899999618530271
2004-04-21,1.2200000286102295
2004-04-22,1.2100000381469729
2004-04-23,1.25
2004-04-24,1.1699999570846558
2004-04-25,1.149999976158142
2004-04-26,1.2799999713897705
2004-04-27,1.440000057220459
2004-04-28,1.3899999856948853
2004-04-29,1.3400000333786009
2004-04-30,1.399999976158142
2004-05-01,1.5299999713897705
2004-05-02,1.7599999904632568
2004-05-03,1.6599999666213991
2004-05-04,1.6699999570846558
2004-05-05,1.5399999618530271
2004-05-06,1.4199999570846558
2004-05-07,1.2100000381469729
2004-05-08,1.440000057220459
2004-05-09,1.3600000143051147
2004-05-10,1.1299999952316284
2004-05-11,1.0800000429153442
2004-05-12,1.0
2004-05-13,0.9160000085830688
2004-05-14,0.8790000081062317
2004-05-15,0.8479999899864197
2004-05-16,0.8389999866485596
2004-05-17,0.8700000047683716
2004-05-18,0.8960000276565552
2004-05-19,0.7940000295639038
2004-05-20,0.7559999823570251
2004-05-21,0.7250000238418579
2004-05-22,1.0099999904632568
2004-05-23,0.9850000143051147
2004-05-24,0.8069999814033508
2004-05-25,0.8000000119209291
2004-05-26,1.0099999904632568
2004-05-27,0.8859999775886536
2004-05-28,1.3200000524520874
2004-05-29,1.5900000333786009
2004-05-30,1.3200000524520874
2004-05-31,1.1399999856948853
2004-06-01,1.0399999618530271
2004-06-02,0.9279999732971193
2004-06-03,0.8500000238418579
2004-06-04,0.7699999809265137
2004-06-05,0.8489999771118164
2004-06-06,0.972000002861023
2004-06-07,0.9369999766349792
2004-06-08,0.7049999833106995
2004-06-09,0.7200000286102295
2004-06-10,0.6769999861717224
2004-06-11,0.6660000085830688
2004-06-12,0.6539999842643738
2004-06-13,0.6449999809265137
2004-06-14,0.6230000257492065
2004-06-15,0.5960000157356262
2004-06-16,0.5559999942779541
2004-06-17,0.5370000004768372
2004-06-18,0.5
2004-06-19,0.4629999995231629
2004-06-20,0.44600000977516174
2004-06-21,0.42500001192092896
2004-06-22,0.4120000004768372
2004-06-23,0.39899998903274536
2004-06-24,0.3759999871253967
2004-06-25,0.3650000095367432
2004-06-26,0.4339999854564667
2004-06-27,0.4790000021457672
2004-06-28,0.4079999923706055
2004-06-29,0.3790000081062317
2004-06-30,0.3490000069141388
2004-07-01,0.3440000116825104
2004-07-02,0.32499998807907104
2004-07-03,0.3059999942779541
2004-07-04,0.2919999957084656
2004-07-05,0.2829999923706055
2004-07-06,0.2939999997615814
2004-07-07,0.27900001406669617
2004-07-08,0.2800000011920929
2004-07-09,0.2549999952316284
2004-07-10,0.2430000007152557
2004-07-11,0.2529999911785126
2004-07-12,0.23499999940395355
2004-07-13,0.2140000015497208
2004-07-14,0.2029999941587448
2004-07-15,0.19200000166893005
2004-07-16,0.17900000512599945
2004-07-17,0.16500000655651093
2004-07-18,0.15600000321865082
2004-07-19,0.15199999511241913
2004-07-20,0.14800000190734866
2004-07-21,0.1420000046491623
2004-07-22,0.12700000405311584
2004-07-23,0.119999997317791
2004-07-24,0.11800000071525575
2004-07-25,0.11500000208616255
2004-07-26,0.10899999737739564
2004-07-27,0.10599999874830246
2004-07-28,0.10199999809265137
2004-07-29,0.09700000286102296
2004-07-30,0.09300000220537186
2004-07-31,0.0860000029206276
2004-08-01,0.08100000023841858
2004-08-02,0.08100000023841858
2004-08-03,0.0820000022649765
2004-08-04,0.0860000029206276
2004-08-05,0.10000000149011612
2004-08-06,0.1120000034570694
2004-08-07,0.1589999943971634
2004-08-08,0.11800000071525575
2004-08-09,0.1040000021457672
2004-08-10,0.09200000017881392
2004-08-11,0.0860000029206276
2004-08-12,0.07900000363588333
2004-08-13,0.07599999755620956
2004-08-14,0.07400000095367433
2004-08-15,0.07199999690055847
2004-08-16,0.07000000029802322
2004-08-17,0.0689999982714653
2004-08-18,0.07000000029802322
2004-08-19,0.07100000232458115
2004-08-20,0.07199999690055847
2004-08-21,0.07400000095367433
2004-08-22,0.13199999928474426
2004-08-23,0.10700000077486037
2004-08-24,0.0949999988079071
2004-08-25,0.119999997317791
2004-08-26,0.1289999932050705
2004-08-27,0.1080000028014183
2004-08-28,0.10700000077486037
2004-08-29,0.11299999803304672
2004-08-30,0.1040000021457672
2004-08-31,0.09399999678134917
2004-09-01,0.08299999684095383
2004-09-02,0.12099999934434892
2004-09-03,0.16500000655651093
2004-09-04,0.13699999451637268
2004-09-05,0.20200000703334808
2004-09-06,0.1509999930858612
2004-09-07,0.1340000033378601
2004-09-08,0.12099999934434892
2004-09-09,0.11299999803304672
2004-09-10,0.1080000028014183
2004-09-11,0.10599999874830246
2004-09-12,0.10499999672174454
2004-09-13,0.10300000011920928
2004-09-14,0.10300000011920928
2004-09-15,0.11100000143051147
2004-09-16,0.12300000339746475
2004-09-17,0.1469999998807907
2004-09-18,0.210999995470047
2004-09-19,0.22100000083446505
2004-09-20,0.1879999935626984
2004-09-21,0.1509999930858612
2004-09-22,0.13500000536441806
2004-09-23,0.12600000202655792
2004-09-24,0.12200000137090684
2004-09-25,0.11900000274181365
2004-09-26,0.11599999666213988
2004-09-27,0.11100000143051147
2004-09-28,0.0989999994635582
2004-09-29,0.09799999743700027
2004-09-30,0.09799999743700027
2004-10-01,0.09700000286102296
2004-10-02,0.09600000083446504
2004-10-03,0.09399999678134917
2004-10-04,0.09200000017881392
2004-10-05,0.090999998152256
2004-10-06,0.08900000154972076
2004-10-07,0.08799999952316284
2004-10-08,0.08799999952316284
2004-10-09,0.1080000028014183
2004-10-10,0.10199999809265137
2004-10-11,0.09399999678134917
2004-10-12,0.08500000089406967
2004-10-13,0.0820000022649765
2004-10-14,0.08100000023841858
2004-10-15,0.07900000363588333
2004-10-16,0.08900000154972076
2004-10-17,0.09300000220537186
2004-10-18,0.11100000143051147
2004-10-19,0.10999999940395357
2004-10-20,0.11299999803304672
2004-10-21,0.10999999940395357
2004-10-22,0.11299999803304672
2004-10-23,0.11299999803304672
2004-10-24,0.1080000028014183
2004-10-25,0.10199999809265137
2004-10-26,0.09700000286102296
2004-10-27,0.090999998152256
2004-10-28,0.09200000017881392
2004-10-29,0.09399999678134917
2004-10-30,0.10000000149011612
2004-10-31,0.10300000011920928
2004-11-01,0.10599999874830246
2004-11-02,0.10700000077486037
2004-11-03,0.10000000149011612
2004-11-04,0.09200000017881392
2004-11-05,0.09399999678134917
2004-11-06,0.10300000011920928
2004-11-07,0.14800000190734866
2004-11-08,0.16300000250339508
2004-11-09,0.1599999964237213
2004-11-10,0.15600000321865082
2004-11-11,0.1509999930858612
2004-11-12,0.14800000190734866
2004-11-13,0.1469999998807907
2004-11-14,0.1459999978542328
2004-11-15,0.14399999380111694
2004-11-16,0.14100000262260434
2004-11-17,0.13899999856948853
2004-11-18,0.13600000739097595
2004-11-19,0.13600000739097595
2004-11-20,0.1379999965429306
2004-11-21,0.14000000059604645
2004-11-22,0.1430000066757202
2004-11-23,0.1459999978542328
2004-11-24,0.1860000044107437
2004-11-25,0.2960000038146973
2004-11-26,0.24799999594688416
2004-11-27,0.2189999967813492
2004-11-28,0.20600000023841847
2004-11-29,0.19900000095367432
2004-11-30,0.19200000166893005
2004-12-01,0.1850000023841858
2004-12-02,0.181999996304512
2004-12-03,0.17900000512599945
2004-12-04,0.17599999904632568
2004-12-05,0.16899999976158142
2004-12-06,0.15199999511241913
2004-12-07,0.17000000178813934
2004-12-08,0.17800000309944153
2004-12-09,0.181999996304512
2004-12-10,0.18000000715255735
2004-12-11,0.17000000178813934
2004-12-12,0.16500000655651093
2004-12-13,0.17499999701976776
2004-12-14,0.1879999935626984
2004-12-15,0.18000000715255735
2004-12-16,0.17499999701976776
2004-12-17,0.17000000178813934
2004-12-18,0.17499999701976776
2004-12-19,0.1770000010728836
2004-12-20,0.18000000715255735
2004-12-21,0.17000000178813934
2004-12-22,0.164000004529953
2004-12-23,0.1599999964237213
2004-12-24,0.17000000178813934
2004-12-25,0.17499999701976776
2004-12-26,0.17800000309944153
2004-12-27,0.18000000715255735
2004-12-28,0.1809999942779541
2004-12-29,0.17800000309944153
2004-12-30,0.1940000057220459
2004-12-31,0.19200000166893005
2005-01-01,0.19200000166893005
2005-01-02,0.19099999964237213
2005-01-03,0.1809999942779541
2005-01-04,0.17000000178813934
2005-01-05,0.18000000715255735
2005-01-06,0.1899999976158142
2005-01-07,0.1899999976158142
2005-01-08,0.1899999976158142
2005-01-09,0.1899999976158142
2005-01-10,0.1899999976158142
2005-01-11,0.1850000023841858
2005-01-12,0.18000000715255735
2005-01-13,0.17499999701976776
2005-01-14,0.17000000178813934
2005-01-15,0.1599999964237213
2005-01-16,0.16500000655651093
2005-01-17,0.17000000178813934
2005-01-18,0.18000000715255735
2005-01-19,0.19499999284744265
2005-01-20,0.2199999988079071
2005-01-21,0.239999994635582
2005-01-22,0.30000001192092896
2005-01-23,0.3499999940395355
2005-01-24,0.42500001192092896
2005-01-25,0.5
2005-01-26,0.5600000023841858
2005-01-27,0.5649999976158142
2005-01-28,0.5699999928474426
2005-01-29,0.574999988079071
2005-01-30,0.578000009059906
2005-01-31,0.5799999833106995
2005-02-01,0.5849999785423279
2005-02-02,0.5899999737739563
2005-02-03,0.5950000286102295
2005-02-04,0.6299999952316284
2005-02-05,0.6600000262260437
2005-02-06,0.6549999713897705
2005-02-07,0.6499999761581421
2005-02-08,0.6399999856948853
2005-02-09,0.6349999904632568
2005-02-10,0.6299999952316284
2005-02-11,0.6100000143051147
2005-02-12,0.5899999737739563
2005-02-13,0.5799999833106995
2005-02-14,0.5699999928474426
2005-02-15,0.5600000023841858
2005-02-16,0.5609999895095825
2005-02-17,0.5619999766349792
2005-02-18,0.5630000233650208
2005-02-19,0.5649999976158142
2005-02-20,0.5699999928474426
2005-02-21,0.5799999833106995
2005-02-22,0.597000002861023
2005-02-23,0.597000002861023
2005-02-24,0.597000002861023
2005-02-25,0.597000002861023
2005-02-26,0.597000002861023
2005-02-27,0.597000002861023
2005-02-28,0.597000002861023
2005-03-01,0.597000002861023
2005-03-02,0.597000002861023
2005-03-03,0.5989999771118164
2005-03-04,0.5879999995231628
2005-03-05,0.6129999756813049
2005-03-06,0.675000011920929
2005-03-07,0.8019999861717224
2005-03-08,0.9589999914169312
2005-03-09,1.0800000429153442
2005-03-10,1.2300000190734863
2005-03-11,1.3799999952316284
2005-03-12,1.5
2005-03-13,1.3600000143051147
2005-03-14,1.2999999523162842
2005-03-15,1.25
2005-03-16,1.3200000524520874
2005-03-17,1.0800000429153442
2005-03-18,1.0900000333786009
2005-03-19,1.0800000429153442
2005-03-20,1.0599999427795408
2005-03-21,1.0700000524520874
2005-03-22,1.0499999523162842
2005-03-23,1.0099999904632568
2005-03-24,1.1100000143051147
2005-03-25,0.8790000081062317
2005-03-26,0.921999990940094
2005-03-27,0.9390000104904176
2005-03-28,0.962000012397766
2005-03-29,0.9729999899864196
2005-03-30,0.9610000252723694
2005-03-31,1.0199999809265137
2005-04-01,0.9580000042915344
2005-04-02,0.8159999847412109
2005-04-03,0.8330000042915344
2005-04-04,0.8500000238418579
2005-04-05,0.8460000157356262
2005-04-06,1.0499999523162842
2005-04-07,1.0499999523162842
2005-04-08,1.0900000333786009
2005-04-09,1.0499999523162842
2005-04-10,1.0199999809265137
2005-04-11,1.0700000524520874
2005-04-12,1.309999942779541
2005-04-13,1.100000023841858
2005-04-14,1.0099999904632568
2005-04-15,0.9629999995231628
2005-04-16,0.9570000171661376
2005-04-17,1.0199999809265137
2005-04-18,1.0099999904632568
2005-04-19,1.0
2005-04-20,1.0599999427795408
2005-04-21,1.2000000476837158
2005-04-22,1.3300000429153442
2005-04-23,1.5499999523162842
2005-04-24,1.600000023841858
2005-04-25,2.150000095367432
2005-04-26,2.4300000667572017
2005-04-27,2.369999885559082
2005-04-28,1.9299999475479128
2005-04-29,1.7100000381469729
2005-04-30,1.600000023841858
2005-05-01,1.5199999809265137
2005-05-02,1.4900000095367432
2005-05-03,1.649999976158142
2005-05-04,1.600000023841858
2005-05-05,1.5800000429153442
2005-05-06,1.6399999856948853
2005-05-07,1.600000023841858
2005-05-08,1.5299999713897705
2005-05-09,1.5099999904632568
2005-05-10,1.5
2005-05-11,1.5
2005-05-12,1.5099999904632568
2005-05-13,1.5299999713897705
2005-05-14,1.5099999904632568
2005-05-15,1.600000023841858
2005-05-16,1.7999999523162842
2005-05-17,1.5499999523162842
2005-05-18,1.4099999666213991
2005-05-19,1.4199999570846558
2005-05-20,1.25
2005-05-21,1.1200000047683716
2005-05-22,1.0
2005-05-23,0.9290000200271606
2005-05-24,0.8619999885559082
2005-05-25,0.8009999990463257
2005-05-26,0.7710000276565552
2005-05-27,0.75
2005-05-28,0.722000002861023
2005-05-29,0.6930000185966492
2005-05-30,0.6399999856948853
2005-05-31,0.6489999890327454
2005-06-01,0.6679999828338623
2005-06-02,0.6230000257492065
2005-06-03,0.5789999961853027
2005-06-04,0.5690000057220459
2005-06-05,0.5849999785423279
2005-06-06,0.5899999737739563
2005-06-07,0.6430000066757202
2005-06-08,0.890999972820282
2005-06-09,0.718999981880188
2005-06-10,0.640999972820282
2005-06-11,0.5860000252723694
2005-06-12,0.5600000023841858
2005-06-13,0.5419999957084656
2005-06-14,0.5149999856948853
2005-06-15,0.4729999899864197
2005-06-16,0.4370000064373016
2005-06-17,0.5550000071525574
2005-06-18,0.8209999799728394
2005-06-19,0.7599999904632568
2005-06-20,0.6639999747276306
2005-06-21,0.6159999966621399
2005-06-22,0.6620000004768372
2005-06-23,0.597000002861023
2005-06-24,0.5860000252723694
2005-06-25,0.609000027179718
2005-06-26,0.5759999752044678
2005-06-27,0.6209999918937683
2005-06-28,0.6200000047683716
2005-06-29,0.5429999828338623
2005-06-30,0.5210000276565552
2005-07-01,0.4959999918937683
2005-07-02,0.4839999973773956
2005-07-03,0.4740000069141388
2005-07-04,0.4399999976158142
2005-07-05,0.4099999964237213
2005-07-06,0.3840000033378601
2005-07-07,0.3700000047683716
2005-07-08,0.4239999949932098
2005-07-09,0.5030000209808351
2005-07-10,0.4390000104904175
2005-07-11,0.4259999990463257
2005-07-12,0.3919999897480011
2005-07-13,0.36000001430511475
2005-07-14,0.33000001311302185
2005-07-15,0.3190000057220459
2005-07-16,0.3129999935626984
2005-07-17,0.30399999022483826
2005-07-18,0.2899999916553497
2005-07-19,0.27799999713897705
2005-07-20,0.2669999897480011
2005-07-21,0.25999999046325684
2005-07-22,0.2540000081062317
2005-07-23,0.24799999594688416
2005-07-24,0.2280000001192093
2005-07-25,0.210999995470047
2005-07-26,0.2150000035762787
2005-07-27,0.2080000042915344
2005-07-28,0.19599999487400047
2005-07-29,0.1860000044107437
2005-07-30,0.17900000512599945
2005-07-31,0.17399999499320984
2005-08-01,0.1679999977350235
2005-08-02,0.15800000727176666
2005-08-03,0.15000000596046448
2005-08-04,0.14399999380111694
2005-08-05,0.1330000013113022
2005-08-06,0.125
2005-08-07,0.119999997317791
2005-08-08,0.1120000034570694
2005-08-09,0.1040000021457672
2005-08-10,0.10199999809265137
2005-08-11,0.10000000149011612
2005-08-12,0.0989999994635582
2005-08-13,0.09799999743700027
2005-08-14,0.09600000083446504
2005-08-15,0.09300000220537186
2005-08-16,0.09000000357627869
2005-08-17,0.08900000154972076
2005-08-18,0.08799999952316284
2005-08-19,0.08699999749660492
2005-08-20,0.08500000089406967
2005-08-21,0.07999999821186066
2005-08-22,0.07400000095367433
2005-08-23,0.07599999755620956
2005-08-24,0.07599999755620956
2005-08-25,0.07599999755620956
2005-08-26,0.07500000298023224
2005-08-27,0.07500000298023224
2005-08-28,0.07400000095367433
2005-08-29,0.1080000028014183
2005-08-30,0.11100000143051147
2005-08-31,0.08799999952316284
2005-09-01,0.08299999684095383
2005-09-02,0.07999999821186066
2005-09-03,0.07800000160932541
2005-09-04,0.07699999958276749
2005-09-05,0.07599999755620956
2005-09-06,0.07500000298023224
2005-09-07,0.07599999755620956
2005-09-08,0.07699999958276749
2005-09-09,0.10599999874830246
2005-09-10,0.1040000021457672
2005-09-11,0.13099999725818634
2005-09-12,0.1289999932050705
2005-09-13,0.1040000021457672
2005-09-14,0.09399999678134917
2005-09-15,0.090999998152256
2005-09-16,0.08900000154972076
2005-09-17,0.08799999952316284
2005-09-18,0.08399999886751175
2005-09-19,0.07900000363588333
2005-09-20,0.07599999755620956
2005-09-21,0.07500000298023224
2005-09-22,0.07500000298023224
2005-09-23,0.07400000095367433
2005-09-24,0.07400000095367433
2005-09-25,0.07500000298023224
2005-09-26,0.07599999755620956
2005-09-27,0.07699999958276749
2005-09-28,0.07800000160932541
2005-09-29,0.0949999988079071
2005-09-30,0.09000000357627869
2005-10-01,0.08500000089406967
2005-10-02,0.0820000022649765
2005-10-03,0.07900000363588333
2005-10-04,0.07800000160932541
2005-10-05,0.07900000363588333
2005-10-06,0.10100000351667404
2005-10-07,0.4580000042915344
2005-10-08,0.2329999953508377
2005-10-09,0.16899999976158142
2005-10-10,0.1449999958276749
2005-10-11,0.1330000013113022
2005-10-12,0.12600000202655792
2005-10-13,0.13500000536441806
2005-10-14,0.12800000607967374
2005-10-15,0.12399999797344208
2005-10-16,0.1449999958276749
2005-10-17,0.6370000243186951
2005-10-18,0.8180000185966492
2005-10-19,0.6150000095367432
2005-10-20,0.6150000095367432
2005-10-21,0.492000013589859
2005-10-22,0.4399999976158142
2005-10-23,0.4020000100135803
2005-10-24,0.3639999926090241
2005-10-25,0.3370000123977661
2005-10-26,0.3619999885559082
2005-10-27,0.3269999921321869
2005-10-28,0.30799999833106995
2005-10-29,0.296999990940094
2005-10-30,0.2919999957084656
2005-10-31,0.28600001335144043
2005-11-01,0.2980000078678131
2005-11-02,0.29899999499320984
2005-11-03,0.2809999883174896
2005-11-04,0.27399998903274536
2005-11-05,0.2680000066757202
2005-11-06,0.26100000739097595
2005-11-07,0.2529999911785126
2005-11-08,0.25
2005-11-09,0.25699999928474426
2005-11-10,0.2590000033378601
2005-11-11,0.25999999046325684
2005-11-12,0.2619999945163727
2005-11-13,0.2660000026226044
2005-11-14,0.2509999871253968
2005-11-15,0.2370000034570694
2005-11-16,0.2430000007152557
2005-11-17,0.2409999966621399
2005-11-18,0.23899999260902405
2005-11-19,0.2370000034570694
2005-11-20,0.23499999940395355
2005-11-21,0.2339999973773957
2005-11-22,0.23100000619888306
2005-11-23,0.22499999403953552
2005-11-24,0.22200000286102287
2005-11-25,0.2290000021457672
2005-11-26,0.2380000054836273
2005-11-27,0.19599999487400047
2005-11-28,0.2039999961853028
2005-11-29,0.2029999941587448
2005-11-30,0.20900000631809235
2005-12-01,0.19099999964237213
2005-12-02,0.19200000166893005
2005-12-03,0.17000000178813934
2005-12-04,0.1550000011920929
2005-12-05,0.1599999964237213
2005-12-06,0.17000000178813934
2005-12-07,0.18000000715255735
2005-12-08,0.1879999935626984
2005-12-09,0.19499999284744265
2005-12-10,0.1899999976158142
2005-12-11,0.19200000166893005
2005-12-12,0.1899999976158142
2005-12-13,0.193000003695488
2005-12-14,0.1850000023841858
2005-12-15,0.17499999701976776
2005-12-16,0.17399999499320984
2005-12-17,0.17299999296665192
2005-12-18,0.1720000058412552
2005-12-19,0.1710000038146973
2005-12-20,0.17000000178813934
2005-12-21,0.17299999296665192
2005-12-22,0.17800000309944153
2005-12-23,0.1850000023841858
2005-12-24,0.19099999964237213
2005-12-25,0.193000003695488
2005-12-26,0.1940000057220459
2005-12-27,0.19499999284744265
2005-12-28,0.19099999964237213
2005-12-29,0.1860000044107437
2005-12-30,0.18299999833106995
2005-12-31,0.18000000715255735
2006-01-01,0.17900000512599945
2006-01-02,0.17900000512599945
2006-01-03,0.18000000715255735
2006-01-04,0.18000000715255735
2006-01-05,0.18000000715255735
2006-01-06,0.17900000512599945
2006-01-07,0.18000000715255735
2006-01-08,0.18299999833106995
2006-01-09,0.1850000023841858
2006-01-10,0.1899999976158142
2006-01-11,0.19499999284744265
2006-01-12,0.20100000500679016
2006-01-13,0.2029999941587448
2006-01-14,0.20499999821186066
2006-01-15,0.2070000022649765
2006-01-16,0.2080000042915344
2006-01-17,0.2080000042915344
2006-01-18,0.20900000631809235
2006-01-19,0.20900000631809235
2006-01-20,0.20999999344348907
2006-01-21,0.20999999344348907
2006-01-22,0.20900000631809235
2006-01-23,0.20999999344348907
2006-01-24,0.20999999344348907
2006-01-25,0.20999999344348907
2006-01-26,0.20900000631809235
2006-01-27,0.2080000042915344
2006-01-28,0.20600000023841847
2006-01-29,0.2039999961853028
2006-01-30,0.2029999941587448
2006-01-31,0.2029999941587448
2006-02-01,0.2029999941587448
2006-02-02,0.20200000703334808
2006-02-03,0.20200000703334808
2006-02-04,0.20100000500679016
2006-02-05,0.20000000298023224
2006-02-06,0.1979999989271164
2006-02-07,0.19499999284744265
2006-02-08,0.1899999976158142
2006-02-09,0.18000000715255735
2006-02-10,0.17000000178813934
2006-02-11,0.17299999296665192
2006-02-12,0.17499999701976776
2006-02-13,0.17299999296665192
2006-02-14,0.17000000178813934
2006-02-15,0.1679999977350235
2006-02-16,0.16899999976158142
2006-02-17,0.17000000178813934
2006-02-18,0.16899999976158142
2006-02-19,0.16699999570846558
2006-02-20,0.16500000655651093
2006-02-21,0.1679999977350235
2006-02-22,0.17000000178813934
2006-02-23,0.17299999296665192
2006-02-24,0.17599999904632568
2006-02-25,0.181999996304512
2006-02-26,0.18400000035762787
2006-02-27,0.1860000044107437
2006-02-28,0.1879999935626984
2006-03-01,0.1899999976158142
2006-03-02,0.1879999935626984
2006-03-03,0.18700000643730166
2006-03-04,0.1860000044107437
2006-03-05,0.1850000023841858
2006-03-06,0.18400000035762787
2006-03-07,0.1850000023841858
2006-03-08,0.1860000044107437
2006-03-09,0.18700000643730166
2006-03-10,0.1879999935626984
2006-03-11,0.1899999976158142
2006-03-12,0.19200000166893005
2006-03-13,0.193000003695488
2006-03-14,0.1940000057220459
2006-03-15,0.193000003695488
2006-03-16,0.19099999964237213
2006-03-17,0.20000000298023224
2006-03-18,0.20900000631809235
2006-03-19,0.2039999961853028
2006-03-20,0.20499999821186066
2006-03-21,0.20999999344348907
2006-03-22,0.2150000035762787
2006-03-23,0.2280000001192093
2006-03-24,0.2720000147819519
2006-03-25,0.2949999868869781
2006-03-26,0.29899999499320984
2006-03-27,0.3050000071525574
2006-03-28,0.3190000057220459
2006-03-29,0.3479999899864197
2006-03-30,0.41400000452995295
2006-03-31,0.5640000104904175
2006-04-01,0.9070000052452089
2006-04-02,1.0099999904632568
2006-04-03,1.0099999904632568
2006-04-04,1.0499999523162842
2006-04-05,1.149999976158142
2006-04-06,1.3799999952316284
2006-04-07,1.5900000333786009
2006-04-08,1.7200000286102295
2006-04-09,1.9600000381469729
2006-04-10,2.7100000381469727
2006-04-11,3.0399999618530287
2006-04-12,3.0199999809265137
2006-04-13,2.740000009536743
2006-04-14,2.759999990463257
2006-04-15,2.609999895095825
2006-04-16,2.309999942779541
2006-04-17,2.0699999332427983
2006-04-18,1.9600000381469729
2006-04-19,1.9700000286102293
2006-04-20,2.059999942779541
2006-04-21,3.009999990463257
2006-04-22,3.0899999141693115
2006-04-23,2.609999895095825
2006-04-24,2.759999990463257
2006-04-25,2.8499999046325684
2006-04-26,2.799999952316284
2006-04-27,2.859999895095825
2006-04-28,2.809999942779541
2006-04-29,3.240000009536743
2006-04-30,3.5699999332427983
2006-05-01,3.0
2006-05-02,2.4200000762939453
2006-05-03,2.0999999046325684
2006-05-04,2.049999952316284
2006-05-05,2.240000009536743
2006-05-06,2.259999990463257
2006-05-07,2.0799999237060547
2006-05-08,1.8799999952316284
2006-05-09,1.7000000476837158
2006-05-10,1.6100000143051147
2006-05-11,1.690000057220459
2006-05-12,1.7000000476837158
2006-05-13,1.5700000524520874
2006-05-14,1.5700000524520874
2006-05-15,1.830000042915344
2006-05-16,2.390000104904175
2006-05-17,2.9300000667572017
2006-05-18,3.3399999141693115
2006-05-19,2.9300000667572017
2006-05-20,3.0199999809265137
2006-05-21,2.8399999141693115
2006-05-22,2.450000047683716
2006-05-23,2.25
2006-05-24,2.259999990463257
2006-05-25,2.1400001049041752
2006-05-26,1.9099999666213991
2006-05-27,1.820000052452088
2006-05-28,1.600000023841858
2006-05-29,1.4199999570846558
2006-05-30,1.3600000143051147
2006-05-31,1.190000057220459
2006-06-01,1.149999976158142
2006-06-02,1.25
2006-06-03,1.2699999809265137
2006-06-04,1.0900000333786009
2006-06-05,1.0199999809265137
2006-06-06,0.9409999847412108
2006-06-07,0.8960000276565552
2006-06-08,1.0499999523162842
2006-06-09,1.0399999618530271
2006-06-10,0.9229999780654908
2006-06-11,0.9700000286102296
2006-06-12,0.962000012397766
2006-06-13,0.8759999871253967
2006-06-14,1.149999976158142
2006-06-15,1.1799999475479126
2006-06-16,1.0099999904632568
2006-06-17,0.8899999856948853
2006-06-18,0.8370000123977661
2006-06-19,0.8100000023841858
2006-06-20,1.0099999904632568
2006-06-21,0.8870000243186951
2006-06-22,0.7829999923706055
2006-06-23,0.7459999918937683
2006-06-24,0.6899999976158142
2006-06-25,0.6499999761581421
2006-06-26,0.6019999980926514
2006-06-27,0.5600000023841858
2006-06-28,0.5389999747276306
2006-06-29,0.527999997138977
2006-06-30,0.5090000033378601
2006-07-01,0.4749999940395355
2006-07-02,0.4480000138282776
2006-07-03,0.4259999990463257
2006-07-04,0.43299999833107
2006-07-05,0.44600000977516174
2006-07-06,0.492000013589859
2006-07-07,0.4370000064373016
2006-07-08,0.40400001406669617
2006-07-09,0.37700000405311584
2006-07-10,0.3790000081062317
2006-07-11,0.3720000088214874
2006-07-12,0.3889999985694885
2006-07-13,0.3889999985694885
2006-07-14,0.3479999899864197
2006-07-15,0.328000009059906
2006-07-16,0.30399999022483826
2006-07-17,0.2829999923706055
2006-07-18,0.2709999978542328
2006-07-19,0.2630000114440918
2006-07-20,0.25600001215934753
2006-07-21,0.2409999966621399
2006-07-22,0.2269999980926513
2006-07-23,0.2189999967813492
2006-07-24,0.2140000015497208
2006-07-25,0.2080000042915344
2006-07-26,0.19900000095367432
2006-07-27,0.1940000057220459
2006-07-28,0.1860000044107437
2006-07-29,0.1770000010728836
2006-07-30,0.1770000010728836
2006-07-31,0.181999996304512
2006-08-01,0.17299999296665192
2006-08-02,0.16599999368190765
2006-08-03,0.1599999964237213
2006-08-04,0.1550000011920929
2006-08-05,0.14800000190734866
2006-08-06,0.14000000059604645
2006-08-07,0.13099999725818634
2006-08-08,0.12300000339746475
2006-08-09,0.12099999934434892
2006-08-10,0.12399999797344208
2006-08-11,0.12399999797344208
2006-08-12,0.1120000034570694
2006-08-13,0.10300000011920928
2006-08-14,0.09799999743700027
2006-08-15,0.09300000220537186
2006-08-16,0.09000000357627869
2006-08-17,0.08799999952316284
2006-08-18,0.0860000029206276
2006-08-19,0.08299999684095383
2006-08-20,0.08100000023841858
2006-08-21,0.07900000363588333
2006-08-22,0.07800000160932541
2006-08-23,0.07699999958276749
2006-08-24,0.07699999958276749
2006-08-25,0.07599999755620956
2006-08-26,0.07500000298023224
2006-08-27,0.07599999755620956
2006-08-28,0.07599999755620956
2006-08-29,0.07599999755620956
2006-08-30,0.07500000298023224
2006-08-31,0.07400000095367433
2006-09-01,0.0729999989271164
2006-09-02,0.07000000029802322
2006-09-03,0.06800000369548798
2006-09-04,0.06700000166893005
2006-09-05,0.06499999761581421
2006-09-06,0.06300000101327896
2006-09-07,0.06199999898672104
2006-09-08,0.061000000685453415
2006-09-09,0.061000000685453415
2006-09-10,0.059000000357627876
2006-09-11,0.05799999833106995
2006-09-12,0.0560000017285347
2006-09-13,0.05700000002980232
2006-09-14,0.05700000002980232
2006-09-15,0.05799999833106995
2006-09-16,0.05799999833106995
2006-09-17,0.059000000357627876
2006-09-18,0.059999998658895486
2006-09-19,0.061000000685453415
2006-09-20,0.07000000029802322
2006-09-21,0.0820000022649765
2006-09-22,0.07100000232458115
2006-09-23,0.06700000166893005
2006-09-24,0.06199999898672104
2006-09-25,0.059000000357627876
2006-09-26,0.0560000017285347
2006-09-27,0.054999999701976776
2006-09-28,0.054999999701976776
2006-09-29,0.05400000140070915
2006-09-30,0.05400000140070915
2006-10-01,0.05299999937415123
2006-10-02,0.05299999937415123
2006-10-03,0.05299999937415123
2006-10-04,0.052000001072883606
2006-10-05,0.052000001072883606
2006-10-06,0.052000001072883606
2006-10-07,0.050999999046325684
2006-10-08,0.050999999046325684
2006-10-09,0.050999999046325684
2006-10-10,0.05000000074505806
2006-10-11,0.05000000074505806
2006-10-12,0.050999999046325684
2006-10-13,0.050999999046325684
2006-10-14,0.052000001072883606
2006-10-15,0.0560000017285347
2006-10-16,0.059999998658895486
2006-10-17,0.05400000140070915
2006-10-18,0.05400000140070915
2006-10-19,0.05400000140070915
2006-10-20,0.054999999701976776
2006-10-21,0.054999999701976776
2006-10-22,0.054999999701976776
2006-10-23,0.0560000017285347
2006-10-24,0.0560000017285347
2006-10-25,0.05700000002980232
2006-10-26,0.05700000002980232
2006-10-27,0.05799999833106995
2006-10-28,0.059999998658895486
2006-10-29,0.059999998658895486
2006-10-30,0.059000000357627876
2006-10-31,0.05799999833106995
2006-11-01,0.03700000047683717
2006-11-02,0.04199999943375588
2006-11-03,0.04699999839067458
2006-11-04,0.04800000041723251
2006-11-05,0.04899999871850014
2006-11-06,0.054999999701976776
2006-11-07,0.05799999833106995
2006-11-08,0.05400000140070915
2006-11-09,0.050999999046325684
2006-11-10,0.05000000074505806
2006-11-11,0.05000000074505806
2006-11-12,0.05000000074505806
2006-11-13,0.04899999871850014
2006-11-14,0.04899999871850014
2006-11-15,0.04899999871850014
2006-11-16,0.04899999871850014
2006-11-17,0.04899999871850014
2006-11-18,0.04899999871850014
2006-11-19,0.04800000041723251
2006-11-20,0.04800000041723251
2006-11-21,0.04600000008940697
2006-11-22,0.045000001788139336
2006-11-23,0.04399999976158142
2006-11-24,0.0430000014603138
2006-11-25,0.04199999943375588
2006-11-26,0.04100000113248825
2006-11-27,0.03999999910593033
2006-11-28,0.03999999910593033
2006-11-29,0.039000000804662704
2006-11-30,0.03999999910593033
2006-12-01,0.04199999943375588
2006-12-02,0.045000001788139336
2006-12-03,0.04800000041723251
2006-12-04,0.052000001072883606
2006-12-05,0.0560000017285347
2006-12-06,0.0560000017285347
2006-12-07,0.0560000017285347
2006-12-08,0.054999999701976776
2006-12-09,0.054999999701976776
2006-12-10,0.054999999701976776
2006-12-11,0.05400000140070915
2006-12-12,0.05299999937415123
2006-12-13,0.05299999937415123
2006-12-14,0.052000001072883606
2006-12-15,0.052000001072883606
2006-12-16,0.050999999046325684
2006-12-17,0.050999999046325684
2006-12-18,0.05000000074505806
2006-12-19,0.050999999046325684
2006-12-20,0.050999999046325684
2006-12-21,0.052000001072883606
2006-12-22,0.052000001072883606
2006-12-23,0.052000001072883606
2006-12-24,0.052000001072883606
2006-12-25,0.052000001072883606
2006-12-26,0.050999999046325684
2006-12-27,0.05000000074505806
2006-12-28,0.04600000008940697
2006-12-29,0.04699999839067458
2006-12-30,0.04800000041723251
2006-12-31,0.04899999871850014
2007-01-01,0.04899999871850014
2007-01-02,0.04800000041723251
2007-01-03,0.04699999839067458
2007-01-04,0.04600000008940697
2007-01-05,0.04600000008940697
2007-01-06,0.04600000008940697
2007-01-07,0.04600000008940697
2007-01-08,0.045000001788139336
2007-01-09,0.045000001788139336
2007-01-10,0.04399999976158142
2007-01-11,0.03799999877810478
2007-01-12,0.03999999910593033
2007-01-13,0.04199999943375588
2007-01-14,0.04399999976158142
2007-01-15,0.04600000008940697
2007-01-16,0.04600000008940697
2007-01-17,0.04699999839067458
2007-01-18,0.04699999839067458
2007-01-19,0.04699999839067458
2007-01-20,0.04699999839067458
2007-01-21,0.04600000008940697
2007-01-22,0.04600000008940697
2007-01-23,0.045000001788139336
2007-01-24,0.045000001788139336
2007-01-25,0.045000001788139336
2007-01-26,0.04600000008940697
2007-01-27,0.045000001788139336
2007-01-28,0.04399999976158142
2007-01-29,0.04199999943375588
2007-01-30,0.0430000014603138
2007-01-31,0.0430000014603138
2007-02-01,0.0430000014603138
2007-02-02,0.04199999943375588
2007-02-03,0.04199999943375588
2007-02-04,0.04199999943375588
2007-02-05,0.04199999943375588
2007-02-06,0.0430000014603138
2007-02-07,0.0430000014603138
2007-02-08,0.04399999976158142
2007-02-09,0.04600000008940697
2007-02-10,0.04699999839067458
2007-02-11,0.04800000041723251
2007-02-12,0.04800000041723251
2007-02-13,0.04800000041723251
2007-02-14,0.04800000041723251
2007-02-15,0.04800000041723251
2007-02-16,0.04699999839067458
2007-02-17,0.04699999839067458
2007-02-18,0.04699999839067458
2007-02-19,0.04800000041723251
2007-02-20,0.04800000041723251
2007-02-21,0.04800000041723251
2007-02-22,0.04800000041723251
2007-02-23,0.04800000041723251
2007-02-24,0.04800000041723251
2007-02-25,0.04800000041723251
2007-02-26,0.04699999839067458
2007-02-27,0.04699999839067458
2007-02-28,0.04600000008940697
2007-03-01,0.04699999839067458
2007-03-02,0.04800000041723251
2007-03-03,0.04899999871850014
2007-03-04,0.05000000074505806
2007-03-05,0.050999999046325684
2007-03-06,0.050999999046325684
2007-03-07,0.054999999701976776
2007-03-08,0.06400000303983687
2007-03-09,0.06499999761581421
2007-03-10,0.06599999964237213
2007-03-11,0.06700000166893005
2007-03-12,0.08100000023841858
2007-03-13,0.1040000021457672
2007-03-14,0.0949999988079071
2007-03-15,0.09000000357627869
2007-03-16,0.09000000357627869
2007-03-17,0.09200000017881392
2007-03-18,0.09799999743700027
2007-03-19,0.11299999803304672
2007-03-20,0.14000000059604645
2007-03-21,0.1459999978542328
2007-03-22,0.1550000011920929
2007-03-23,0.17299999296665192
2007-03-24,0.20999999344348907
2007-03-25,0.33399999141693115
2007-03-26,0.31700000166893005
2007-03-27,0.4629999995231629
2007-03-28,0.5090000033378601
2007-03-29,0.5180000066757202
2007-03-30,0.5929999947547913
2007-03-31,0.8820000290870667
2007-04-01,0.9950000047683716
2007-04-02,0.8399999737739563
2007-04-03,0.7250000238418579
2007-04-04,0.6830000281333923
2007-04-05,0.6690000295639038
2007-04-06,0.6949999928474426
2007-04-07,0.8679999709129333
2007-04-08,1.1599999666213991
2007-04-09,1.440000057220459
2007-04-10,1.350000023841858
2007-04-11,1.100000023841858
2007-04-12,0.8899999856948853
2007-04-13,0.8510000109672546
2007-04-14,0.8009999990463257
2007-04-15,0.7599999904632568
2007-04-16,0.7300000190734863
2007-04-17,0.7070000171661377
2007-04-18,0.6729999780654907
2007-04-19,0.628000020980835
2007-04-20,0.609000027179718
2007-04-21,0.6240000128746033
2007-04-22,0.6669999957084656
2007-04-23,0.7480000257492065
2007-04-24,0.8280000090599059
2007-04-25,0.8820000290870667
2007-04-26,0.8980000019073486
2007-04-27,0.9330000281333924
2007-04-28,1.0599999427795408
2007-04-29,1.0599999427795408
2007-04-30,0.9490000009536744
2007-05-01,0.9430000185966492
2007-05-02,1.0700000524520874
2007-05-03,1.5199999809265137
2007-05-04,1.190000057220459
2007-05-05,1.1299999952316284
2007-05-06,1.1599999666213991
2007-05-07,1.2699999809265137
2007-05-08,1.5800000429153442
2007-05-09,1.7400000095367432
2007-05-10,1.649999976158142
2007-05-11,1.7300000190734863
2007-05-12,1.7200000286102295
2007-05-13,1.690000057220459
2007-05-14,1.6399999856948853
2007-05-15,1.7000000476837158
2007-05-16,1.9299999475479128
2007-05-17,1.9800000190734863
2007-05-18,1.8600000143051147
2007-05-19,1.7300000190734863
2007-05-20,1.5800000429153442
2007-05-21,1.3799999952316284
2007-05-22,1.2599999904632568
2007-05-23,1.2000000476837158
2007-05-24,1.1599999666213991
2007-05-25,1.100000023841858
2007-05-26,1.0700000524520874
2007-05-27,1.0800000429153442
2007-05-28,1.0700000524520874
2007-05-29,0.9369999766349792
2007-05-30,0.9139999747276306
2007-05-31,0.9070000052452089
2007-06-01,0.8880000114440918
2007-06-02,0.8149999976158142
2007-06-03,0.7599999904632568
2007-06-04,0.781000018119812
2007-06-05,0.8859999775886536
2007-06-06,0.8650000095367432
2007-06-07,0.7860000133514404
2007-06-08,0.7269999980926514
2007-06-09,0.7409999966621399
2007-06-10,0.7590000033378601
2007-06-11,0.6970000267028809
2007-06-12,0.6449999809265137
2007-06-13,0.5989999771118164
2007-06-14,0.5730000138282776
2007-06-15,0.5419999957084656
2007-06-16,0.5189999938011169
2007-06-17,0.5379999876022339
2007-06-18,0.5320000052452087
2007-06-19,0.4939999878406525
2007-06-20,0.4550000131130218
2007-06-21,0.4149999916553497
2007-06-22,0.3840000033378601
2007-06-23,0.4149999916553497
2007-06-24,0.4129999876022339
2007-06-25,0.4869999885559082
2007-06-26,0.4259999990463257
2007-06-27,0.3680000007152557
2007-06-28,0.3470000028610229
2007-06-29,0.4070000052452088
2007-06-30,0.6330000162124634
2007-07-01,0.4050000011920929
2007-07-02,0.3720000088214874
2007-07-03,0.3310000002384186
2007-07-04,0.2930000126361847
2007-07-05,0.2770000100135803
2007-07-06,0.2630000114440918
2007-07-07,0.2529999911785126
2007-07-08,0.24699999392032626
2007-07-09,0.23899999260902405
2007-07-10,0.2269999980926513
2007-07-11,0.21299999952316284
2007-07-12,0.20200000703334808
2007-07-13,0.1940000057220459
2007-07-14,0.1860000044107437
2007-07-15,0.17900000512599945
2007-07-16,0.17299999296665192
2007-07-17,0.1599999964237213
2007-07-18,0.1589999943971634
2007-07-19,0.2370000034570694
2007-07-20,0.2360000014305115
2007-07-21,0.19900000095367432
2007-07-22,0.18299999833106995
2007-07-23,0.18700000643730166
2007-07-24,0.19599999487400047
2007-07-25,0.193000003695488
2007-07-26,0.18400000035762787
2007-07-27,0.1679999977350235
2007-07-28,0.15299999713897705
2007-07-29,0.14399999380111694
2007-07-30,0.13500000536441806
2007-07-31,0.12700000405311584
2007-08-01,0.12099999934434892
2007-08-02,0.1169999986886978
2007-08-03,0.11400000005960464
2007-08-04,0.11100000143051147
2007-08-05,0.1080000028014183
2007-08-06,0.10199999809265137
2007-08-07,0.0989999994635582
2007-08-08,0.09700000286102296
2007-08-09,0.09600000083446504
2007-08-10,0.09399999678134917
2007-08-11,0.09200000017881392
2007-08-12,0.09000000357627869
2007-08-13,0.09000000357627869
2007-08-14,0.08900000154972076
2007-08-15,0.0860000029206276
2007-08-16,0.08399999886751175
2007-08-17,0.08500000089406967
2007-08-18,0.0860000029206276
2007-08-19,0.08799999952316284
2007-08-20,0.08699999749660492
2007-08-21,0.0860000029206276
2007-08-22,0.08399999886751175
2007-08-23,0.0820000022649765
2007-08-24,0.07900000363588333
2007-08-25,0.07900000363588333
2007-08-26,0.07999999821186066
2007-08-27,0.07699999958276749
2007-08-28,0.07500000298023224
2007-08-29,0.07199999690055847
2007-08-30,0.0689999982714653
2007-08-31,0.06800000369548798
2007-09-01,0.06800000369548798
2007-09-02,0.06700000166893005
2007-09-03,0.06700000166893005
2007-09-04,0.06599999964237213
2007-09-05,0.06499999761581421
2007-09-06,0.06400000303983687
2007-09-07,0.06300000101327896
2007-09-08,0.06300000101327896
2007-09-09,0.06199999898672104
2007-09-10,0.059999998658895486
2007-09-11,0.059000000357627876
2007-09-12,0.05700000002980232
2007-09-13,0.0560000017285347
2007-09-14,0.05700000002980232
2007-09-15,0.05700000002980232
2007-09-16,0.05700000002980232
2007-09-17,0.05700000002980232
2007-09-18,0.05799999833106995
2007-09-19,0.06400000303983687
2007-09-20,0.05799999833106995
2007-09-21,0.06199999898672104
2007-09-22,0.08299999684095383
2007-09-23,0.06700000166893005
2007-09-24,0.061000000685453415
2007-09-25,0.05700000002980232
2007-09-26,0.05400000140070915
2007-09-27,0.05400000140070915
2007-09-28,0.09200000017881392
2007-09-29,0.07999999821186066
2007-09-30,0.09700000286102296
2007-10-01,0.17499999701976776
2007-10-02,0.14800000190734866
2007-10-03,0.16200000047683716
2007-10-04,0.14800000190734866
2007-10-05,0.12600000202655792
2007-10-06,0.10700000077486037
2007-10-07,0.11500000208616255
2007-10-08,0.18000000715255735
2007-10-09,0.13699999451637268
2007-10-10,0.15000000596046448
2007-10-11,0.14399999380111694
2007-10-12,0.12099999934434892
2007-10-13,0.10999999940395357
2007-10-14,0.10499999672174454
2007-10-15,0.10700000077486037
2007-10-16,0.13699999451637268
2007-10-17,0.14399999380111694
2007-10-18,0.1289999932050705
2007-10-19,0.1550000011920929
2007-10-20,0.1459999978542328
2007-10-21,0.1420000046491623
2007-10-22,0.1889999955892563
2007-10-23,0.22300000488758087
2007-10-24,0.24699999392032626
2007-10-25,0.22499999403953552
2007-10-26,0.19699999690055847
2007-10-27,0.18299999833106995
2007-10-28,0.17299999296665192
2007-10-29,0.16699999570846558
2007-10-30,0.1599999964237213
2007-10-31,0.15299999713897705
2007-11-01,0.1459999978542328
2007-11-02,0.1379999965429306
2007-11-03,0.14100000262260434
2007-11-04,0.13899999856948853
2007-11-05,0.13600000739097595
2007-11-06,0.13899999856948853
2007-11-07,0.1599999964237213
2007-11-08,0.16300000250339508
2007-11-09,0.1550000011920929
2007-11-10,0.164000004529953
2007-11-11,0.15700000524520874
2007-11-12,0.1469999998807907
2007-11-13,0.14000000059604645
2007-11-14,0.13199999928474426
2007-11-15,0.13500000536441806
2007-11-16,0.13199999928474426
2007-11-17,0.1340000033378601
2007-11-18,0.13199999928474426
2007-11-19,0.10499999672174454
2007-11-20,0.10199999809265137
2007-11-21,0.10700000077486037
2007-11-22,0.07800000160932541
2007-11-23,0.07500000298023224
2007-11-24,0.07000000029802322
2007-11-25,0.0729999989271164
2007-11-26,0.07500000298023224
2007-11-27,0.07699999958276749
2007-11-28,0.07999999821186066
2007-11-29,0.08399999886751175
2007-11-30,0.08399999886751175
2007-12-01,0.07800000160932541
2007-12-02,0.07999999821186066
2007-12-03,0.0820000022649765
2007-12-04,0.09000000357627869
2007-12-05,0.09600000083446504
2007-12-06,0.0949999988079071
2007-12-07,0.09300000220537186
2007-12-08,0.09000000357627869
2007-12-09,0.08799999952316284
2007-12-10,0.08500000089406967
2007-12-11,0.08799999952316284
2007-12-12,0.09000000357627869
2007-12-13,0.09300000220537186
2007-12-14,0.09399999678134917
2007-12-15,0.09000000357627869
2007-12-16,0.08900000154972076
2007-12-17,0.08900000154972076
2007-12-18,0.09000000357627869
2007-12-19,0.09000000357627869
2007-12-20,0.090999998152256
2007-12-21,0.09000000357627869
2007-12-22,0.08900000154972076
2007-12-23,0.08900000154972076
2007-12-24,0.08799999952316284
2007-12-25,0.08799999952316284
2007-12-26,0.09300000220537186
2007-12-27,0.09399999678134917
2007-12-28,0.0949999988079071
2007-12-29,0.09600000083446504
2007-12-30,0.09700000286102296
2007-12-31,0.09799999743700027
2008-01-01,0.0989999994635582
2008-01-02,0.10000000149011612
2008-01-03,0.10199999809265137
2008-01-04,0.10300000011920928
2008-01-05,0.1040000021457672
2008-01-06,0.1040000021457672
2008-01-07,0.10499999672174454
2008-01-08,0.10599999874830246
2008-01-09,0.10700000077486037
2008-01-10,0.1080000028014183
2008-01-11,0.10499999672174454
2008-01-12,0.10199999809265137
2008-01-13,0.0989999994635582
2008-01-14,0.09600000083446504
2008-01-15,0.09399999678134917
2008-01-16,0.09300000220537186
2008-01-17,0.09200000017881392
2008-01-18,0.09399999678134917
2008-01-19,0.09600000083446504
2008-01-20,0.09399999678134917
2008-01-21,0.0820000022649765
2008-01-22,0.07400000095367433
2008-01-23,0.07999999821186066
2008-01-24,0.08399999886751175
2008-01-25,0.08900000154972076
2008-01-26,0.08900000154972076
2008-01-27,0.08799999952316284
2008-01-28,0.08799999952316284
2008-01-29,0.08799999952316284
2008-01-30,0.08699999749660492
2008-01-31,0.08699999749660492
2008-02-01,0.08699999749660492
2008-02-02,0.0860000029206276
2008-02-03,0.0860000029206276
2008-02-04,0.0860000029206276
2008-02-05,0.08500000089406967
2008-02-06,0.08500000089406967
2008-02-07,0.08399999886751175
2008-02-08,0.08399999886751175
2008-02-09,0.08299999684095383
2008-02-10,0.08299999684095383
2008-02-11,0.08299999684095383
2008-02-12,0.0820000022649765
2008-02-13,0.0820000022649765
2008-02-14,0.0820000022649765
2008-02-15,0.0820000022649765
2008-02-16,0.08100000023841858
2008-02-17,0.07999999821186066
2008-02-18,0.07900000363588333
2008-02-19,0.07800000160932541
2008-02-20,0.07599999755620956
2008-02-21,0.07400000095367433
2008-02-22,0.07699999958276749
2008-02-23,0.07900000363588333
2008-02-24,0.0820000022649765
2008-02-25,0.08500000089406967
2008-02-26,0.0860000029206276
2008-02-27,0.0860000029206276
2008-02-28,0.08699999749660492
2008-02-29,0.08699999749660492
2008-03-01,0.08799999952316284
2008-03-02,0.08900000154972076
2008-03-03,0.090999998152256
2008-03-04,0.09399999678134917
2008-03-05,0.09600000083446504
2008-03-06,0.09399999678134917
2008-03-07,0.09000000357627869
2008-03-08,0.09300000220537186
2008-03-09,0.09600000083446504
2008-03-10,0.09799999743700027
2008-03-11,0.1080000028014183
2008-03-12,0.10499999672174454
2008-03-13,0.1040000021457672
2008-03-14,0.1040000021457672
2008-03-15,0.10499999672174454
2008-03-16,0.10499999672174454
2008-03-17,0.10700000077486037
2008-03-18,0.10499999672174454
2008-03-19,0.1040000021457672
2008-03-20,0.1040000021457672
2008-03-21,0.1040000021457672
2008-03-22,0.10599999874830246
2008-03-23,0.10899999737739564
2008-03-24,0.11299999803304672
2008-03-25,0.11299999803304672
2008-03-26,0.11900000274181365
2008-03-27,0.11800000071525575
2008-03-28,0.1169999986886978
2008-03-29,0.1169999986886978
2008-03-30,0.11599999666213988
2008-03-31,0.11900000274181365
2008-04-01,0.11800000071525575
2008-04-02,0.11800000071525575
2008-04-03,0.11900000274181365
2008-04-04,0.12200000137090684
2008-04-05,0.1289999932050705
2008-04-06,0.13600000739097595
2008-04-07,0.14100000262260434
2008-04-08,0.1449999958276749
2008-04-09,0.15299999713897705
2008-04-10,0.1589999943971634
2008-04-11,0.16300000250339508
2008-04-12,0.1879999935626984
2008-04-13,0.2639999985694885
2008-04-14,0.37299999594688416
2008-04-15,0.33799999952316284
2008-04-16,0.3370000123977661
2008-04-17,0.3880000114440918
2008-04-18,0.4399999976158142
2008-04-19,0.4149999916553497
2008-04-20,0.3889999985694885
2008-04-21,0.37700000405311584
2008-04-22,0.3540000021457672
2008-04-23,0.3479999899864197
2008-04-24,0.33799999952316284
2008-04-25,0.3350000083446503
2008-04-26,0.33399999141693115
2008-04-27,0.3650000095367432
2008-04-28,0.5009999871253967
2008-04-29,0.8659999966621399
2008-04-30,0.8309999704360962
2008-05-01,0.734000027179718
2008-05-02,0.7929999828338623
2008-05-03,0.902999997138977
2008-05-04,1.1200000047683716
2008-05-05,1.7599999904632568
2008-05-06,2.049999952316284
2008-05-07,2.0899999141693115
2008-05-08,1.940000057220459
2008-05-09,1.7000000476837158
2008-05-10,1.7699999809265137
2008-05-11,2.509999990463257
2008-05-12,2.309999942779541
2008-05-13,2.1600000858306885
2008-05-14,2.5999999046325684
2008-05-15,3.0
2008-05-16,4.199999809265137
2008-05-17,4.599999904632568
2008-05-18,4.800000190734863
2008-05-19,5.0
2008-05-20,5.300000190734863
2008-05-21,5.449999809265137
2008-05-22,4.800000190734863
2008-05-23,4.699999809265137
2008-05-24,4.849999904632568
2008-05-25,5.0
2008-05-26,4.800000190734863
2008-05-27,4.599999904632568
2008-05-28,4.699999809265137
2008-05-29,4.400000095367432
2008-05-30,4.0
2008-05-31,3.5999999046325684
2008-06-01,3.400000095367432
2008-06-02,3.0
2008-06-03,2.700000047683716
2008-06-04,3.0
2008-06-05,3.5999999046325684
2008-06-06,3.799999952316284
2008-06-07,3.849999904632568
2008-06-08,3.400000095367432
2008-06-09,3.0
2008-06-10,2.400000095367432
2008-06-11,2.200000047683716
2008-06-12,2.0
2008-06-13,1.7000000476837158
2008-06-14,1.5
2008-06-15,1.2999999523162842
2008-06-16,1.5
2008-06-17,1.2000000476837158
2008-06-18,0.8790000081062317
2008-06-19,0.8000000119209291
2008-06-20,0.7599999904632568
2008-06-21,0.699999988079071
2008-06-22,0.6499999761581421
2008-06-23,0.6000000238418579
2008-06-24,0.550000011920929
2008-06-25,0.5
2008-06-26,0.479999989271164
2008-06-27,0.4600000083446503
2008-06-28,0.4399999976158142
2008-06-29,0.41999998688697815
2008-06-30,0.4000000059604645
2008-07-01,0.3899999856948853
2008-07-02,0.3700000047683716
2008-07-03,0.3499999940395355
2008-07-04,0.3700000047683716
2008-07-05,0.3899999856948853
2008-07-06,0.3799999952316284
2008-07-07,0.36000001430511475
2008-07-08,0.32499998807907104
2008-07-09,0.3149999976158142
2008-07-10,0.3100000023841858
2008-07-11,0.30000001192092896
2008-07-12,0.2899999916553497
2008-07-13,0.2700000107288361
2008-07-14,0.239999994635582
2008-07-15,0.20000000298023224
2008-07-16,0.18000000715255735
2008-07-17,0.1599999964237213
2008-07-18,0.119999997317791
2008-07-19,0.12999999523162842
2008-07-20,0.14000000059604645
2008-07-21,0.12999999523162842
2008-07-22,0.10999999940395357
2008-07-23,0.10000000149011612
2008-07-24,0.10999999940395357
2008-07-25,0.10000000149011612
2008-07-26,0.0949999988079071
2008-07-27,0.09000000357627869
2008-07-28,0.08500000089406967
2008-07-29,0.07999999821186066
2008-07-30,0.08500000089406967
2008-07-31,0.09000000357627869
2008-08-01,0.09000000357627869
2008-08-02,0.090999998152256
2008-08-03,0.08900000154972076
2008-08-04,0.08699999749660492
2008-08-05,0.08500000089406967
2008-08-06,0.0820000022649765
2008-08-07,0.08100000023841858
2008-08-08,0.07999999821186066
2008-08-09,0.08500000089406967
2008-08-10,0.09000000357627869
2008-08-11,0.09200000017881392
2008-08-12,0.090999998152256
2008-08-13,0.09000000357627869
2008-08-14,0.08699999749660492
2008-08-15,0.08500000089406967
2008-08-16,0.08299999684095383
2008-08-17,0.07999999821186066
2008-08-18,0.07800000160932541
2008-08-19,0.07599999755620956
2008-08-20,0.07500000298023224
2008-08-21,0.07599999755620956
2008-08-22,0.07800000160932541
2008-08-23,0.08100000023841858
2008-08-24,0.08399999886751175
2008-08-25,0.08799999952316284
2008-08-26,0.09000000357627869
2008-08-27,0.09300000220537186
2008-08-28,0.0949999988079071
2008-08-29,0.09799999743700027
2008-08-30,0.10100000351667404
2008-08-31,0.10499999672174454
2008-09-01,0.10300000011920928
2008-09-02,0.10100000351667404
2008-09-03,0.09799999743700027
2008-09-04,0.09399999678134917
2008-09-05,0.09300000220537186
2008-09-06,0.09300000220537186
2008-09-07,0.09200000017881392
2008-09-08,0.090999998152256
2008-09-09,0.090999998152256
2008-09-10,0.0860000029206276
2008-09-11,0.08500000089406967
2008-09-12,0.08500000089406967
2008-09-13,0.08500000089406967
2008-09-14,0.08399999886751175
2008-09-15,0.08399999886751175
2008-09-16,0.08399999886751175
2008-09-17,0.08299999684095383
2008-09-18,0.08299999684095383
2008-09-19,0.08299999684095383
2008-09-20,0.08299999684095383
2008-09-21,0.08299999684095383
2008-09-22,0.08299999684095383
2008-09-23,0.08299999684095383
2008-09-24,0.08299999684095383
2008-09-25,0.08299999684095383
2008-09-26,0.08299999684095383
2008-09-27,0.08299999684095383
2008-09-28,0.0820000022649765
2008-09-29,0.0820000022649765
2008-09-30,0.0820000022649765
2008-10-01,0.0820000022649765
2008-10-02,0.0820000022649765
2008-10-03,0.0820000022649765
2008-10-04,0.0820000022649765
2008-10-05,0.0860000029206276
2008-10-06,0.0860000029206276
2008-10-07,0.08799999952316284
2008-10-08,0.08799999952316284
2008-10-09,0.08699999749660492
2008-10-10,0.08699999749660492
2008-10-11,0.0860000029206276
2008-10-12,0.0860000029206276
2008-10-13,0.08699999749660492
2008-10-14,0.10100000351667404
2008-10-15,0.0949999988079071
2008-10-16,0.09300000220537186
2008-10-17,0.09300000220537186
2008-10-18,0.10100000351667404
2008-10-19,0.09600000083446504
2008-10-20,0.09399999678134917
2008-10-21,0.0949999988079071
2008-10-22,0.09300000220537186
2008-10-23,0.090999998152256
2008-10-24,0.09000000357627869
2008-10-25,0.09000000357627869
2008-10-26,0.08900000154972076
2008-10-27,0.08900000154972076
2008-10-28,0.08900000154972076
2008-10-29,0.08900000154972076
2008-10-30,0.08900000154972076
2008-10-31,0.09000000357627869
2008-11-01,0.08900000154972076
2008-11-02,0.09300000220537186
2008-11-03,0.10100000351667404
2008-11-04,0.09700000286102296
2008-11-05,0.09600000083446504
2008-11-06,0.09600000083446504
2008-11-07,0.09600000083446504
2008-11-08,0.10000000149011612
2008-11-09,0.1040000021457672
2008-11-10,0.10499999672174454
2008-11-11,0.1080000028014183
2008-11-12,0.11599999666213988
2008-11-13,0.12099999934434892
2008-11-14,0.10700000077486037
2008-11-15,0.1040000021457672
2008-11-16,0.10499999672174454
2008-11-17,0.10499999672174454
2008-11-18,0.10700000077486037
2008-11-19,0.10599999874830246
2008-11-20,0.10599999874830246
2008-11-21,0.10700000077486037
2008-11-22,0.1040000021457672
2008-11-23,0.10000000149011612
2008-11-24,0.10000000149011612
2008-11-25,0.10100000351667404
2008-11-26,0.10000000149011612
2008-11-27,0.09700000286102296
2008-11-28,0.09600000083446504
2008-11-29,0.09700000286102296
2008-11-30,0.10100000351667404
2008-12-01,0.10199999809265137
2008-12-02,0.10199999809265137
2008-12-03,0.0949999988079071
2008-12-04,0.08500000089406967
2008-12-05,0.09300000220537186
2008-12-06,0.0949999988079071
2008-12-07,0.10000000149011612
2008-12-08,0.0989999994635582
2008-12-09,0.09700000286102296
2008-12-10,0.09700000286102296
2008-12-11,0.09600000083446504
2008-12-12,0.0949999988079071
2008-12-13,0.08500000089406967
2008-12-14,0.07999999821186066
2008-12-15,0.07800000160932541
2008-12-16,0.07000000029802322
2008-12-17,0.06499999761581421
2008-12-18,0.06800000369548798
2008-12-19,0.0689999982714653
2008-12-20,0.07000000029802322
2008-12-21,0.07000000029802322
2008-12-22,0.07000000029802322
2008-12-23,0.07100000232458115
2008-12-24,0.07100000232458115
2008-12-25,0.0689999982714653
2008-12-26,0.06800000369548798
2008-12-27,0.06700000166893005
2008-12-28,0.06499999761581421
2008-12-29,0.06400000303983687
2008-12-30,0.06400000303983687
2008-12-31,0.06300000101327896
2009-01-01,0.061000000685453415
2009-01-02,0.059000000357627876
2009-01-03,0.05700000002980232
2009-01-04,0.05400000140070915
2009-01-05,0.0560000017285347
2009-01-06,0.05700000002980232
2009-01-07,0.05799999833106995
2009-01-08,0.059000000357627876
2009-01-09,0.059999998658895486
2009-01-10,0.061000000685453415
2009-01-11,0.061000000685453415
2009-01-12,0.06199999898672104
2009-01-13,0.06199999898672104
2009-01-14,0.06300000101327896
2009-01-15,0.06300000101327896
2009-01-16,0.06199999898672104
2009-01-17,0.061000000685453415
2009-01-18,0.059999998658895486
2009-01-19,0.059000000357627876
2009-01-20,0.05799999833106995
2009-01-21,0.05799999833106995
2009-01-22,0.05700000002980232
2009-01-23,0.05700000002980232
2009-01-24,0.0560000017285347
2009-01-25,0.0560000017285347
2009-01-26,0.054999999701976776
2009-01-27,0.05400000140070915
2009-01-28,0.054999999701976776
2009-01-29,0.05700000002980232
2009-01-30,0.059999998658895486
2009-01-31,0.06300000101327896
2009-02-01,0.06400000303983687
2009-02-02,0.06400000303983687
2009-02-03,0.06499999761581421
2009-02-04,0.06499999761581421
2009-02-05,0.06599999964237213
2009-02-06,0.06599999964237213
2009-02-07,0.06700000166893005
2009-02-08,0.06700000166893005
2009-02-09,0.06800000369548798
2009-02-10,0.06800000369548798
2009-02-11,0.0689999982714653
2009-02-12,0.0689999982714653
2009-02-13,0.07000000029802322
2009-02-14,0.07000000029802322
2009-02-15,0.07000000029802322
2009-02-16,0.0689999982714653
2009-02-17,0.06800000369548798
2009-02-18,0.06700000166893005
2009-02-19,0.06599999964237213
2009-02-20,0.06499999761581421
2009-02-21,0.06499999761581421
2009-02-22,0.06599999964237213
2009-02-23,0.06800000369548798
2009-02-24,0.07000000029802322
2009-02-25,0.07199999690055847
2009-02-26,0.07000000029802322
2009-02-27,0.0689999982714653
2009-02-28,0.06599999964237213
2009-03-01,0.06800000369548798
2009-03-02,0.07000000029802322
2009-03-03,0.07199999690055847
2009-03-04,0.07500000298023224
2009-03-05,0.07400000095367433
2009-03-06,0.07199999690055847
2009-03-07,0.07100000232458115
2009-03-08,0.07000000029802322
2009-03-09,0.0689999982714653
2009-03-10,0.06800000369548798
2009-03-11,0.0689999982714653
2009-03-12,0.07000000029802322
2009-03-13,0.07199999690055847
2009-03-14,0.07400000095367433
2009-03-15,0.07199999690055847
2009-03-16,0.0729999989271164
2009-03-17,0.07599999755620956
2009-03-18,0.07999999821186066
2009-03-19,0.0860000029206276
2009-03-20,0.09000000357627869
2009-03-21,0.0949999988079071
2009-03-22,0.10000000149011612
2009-03-23,0.1040000021457672
2009-03-24,0.10700000077486037
2009-03-25,0.10899999737739564
2009-03-26,0.10999999940395357
2009-03-27,0.11500000208616255
2009-03-28,0.119999997317791
2009-03-29,0.11500000208616255
2009-03-30,0.1169999986886978
2009-03-31,0.11800000071525575
2009-04-01,0.11800000071525575
2009-04-02,0.11900000274181365
2009-04-03,0.12999999523162842
2009-04-04,0.12800000607967374
2009-04-05,0.125
2009-04-06,0.12999999523162842
2009-04-07,0.1379999965429306
2009-04-08,0.1449999958276749
2009-04-09,0.1850000023841858
2009-04-10,0.22499999403953552
2009-04-11,0.2829999923706055
2009-04-12,0.3370000123977661
2009-04-13,0.3849999904632568
2009-04-14,0.4180000126361847
2009-04-15,0.5130000114440918
2009-04-16,0.6349999904632568
2009-04-17,0.915000021457672
2009-04-18,1.149999976158142
2009-04-19,1.0599999427795408
2009-04-20,1.2599999904632568
2009-04-21,1.75
2009-04-22,2.0199999809265137
2009-04-23,1.830000042915344
2009-04-24,1.600000023841858
2009-04-25,1.4500000476837158
2009-04-26,1.4500000476837158
2009-04-27,1.4500000476837158
2009-04-28,1.3400000333786009
2009-04-29,1.3200000524520874
2009-04-30,1.3400000333786009
2009-05-01,1.4600000381469729
2009-05-02,1.7000000476837158
2009-05-03,2.190000057220459
2009-05-04,2.190000057220459
2009-05-05,2.2100000381469727
2009-05-06,2.150000095367432
2009-05-07,2.740000009536743
2009-05-08,2.8399999141693115
2009-05-09,2.5699999332427983
2009-05-10,2.4600000381469727
2009-05-11,2.650000095367432
2009-05-12,2.490000009536743
2009-05-13,2.2100000381469727
2009-05-14,2.1400001049041752
2009-05-15,2.0
2009-05-16,1.9600000381469729
2009-05-17,2.299999952316284
2009-05-18,2.759999990463257
2009-05-19,2.9500000476837163
2009-05-20,2.4800000190734863
2009-05-21,2.190000057220459
2009-05-22,2.1300001144409184
2009-05-23,2.299999952316284
2009-05-24,2.5999999046325684
2009-05-25,2.630000114440918
2009-05-26,2.8199999332427983
2009-05-27,2.5299999713897705
2009-05-28,2.3299999237060547
2009-05-29,2.390000104904175
2009-05-30,2.5299999713897705
2009-05-31,2.240000009536743
2009-06-01,1.9800000190734863
2009-06-02,1.7999999523162842
2009-06-03,1.6200000047683716
2009-06-04,1.5099999904632568
2009-06-05,1.3899999856948853
2009-06-06,1.2599999904632568
2009-06-07,1.149999976158142
2009-06-08,1.0700000524520874
2009-06-09,0.9769999980926514
2009-06-10,0.9079999923706056
2009-06-11,0.8379999995231628
2009-06-12,0.7850000262260437
2009-06-13,0.7480000257492065
2009-06-14,0.6940000057220459
2009-06-15,0.6809999942779541
2009-06-16,0.6380000114440918
2009-06-17,0.6119999885559082
2009-06-18,0.6209999918937683
2009-06-19,0.5580000281333923
2009-06-20,0.5230000019073486
2009-06-21,0.5130000114440918
2009-06-22,0.5109999775886536
2009-06-23,0.4779999852180481
2009-06-24,0.4620000123977661
2009-06-25,0.4539999961853027
2009-06-26,0.4239999949932098
2009-06-27,0.40400001406669617
2009-06-28,0.3899999856948853
2009-06-29,0.3740000128746033
2009-06-30,0.35499998927116394
2009-07-01,0.3389999866485596
2009-07-02,0.32499998807907104
2009-07-03,0.3070000112056732
2009-07-04,0.289000004529953
2009-07-05,0.2809999883174896
2009-07-06,0.3619999885559082
2009-07-07,0.3759999871253967
2009-07-08,0.3350000083446503
2009-07-09,0.3059999942779541
2009-07-10,0.2919999957084656
2009-07-11,0.26499998569488525
2009-07-12,0.2460000067949295
2009-07-13,0.23100000619888306
2009-07-14,0.2240000069141388
2009-07-15,0.18000000715255735
2009-07-16,0.17000000178813934
2009-07-17,0.1449999958276749
2009-07-18,0.12999999523162842
2009-07-19,0.10999999940395357
2009-07-20,0.1040000021457672
2009-07-21,0.11800000071525575
2009-07-22,0.125
2009-07-23,0.1599999964237213
2009-07-24,0.1379999965429306
2009-07-25,0.119999997317791
2009-07-26,0.10000000149011612
2009-07-27,0.08500000089406967
2009-07-28,0.07000000029802322
2009-07-29,0.059999998658895486
2009-07-30,0.05400000140070915
2009-07-31,0.05000000074505806
2009-08-01,0.04800000041723251
2009-08-02,0.045000001788139336
2009-08-03,0.03999999910593033
2009-08-04,0.03799999877810478
2009-08-05,0.03799999877810478
2009-08-06,0.039000000804662704
2009-08-07,0.03999999910593033
2009-08-08,0.054999999701976776
2009-08-09,0.07000000029802322
2009-08-10,0.07999999821186066
2009-08-11,0.10999999940395357
2009-08-12,0.1599999964237213
2009-08-13,0.12999999523162842
2009-08-14,0.10000000149011612
2009-08-15,0.09000000357627869
2009-08-16,0.08500000089406967
2009-08-17,0.07999999821186066
2009-08-18,0.07500000298023224
2009-08-19,0.07000000029802322
2009-08-20,0.059999998658895486
2009-08-21,0.02800000086426735
2009-08-22,0.026000000536441803
2009-08-23,0.02199999988079071
2009-08-24,0.024000000208616257
2009-08-25,0.02500000037252903
2009-08-26,0.026000000536441803
2009-08-27,0.027000000700354576
2009-08-28,0.028999999165534977
2009-08-29,0.03099999949336052
2009-08-30,0.032000001519918435
2009-08-31,0.03400000184774399
2009-09-01,0.035999998450279236
2009-09-02,0.0430000014603138
2009-09-03,0.03999999910593033
2009-09-04,0.04100000113248825
2009-09-05,0.10999999940395357
2009-09-06,0.10000000149011612
2009-09-07,0.09300000220537186
2009-09-08,0.0860000029206276
2009-09-09,0.07900000363588333
2009-09-10,0.07800000160932541
2009-09-11,0.07500000298023224
2009-09-12,0.07199999690055847
2009-09-13,0.0689999982714653
2009-09-14,0.06499999761581421
2009-09-15,0.059999998658895486
2009-09-16,0.059000000357627876
2009-09-17,0.05799999833106995
2009-09-18,0.05700000002980232
2009-09-19,0.0560000017285347
2009-09-20,0.05400000140070915
2009-09-21,0.052000001072883606
2009-09-22,0.05400000140070915
2009-09-23,0.050999999046325684
2009-09-24,0.04600000008940697
2009-09-25,0.035999998450279236
2009-09-26,0.03500000014901161
2009-09-27,0.03400000184774399
2009-09-28,0.032999999821186066
2009-09-29,0.027000000700354576
2009-09-30,0.02500000037252903
2009-10-01,0.02800000086426735
2009-10-02,0.03500000014901161
2009-10-03,0.03799999877810478
2009-10-04,0.03700000047683717
2009-10-05,0.03500000014901161
2009-10-06,0.03400000184774399
2009-10-07,0.032999999821186066
2009-10-08,0.032000001519918435
2009-10-09,0.029999999329447743
2009-10-10,0.028999999165534977
2009-10-11,0.028999999165534977
2009-10-12,0.02800000086426735
2009-10-13,0.029999999329447743
2009-10-14,0.032999999821186066
2009-10-15,0.02800000086426735
2009-10-16,0.029999999329447743
2009-10-17,0.164000004529953
2009-10-18,0.19200000166893005
2009-10-19,0.11800000071525575
2009-10-20,0.08799999952316284
2009-10-21,0.0989999994635582
2009-10-22,0.11599999666213988
2009-10-23,0.15299999713897705
2009-10-24,0.17299999296665192
2009-10-25,0.1430000066757202
2009-10-26,0.1899999976158142
2009-10-27,0.14900000393390656
2009-10-28,0.11800000071525575
2009-10-29,0.10700000077486037
2009-10-30,0.10700000077486037
2009-10-31,0.13500000536441806
2009-11-01,0.13699999451637268
2009-11-02,0.1169999986886978
2009-11-03,0.11100000143051147
2009-11-04,0.10700000077486037
2009-11-05,0.10199999809265137
2009-11-06,0.10000000149011612
2009-11-07,0.09799999743700027
2009-11-08,0.09600000083446504
2009-11-09,0.09399999678134917
2009-11-10,0.09300000220537186
2009-11-11,0.09300000220537186
2009-11-12,0.08900000154972076
2009-11-13,0.0820000022649765
2009-11-14,0.0860000029206276
2009-11-15,0.08900000154972076
2009-11-16,0.08500000089406967
2009-11-17,0.08399999886751175
2009-11-18,0.08500000089406967
2009-11-19,0.08500000089406967
2009-11-20,0.090999998152256
2009-11-21,0.0949999988079071
2009-11-22,0.08900000154972076
2009-11-23,0.08900000154972076
2009-11-24,0.090999998152256
2009-11-25,0.09200000017881392
2009-11-26,0.10000000149011612
2009-11-27,0.09700000286102296
2009-11-28,0.09799999743700027
2009-11-29,0.10100000351667404
2009-11-30,0.10300000011920928
2009-12-01,0.08299999684095383
2009-12-02,0.07000000029802322
2009-12-03,0.03999999910593033
2009-12-04,0.032000001519918435
2009-12-05,0.03799999877810478
2009-12-06,0.039000000804662704
2009-12-07,0.03799999877810478
2009-12-08,0.03700000047683717
2009-12-09,0.035999998450279236
2009-12-10,0.035999998450279236
2009-12-11,0.03799999877810478
2009-12-12,0.03700000047683717
2009-12-13,0.035999998450279236
2009-12-14,0.03500000014901161
2009-12-15,0.03400000184774399
2009-12-16,0.03400000184774399
2009-12-17,0.032999999821186066
2009-12-18,0.032999999821186066
2009-12-19,0.03400000184774399
2009-12-20,0.03400000184774399
2009-12-21,0.03400000184774399
2009-12-22,0.03400000184774399
2009-12-23,0.03400000184774399
2009-12-24,0.03400000184774399
2009-12-25,0.03400000184774399
2009-12-26,0.032999999821186066
2009-12-27,0.032999999821186066
2009-12-28,0.032000001519918435
2009-12-29,0.032000001519918435
2009-12-30,0.032000001519918435
2009-12-31,0.032000001519918435
2010-01-01,0.032000001519918435
2010-01-02,0.032000001519918435
2010-01-03,0.03099999949336052
2010-01-04,0.03099999949336052
2010-01-05,0.03099999949336052
2010-01-06,0.029999999329447743
2010-01-07,0.029999999329447743
2010-01-08,0.029999999329447743
2010-01-09,0.03099999949336052
2010-01-10,0.03099999949336052
2010-01-11,0.032000001519918435
2010-01-12,0.032999999821186066
2010-01-13,0.032000001519918435
2010-01-14,0.032000001519918435
2010-01-15,0.03099999949336052
2010-01-16,0.03099999949336052
2010-01-17,0.029999999329447743
2010-01-18,0.029999999329447743
2010-01-19,0.029999999329447743
2010-01-20,0.029999999329447743
2010-01-21,0.028999999165534977
2010-01-22,0.029999999329447743
2010-01-23,0.029999999329447743
2010-01-24,0.029999999329447743
2010-01-25,0.03099999949336052
2010-01-26,0.03099999949336052
2010-01-27,0.03099999949336052
2010-01-28,0.032000001519918435
2010-01-29,0.032000001519918435
2010-01-30,0.032000001519918435
2010-01-31,0.032999999821186066
2010-02-01,0.03400000184774399
2010-02-02,0.03500000014901161
2010-02-03,0.035999998450279236
2010-02-04,0.03700000047683717
2010-02-05,0.03700000047683717
2010-02-06,0.03799999877810478
2010-02-07,0.039000000804662704
2010-02-08,0.03999999910593033
2010-02-09,0.04199999943375588
2010-02-10,0.04399999976158142
2010-02-11,0.045000001788139336
2010-02-12,0.045000001788139336
2010-02-13,0.045000001788139336
2010-02-14,0.045000001788139336
2010-02-15,0.0430000014603138
2010-02-16,0.03999999910593033
2010-02-17,0.03799999877810478
2010-02-18,0.03700000047683717
2010-02-19,0.03700000047683717
2010-02-20,0.03799999877810478
2010-02-21,0.03799999877810478
2010-02-22,0.03700000047683717
2010-02-23,0.03700000047683717
2010-02-24,0.035999998450279236
2010-02-25,0.035999998450279236
2010-02-26,0.03799999877810478
2010-02-27,0.04100000113248825
2010-02-28,0.04399999976158142
2010-03-01,0.04899999871850014
2010-03-02,0.05000000074505806
2010-03-03,0.05000000074505806
2010-03-04,0.050999999046325684
2010-03-05,0.050999999046325684
2010-03-06,0.050999999046325684
2010-03-07,0.052000001072883606
2010-03-08,0.05299999937415123
2010-03-09,0.054999999701976776
2010-03-10,0.0560000017285347
2010-03-11,0.0560000017285347
2010-03-12,0.0560000017285347
2010-03-13,0.0560000017285347
2010-03-14,0.05799999833106995
2010-03-15,0.059999998658895486
2010-03-16,0.06199999898672104
2010-03-17,0.06400000303983687
2010-03-18,0.06599999964237213
2010-03-19,0.06599999964237213
2010-03-20,0.06700000166893005
2010-03-21,0.06700000166893005
2010-03-22,0.06800000369548798
2010-03-23,0.0689999982714653
2010-03-24,0.07199999690055847
2010-03-25,0.0729999989271164
2010-03-26,0.07500000298023224
2010-03-27,0.07800000160932541
2010-03-28,0.0820000022649765
2010-03-29,0.08699999749660492
2010-03-30,0.09399999678134917
2010-03-31,0.0989999994635582
2010-04-01,0.10100000351667404
2010-04-02,0.10300000011920928
2010-04-03,0.09799999743700027
2010-04-04,0.10000000149011612
2010-04-05,0.10899999737739564
2010-04-06,0.11800000071525575
2010-04-07,0.119999997317791
2010-04-08,0.125
2010-04-09,0.12700000405311584
2010-04-10,0.1340000033378601
2010-04-11,0.15000000596046448
2010-04-12,0.17800000309944153
2010-04-13,0.210999995470047
2010-04-14,0.26100000739097595
2010-04-15,0.3400000035762787
2010-04-16,0.4889999926090241
2010-04-17,0.7450000047683716
2010-04-18,0.9259999990463256
2010-04-19,0.9629999995231628
2010-04-20,1.149999976158142
2010-04-21,1.309999942779541
2010-04-22,1.3400000333786009
2010-04-23,1.2000000476837158
2010-04-24,1.1100000143051147
2010-04-25,1.0299999713897705
2010-04-26,1.0099999904632568
2010-04-27,1.0599999427795408
2010-04-28,1.0700000524520874
2010-04-29,1.0700000524520874
2010-04-30,1.0800000429153442
2010-05-01,1.0800000429153442
2010-05-02,1.0399999618530271
2010-05-03,1.0299999713897705
2010-05-04,0.9980000257492064
2010-05-05,0.9539999961853028
2010-05-06,0.9449999928474426
2010-05-07,0.9240000247955322
2010-05-08,0.8980000019073486
2010-05-09,0.8790000081062317
2010-05-10,0.8659999966621399
2010-05-11,0.871999979019165
2010-05-12,0.9100000262260436
2010-05-13,0.9739999771118164
2010-05-14,1.0499999523162842
2010-05-15,1.1699999570846558
2010-05-16,1.2300000190734863
2010-05-17,1.4900000095367432
2010-05-18,1.8400000333786009
2010-05-19,1.6299999952316284
2010-05-20,1.4900000095367432
2010-05-21,1.2599999904632568
2010-05-22,1.1399999856948853
2010-05-23,1.0599999427795408
2010-05-24,0.9959999918937684
2010-05-25,0.9610000252723694
2010-05-26,0.9430000185966492
2010-05-27,0.9660000205039978
2010-05-28,0.9559999704360962
2010-05-29,0.962000012397766
2010-05-30,1.0
2010-05-31,0.962000012397766
2010-06-01,0.9559999704360962
2010-06-02,0.9819999933242798
2010-06-03,1.1299999952316284
2010-06-04,0.9929999709129332
2010-06-05,0.9800000190734864
2010-06-06,0.9169999957084656
2010-06-07,0.8790000081062317
2010-06-08,0.8479999899864197
2010-06-09,0.8479999899864197
2010-06-10,0.8280000090599059
2010-06-11,0.8240000009536743
2010-06-12,0.7720000147819519
2010-06-13,0.7350000143051147
2010-06-14,0.7020000219345093
2010-06-15,0.6809999942779541
2010-06-16,0.6660000085830688
2010-06-17,0.6570000052452087
2010-06-18,0.6179999709129333
2010-06-19,0.593999981880188
2010-06-20,0.5669999718666077
2010-06-21,0.5410000085830688
2010-06-22,0.5199999809265137
2010-06-23,0.5059999823570251
2010-06-24,0.5019999742507935
2010-06-25,0.4679999947547913
2010-06-26,0.4410000145435333
2010-06-27,0.4239999949932098
2010-06-28,0.4169999957084656
2010-06-29,0.4099999964237213
2010-06-30,0.3930000066757202
2010-07-01,0.37299999594688416
2010-07-02,0.3650000095367432
2010-07-03,0.3449999988079071
2010-07-04,0.335999995470047
2010-07-05,0.3610000014305115
2010-07-06,0.3240000009536743
2010-07-07,0.30399999022483826
2010-07-08,0.2879999876022339
2010-07-09,0.27300000190734863
2010-07-10,0.25999999046325684
2010-07-11,0.25
2010-07-12,0.2450000047683716
2010-07-13,0.2639999985694885
2010-07-14,0.2549999952316284
2010-07-15,0.23499999940395355
2010-07-16,0.2179999947547913
2010-07-17,0.2070000022649765
2010-07-18,0.20100000500679016
2010-07-19,0.1889999955892563
2010-07-20,0.18400000035762787
2010-07-21,0.17800000309944153
2010-07-22,0.2169999927282333
2010-07-23,0.2169999927282333
2010-07-24,0.1889999955892563
2010-07-25,0.17399999499320984
2010-07-26,0.16099999845027926
2010-07-27,0.15000000596046448
2010-07-28,0.1420000046491623
2010-07-29,0.13199999928474426
2010-07-30,0.12300000339746475
2010-07-31,0.11500000208616255
2010-08-01,0.10899999737739564
2010-08-02,0.10300000011920928
2010-08-03,0.10300000011920928
2010-08-04,0.09700000286102296
2010-08-05,0.08900000154972076
2010-08-06,0.08399999886751175
2010-08-07,0.07900000363588333
2010-08-08,0.07500000298023224
2010-08-09,0.07900000363588333
2010-08-10,0.13099999725818634
2010-08-11,0.11100000143051147
2010-08-12,0.090999998152256
2010-08-13,0.07800000160932541
2010-08-14,0.07199999690055847
2010-08-15,0.06400000303983687
2010-08-16,0.054999999701976776
2010-08-17,0.052000001072883606
2010-08-18,0.04899999871850014
2010-08-19,0.04699999839067458
2010-08-20,0.04399999976158142
2010-08-21,0.0430000014603138
2010-08-22,0.04199999943375588
2010-08-23,0.04100000113248825
2010-08-24,0.03999999910593033
2010-08-25,0.03700000047683717
2010-08-26,0.03700000047683717
2010-08-27,0.052000001072883606
2010-08-28,0.052000001072883606
2010-08-29,0.04800000041723251
2010-08-30,0.05000000074505806
2010-08-31,0.05799999833106995
2010-09-01,0.10700000077486037
2010-09-02,0.07400000095367433
2010-09-03,0.05700000002980232
2010-09-04,0.05299999937415123
2010-09-05,0.05400000140070915
2010-09-06,0.054999999701976776
2010-09-07,0.05799999833106995
2010-09-08,0.06800000369548798
2010-09-09,0.08399999886751175
2010-09-10,0.06599999964237213
2010-09-11,0.05400000140070915
2010-09-12,0.07900000363588333
2010-09-13,0.1330000013113022
2010-09-14,0.10499999672174454
2010-09-15,0.0860000029206276
2010-09-16,0.08799999952316284
2010-09-17,0.07900000363588333
2010-09-18,0.09000000357627869
2010-09-19,0.193000003695488
2010-09-20,0.19599999487400047
2010-09-21,0.15000000596046448
2010-09-22,0.12099999934434892
2010-09-23,0.10499999672174454
2010-09-24,0.1169999986886978
2010-09-25,0.11100000143051147
2010-09-26,0.0949999988079071
2010-09-27,0.09000000357627869
2010-09-28,0.10300000011920928
2010-09-29,0.10700000077486037
2010-09-30,0.08799999952316284
2010-10-01,0.0820000022649765
2010-10-02,0.07599999755620956
2010-10-03,0.07000000029802322
2010-10-04,0.0689999982714653
2010-10-05,0.06800000369548798
2010-10-06,0.06700000166893005
2010-10-07,0.06700000166893005
2010-10-08,0.06700000166893005
2010-10-09,0.07199999690055847
2010-10-10,0.08699999749660492
2010-10-11,0.08500000089406967
2010-10-12,0.07599999755620956
2010-10-13,0.07000000029802322
2010-10-14,0.06700000166893005
2010-10-15,0.06800000369548798
2010-10-16,0.07000000029802322
2010-10-17,0.06800000369548798
2010-10-18,0.06499999761581421
2010-10-19,0.06400000303983687
2010-10-20,0.06199999898672104
2010-10-21,0.061000000685453415
2010-10-22,0.06199999898672104
2010-10-23,0.06400000303983687
2010-10-24,0.07400000095367433
2010-10-25,0.08100000023841858
2010-10-26,0.0820000022649765
2010-10-27,0.07599999755620956
2010-10-28,0.07599999755620956
2010-10-29,0.0820000022649765
2010-10-30,0.08100000023841858
2010-10-31,0.07999999821186066
2010-11-01,0.07800000160932541
2010-11-02,0.07599999755620956
2010-11-03,0.07599999755620956
2010-11-04,0.07800000160932541
2010-11-05,0.08100000023841858
2010-11-06,0.08399999886751175
2010-11-07,0.0860000029206276
2010-11-08,0.08399999886751175
2010-11-09,0.08100000023841858
2010-11-10,0.07800000160932541
2010-11-11,0.07800000160932541
2010-11-12,0.07699999958276749
2010-11-13,0.07699999958276749
2010-11-14,0.07800000160932541
2010-11-15,0.07900000363588333
2010-11-16,0.08299999684095383
2010-11-17,0.0949999988079071
2010-11-18,0.09799999743700027
2010-11-19,0.08500000089406967
2010-11-20,0.07699999958276749
2010-11-21,0.07500000298023224
2010-11-22,0.07199999690055847
2010-11-23,0.07000000029802322
2010-11-24,0.06499999761581421
2010-11-25,0.06300000101327896
2010-11-26,0.06300000101327896
2010-11-27,0.06199999898672104
2010-11-28,0.06199999898672104
2010-11-29,0.06199999898672104
2010-11-30,0.06300000101327896
2010-12-01,0.06400000303983687
2010-12-02,0.06400000303983687
2010-12-03,0.06599999964237213
2010-12-04,0.0689999982714653
2010-12-05,0.0729999989271164
2010-12-06,0.07400000095367433
2010-12-07,0.07400000095367433
2010-12-08,0.07500000298023224
2010-12-09,0.07599999755620956
2010-12-10,0.07500000298023224
2010-12-11,0.07500000298023224
2010-12-12,0.07400000095367433
2010-12-13,0.07400000095367433
2010-12-14,0.07500000298023224
2010-12-15,0.07599999755620956
2010-12-16,0.07100000232458115
2010-12-17,0.07000000029802322
2010-12-18,0.0689999982714653
2010-12-19,0.06800000369548798
2010-12-20,0.06800000369548798
2010-12-21,0.06800000369548798
2010-12-22,0.0689999982714653
2010-12-23,0.07199999690055847
2010-12-24,0.07100000232458115
2010-12-25,0.07000000029802322
2010-12-26,0.0689999982714653
2010-12-27,0.06800000369548798
2010-12-28,0.06800000369548798
2010-12-29,0.06700000166893005
2010-12-30,0.06700000166893005
2010-12-31,0.06700000166893005
2011-01-01,0.06700000166893005
2011-01-02,0.06700000166893005
2011-01-03,0.06700000166893005
2011-01-04,0.06700000166893005
2011-01-05,0.06700000166893005
2011-01-06,0.06700000166893005
2011-01-07,0.06700000166893005
2011-01-08,0.06700000166893005
2011-01-09,0.06599999964237213
2011-01-10,0.06599999964237213
2011-01-11,0.06599999964237213
2011-01-12,0.06599999964237213
2011-01-13,0.06499999761581421
2011-01-14,0.06499999761581421
2011-01-15,0.06499999761581421
2011-01-16,0.06400000303983687
2011-01-17,0.06400000303983687
2011-01-18,0.06300000101327896
2011-01-19,0.06300000101327896
2011-01-20,0.06300000101327896
2011-01-21,0.06300000101327896
2011-01-22,0.06199999898672104
2011-01-23,0.06199999898672104
2011-01-24,0.06199999898672104
2011-01-25,0.061000000685453415
2011-01-26,0.061000000685453415
2011-01-27,0.061000000685453415
2011-01-28,0.061000000685453415
2011-01-29,0.059999998658895486
2011-01-30,0.059999998658895486
2011-01-31,0.059999998658895486
2011-02-01,0.059999998658895486
2011-02-02,0.059999998658895486
2011-02-03,0.059999998658895486
2011-02-04,0.059000000357627876
2011-02-05,0.059000000357627876
2011-02-06,0.059000000357627876
2011-02-07,0.059000000357627876
2011-02-08,0.059000000357627876
2011-02-09,0.059000000357627876
2011-02-10,0.059000000357627876
2011-02-11,0.059000000357627876
2011-02-12,0.059000000357627876
2011-02-13,0.059000000357627876
2011-02-14,0.059999998658895486
2011-02-15,0.059999998658895486
2011-02-16,0.059999998658895486
2011-02-17,0.059999998658895486
2011-02-18,0.059999998658895486
2011-02-19,0.059999998658895486
2011-02-20,0.059999998658895486
2011-02-21,0.059999998658895486
2011-02-22,0.059999998658895486
2011-02-23,0.059999998658895486
2011-02-24,0.059999998658895486
2011-02-25,0.059999998658895486
2011-02-26,0.059999998658895486
2011-02-27,0.061000000685453415
2011-02-28,0.061000000685453415
2011-03-01,0.061000000685453415
2011-03-02,0.061000000685453415
2011-03-03,0.061000000685453415
2011-03-04,0.061000000685453415
2011-03-05,0.061000000685453415
2011-03-06,0.061000000685453415
2011-03-07,0.06199999898672104
2011-03-08,0.06199999898672104
2011-03-09,0.06499999761581421
2011-03-10,0.06700000166893005
2011-03-11,0.0689999982714653
2011-03-12,0.07199999690055847
2011-03-13,0.07400000095367433
2011-03-14,0.07699999958276749
2011-03-15,0.07999999821186066
2011-03-16,0.08299999684095383
2011-03-17,0.0860000029206276
2011-03-18,0.08900000154972076
2011-03-19,0.09200000017881392
2011-03-20,0.0949999988079071
2011-03-21,0.0989999994635582
2011-03-22,0.10199999809265137
2011-03-23,0.10599999874830246
2011-03-24,0.10999999940395357
2011-03-25,0.11400000005960464
2011-03-26,0.11800000071525575
2011-03-27,0.12200000137090684
2011-03-28,0.12700000405311584
2011-03-29,0.12999999523162842
2011-03-30,0.16599999368190765
2011-03-31,0.2849999964237213
2011-04-01,0.4399999976158142
2011-04-02,0.4289999902248383
2011-04-03,0.38199999928474426
2011-04-04,0.3630000054836273
2011-04-05,0.3779999911785126
2011-04-06,0.4860000014305115
2011-04-07,0.5339999794960022
2011-04-08,0.5189999938011169
2011-04-09,0.5159999728202821
2011-04-10,0.4869999885559082
2011-04-11,0.5270000100135803
2011-04-12,0.574999988079071
2011-04-13,0.5609999895095825
2011-04-14,0.597000002861023
2011-04-15,0.6230000257492065
2011-04-16,0.6269999742507935
2011-04-17,0.6629999876022339
2011-04-18,0.6389999985694885
2011-04-19,0.6209999918937683
2011-04-20,0.5839999914169312
2011-04-21,0.5600000023841858
2011-04-22,0.5820000171661377
2011-04-23,0.6039999723434448
2011-04-24,0.6190000176429749
2011-04-25,0.8370000123977661
2011-04-26,0.9279999732971193
2011-04-27,0.9639999866485596
2011-04-28,0.9449999928474426
2011-04-29,0.8889999985694885
2011-04-30,0.8769999742507935
2011-05-01,0.930999994277954
2011-05-02,0.9860000014305116
2011-05-03,1.0800000429153442
2011-05-04,1.2000000476837158
2011-05-05,1.3899999856948853
2011-05-06,1.5499999523162842
2011-05-07,1.9700000286102293
2011-05-08,2.1400001049041752
2011-05-09,2.0799999237060547
2011-05-10,2.1600000858306885
2011-05-11,2.4100000858306885
2011-05-12,2.880000114440918
2011-05-13,2.640000104904175
2011-05-14,2.900000095367432
2011-05-15,3.119999885559082
2011-05-16,3.5199999809265137
2011-05-17,2.990000009536743
2011-05-18,2.4600000381469727
2011-05-19,2.450000047683716
2011-05-20,2.809999942779541
2011-05-21,3.1600000858306885
2011-05-22,3.5399999618530287
2011-05-23,3.4800000190734863
2011-05-24,3.380000114440918
2011-05-25,3.5199999809265137
2011-05-26,4.369999885559082
2011-05-27,3.869999885559082
2011-05-28,3.5
2011-05-29,3.150000095367432
2011-05-30,3.109999895095825
2011-05-31,3.119999885559082
2011-06-01,3.109999895095825
2011-06-02,3.049999952316284
2011-06-03,2.799999952316284
2011-06-04,2.759999990463257
2011-06-05,2.859999895095825
2011-06-06,2.9200000762939453
2011-06-07,2.9300000667572017
2011-06-08,2.970000028610228
2011-06-09,2.390000104904175
2011-06-10,2.150000095367432
2011-06-11,1.9600000381469729
2011-06-12,1.7599999904632568
2011-06-13,1.6100000143051147
2011-06-14,1.5700000524520874
2011-06-15,1.4700000286102295
2011-06-16,1.350000023841858
2011-06-17,1.2899999618530271
2011-06-18,1.2699999809265137
2011-06-19,1.1799999475479126
2011-06-20,1.1100000143051147
2011-06-21,1.0399999618530271
2011-06-22,0.977999985218048
2011-06-23,0.9739999771118164
2011-06-24,0.9390000104904176
2011-06-25,0.875
2011-06-26,0.8299999833106995
2011-06-27,0.7929999828338623
2011-06-28,0.7630000114440918
2011-06-29,0.7260000109672546
2011-06-30,0.6859999895095825
2011-07-01,0.6639999747276306
2011-07-02,0.6449999809265137
2011-07-03,0.6079999804496765
2011-07-04,0.578000009059906
2011-07-05,0.5540000200271606
2011-07-06,0.5249999761581421
2011-07-07,0.4959999918937683
2011-07-08,0.5040000081062317
2011-07-09,0.4779999852180481
2011-07-10,0.4490000009536743
2011-07-11,0.4239999949932098
2011-07-12,0.4569999873638153
2011-07-13,0.4970000088214874
2011-07-14,0.4560000002384186
2011-07-15,0.4729999899864197
2011-07-16,0.5180000066757202
2011-07-17,0.6510000228881836
2011-07-18,0.5540000200271606
2011-07-19,0.5690000057220459
2011-07-20,0.5960000157356262
2011-07-21,0.6000000238418579
2011-07-22,0.527999997138977
2011-07-23,0.4819999933242798
2011-07-24,0.4510000050067902
2011-07-25,0.4320000112056732
2011-07-26,0.4309999942779541
2011-07-27,0.4289999902248383
2011-07-28,0.39899998903274536
2011-07-29,0.37700000405311584
2011-07-30,0.35600000619888306
2011-07-31,0.3370000123977661
2011-08-01,0.3230000138282776
2011-08-02,0.3059999942779541
2011-08-03,0.2930000126361847
2011-08-04,0.27399998903274536
2011-08-05,0.2529999911785126
2011-08-06,0.2409999966621399
2011-08-07,0.23100000619888306
2011-08-08,0.2240000069141388
2011-08-09,0.2119999974966049
2011-08-10,0.2150000035762787
2011-08-11,0.30399999022483826
2011-08-12,0.239999994635582
2011-08-13,0.2169999927282333
2011-08-14,0.20200000703334808
2011-08-15,0.19699999690055847
2011-08-16,0.1899999976158142
2011-08-17,0.181999996304512
2011-08-18,0.1770000010728836
2011-08-19,0.17000000178813934
2011-08-20,0.16200000047683716
2011-08-21,0.15600000321865082
2011-08-22,0.15399999916553495
2011-08-23,0.1599999964237213
2011-08-24,0.1509999930858612
2011-08-25,0.13899999856948853
2011-08-26,0.13500000536441806
2011-08-27,0.1289999932050705
2011-08-28,0.11900000274181365
2011-08-29,0.11599999666213988
2011-08-30,0.11100000143051147
2011-08-31,0.10999999940395357
2011-09-01,0.1080000028014183
2011-09-02,0.10700000077486037
2011-09-03,0.10100000351667404
2011-09-04,0.09700000286102296
2011-09-05,0.090999998152256
2011-09-06,0.08399999886751175
2011-09-07,0.0820000022649765
2011-09-08,0.07599999755620956
2011-09-09,0.07599999755620956
2011-09-10,0.07199999690055847
2011-09-11,0.07100000232458115
2011-09-12,0.06700000166893005
2011-09-13,0.06800000369548798
2011-09-14,0.06499999761581421
2011-09-15,0.06400000303983687
2011-09-16,0.06499999761581421
2011-09-17,0.06199999898672104
2011-09-18,0.06599999964237213
2011-09-19,0.07900000363588333
2011-09-20,0.06800000369548798
2011-09-21,0.06199999898672104
2011-09-22,0.05700000002980232
2011-09-23,0.05299999937415123
2011-09-24,0.05000000074505806
2011-09-25,0.050999999046325684
2011-09-26,0.05700000002980232
2011-09-27,0.06599999964237213
2011-09-28,0.0560000017285347
2011-09-29,0.05299999937415123
2011-09-30,0.05000000074505806
2011-10-01,0.08500000089406967
2011-10-02,0.1289999932050705
2011-10-03,0.08399999886751175
2011-10-04,0.125
2011-10-05,0.10899999737739564
2011-10-06,0.10199999809265137
2011-10-07,0.08799999952316284
2011-10-08,0.0820000022649765
2011-10-09,0.07599999755620956
2011-10-10,0.08500000089406967
2011-10-11,0.13099999725818634
2011-10-12,0.10700000077486037
2011-10-13,0.09600000083446504
2011-10-14,0.08799999952316284
2011-10-15,0.08299999684095383
2011-10-16,0.0820000022649765
2011-10-17,0.07900000363588333
2011-10-18,0.07699999958276749
2011-10-19,0.07400000095367433
2011-10-20,0.08399999886751175
2011-10-21,0.08100000023841858
2011-10-22,0.08699999749660492
2011-10-23,0.09000000357627869
2011-10-24,0.08399999886751175
2011-10-25,0.08399999886751175
2011-10-26,0.08299999684095383
2011-10-27,0.08399999886751175
2011-10-28,0.08399999886751175
2011-10-29,0.09200000017881392
2011-10-30,0.08900000154972076
2011-10-31,0.10100000351667404
2011-11-01,0.090999998152256
2011-11-02,0.08500000089406967
2011-11-03,0.08299999684095383
2011-11-04,0.08299999684095383
2011-11-05,0.07000000029802322
2011-11-06,0.059999998658895486
2011-11-07,0.05299999937415123
2011-11-08,0.05799999833106995
2011-11-09,0.06599999964237213
2011-11-10,0.06499999761581421
2011-11-11,0.06700000166893005
2011-11-12,0.06800000369548798
2011-11-13,0.06700000166893005
2011-11-14,0.06700000166893005
2011-11-15,0.050999999046325684
2011-11-16,0.04699999839067458
2011-11-17,0.05000000074505806
2011-11-18,0.04699999839067458
2011-11-19,0.045000001788139336
2011-11-20,0.04399999976158142
2011-11-21,0.0430000014603138
2011-11-22,0.0430000014603138
2011-11-23,0.0560000017285347
2011-11-24,0.06700000166893005
2011-11-25,0.06199999898672104
2011-11-26,0.059000000357627876
2011-11-27,0.059999998658895486
2011-11-28,0.059000000357627876
2011-11-29,0.06300000101327896
2011-11-30,0.061000000685453415
2011-12-01,0.05400000140070915
2011-12-02,0.052000001072883606
2011-12-03,0.050999999046325684
2011-12-04,0.04899999871850014
2011-12-05,0.04800000041723251
2011-12-06,0.04600000008940697
2011-12-07,0.045000001788139336
2011-12-08,0.0430000014603138
2011-12-09,0.04100000113248825
2011-12-10,0.039000000804662704
2011-12-11,0.03799999877810478
2011-12-12,0.03700000047683717
2011-12-13,0.035999998450279236
2011-12-14,0.035999998450279236
2011-12-15,0.03700000047683717
2011-12-16,0.03799999877810478
2011-12-17,0.03999999910593033
2011-12-18,0.04100000113248825
2011-12-19,0.0430000014603138
2011-12-20,0.04399999976158142
2011-12-21,0.045000001788139336
2011-12-22,0.045000001788139336
2011-12-23,0.04399999976158142
2011-12-24,0.0430000014603138
2011-12-25,0.04199999943375588
2011-12-26,0.04199999943375588
2011-12-27,0.04199999943375588
2011-12-28,0.0430000014603138
2011-12-29,0.0430000014603138
2011-12-30,0.0430000014603138
2011-12-31,0.04199999943375588
2012-01-01,0.04100000113248825
2012-01-02,0.03999999910593033
2012-01-03,0.03999999910593033
2012-01-04,0.03999999910593033
2012-01-05,0.03999999910593033
2012-01-06,0.03999999910593033
2012-01-07,0.04100000113248825
2012-01-08,0.04100000113248825
2012-01-09,0.04199999943375588
2012-01-10,0.04199999943375588
2012-01-11,0.0430000014603138
2012-01-12,0.04399999976158142
2012-01-13,0.04399999976158142
2012-01-14,0.04399999976158142
2012-01-15,0.04199999943375588
2012-01-16,0.032999999821186066
2012-01-17,0.026000000536441803
2012-01-18,0.016000000759959214
2012-01-19,0.016000000759959214
2012-01-20,0.017000000923871994
2012-01-21,0.017000000923871994
2012-01-22,0.017999999225139618
2012-01-23,0.016000000759959214
2012-01-24,0.016000000759959214
2012-01-25,0.016000000759959214
2012-01-26,0.016000000759959214
2012-01-27,0.016000000759959214
2012-01-28,0.016000000759959214
2012-01-29,0.016000000759959214
2012-01-30,0.016000000759959214
2012-01-31,0.016000000759959214
2012-02-01,0.016000000759959214
2012-02-02,0.016000000759959214
2012-02-03,0.016000000759959214
2012-02-04,0.014999999664723871
2012-02-05,0.012000000104308128
2012-02-06,0.012000000104308128
2012-02-07,0.012000000104308128
2012-02-08,0.012000000104308128
2012-02-09,0.016000000759959214
2012-02-10,0.016000000759959214
2012-02-11,0.016000000759959214
2012-02-12,0.016000000759959214
2012-02-13,0.016000000759959214
2012-02-14,0.016000000759959214
2012-02-15,0.014000000432133676
2012-02-16,0.014999999664723871
2012-02-17,0.017000000923871994
2012-02-18,0.017000000923871994
2012-02-19,0.017000000923871994
2012-02-20,0.016000000759959214
2012-02-21,0.017999999225139618
2012-02-22,0.03099999949336052
2012-02-23,0.020999999716877937
2012-02-24,0.020999999716877937
2012-02-25,0.017999999225139618
2012-02-26,0.017999999225139618
2012-02-27,0.016000000759959214
2012-02-28,0.02199999988079071
2012-02-29,0.028999999165534977
2012-03-01,0.032999999821186066
2012-03-02,0.03400000184774399
2012-03-03,0.032999999821186066
2012-03-04,0.03400000184774399
2012-03-05,0.03700000047683717
2012-03-06,0.035999998450279236
2012-03-07,0.03500000014901161
2012-03-08,0.03500000014901161
2012-03-09,0.03400000184774399
2012-03-10,0.04399999976158142
2012-03-11,0.04600000008940697
2012-03-12,0.04399999976158142
2012-03-13,0.04399999976158142
2012-03-14,0.04100000113248825
2012-03-15,0.04199999943375588
2012-03-16,0.04699999839067458
2012-03-17,0.04600000008940697
2012-03-18,0.045000001788139336
2012-03-19,0.04399999976158142
2012-03-20,0.045000001788139336
2012-03-21,0.045000001788139336
2012-03-22,0.045000001788139336
2012-03-23,0.04600000008940697
2012-03-24,0.04699999839067458
2012-03-25,0.04600000008940697
2012-03-26,0.04600000008940697
2012-03-27,0.05000000074505806
2012-03-28,0.06499999761581421
2012-03-29,0.06800000369548798
2012-03-30,0.08100000023841858
2012-03-31,0.09000000357627869
2012-04-01,0.08699999749660492
2012-04-02,0.08799999952316284
2012-04-03,0.09799999743700027
2012-04-04,0.10899999737739564
2012-04-05,0.1080000028014183
2012-04-06,0.10999999940395357
2012-04-07,0.11100000143051147
2012-04-08,0.1120000034570694
2012-04-09,0.12800000607967374
2012-04-10,0.15800000727176666
2012-04-11,0.22100000083446505
2012-04-12,0.3330000042915344
2012-04-13,0.39399999380111694
2012-04-14,0.4550000131130218
2012-04-15,0.4440000057220459
2012-04-16,0.4160000085830689
2012-04-17,0.41999998688697815
2012-04-18,0.4990000128746033
2012-04-19,0.5839999914169312
2012-04-20,0.8029999732971191
2012-04-21,0.8460000157356262
2012-04-22,0.9409999847412108
2012-04-23,1.4299999475479126
2012-04-24,1.7599999904632568
2012-04-25,1.8400000333786009
2012-04-26,3.75
2012-04-27,4.570000171661377
2012-04-28,3.75
2012-04-29,3.470000028610228
2012-04-30,3.5999999046325684
2012-05-01,3.3399999141693115
2012-05-02,2.940000057220459
2012-05-03,2.720000028610229
2012-05-04,2.5999999046325684
2012-05-05,2.470000028610229
2012-05-06,2.3299999237060547
2012-05-07,2.2799999713897705
2012-05-08,2.259999990463257
2012-05-09,2.25
2012-05-10,2.1300001144409184
2012-05-11,2.0
2012-05-12,1.9700000286102293
2012-05-13,2.059999942779541
2012-05-14,2.220000028610229
2012-05-15,2.490000009536743
2012-05-16,2.5799999237060547
2012-05-17,2.4300000667572017
2012-05-18,2.2799999713897705
2012-05-19,2.190000057220459
2012-05-20,2.1700000762939453
2012-05-21,2.150000095367432
2012-05-22,3.0
2012-05-23,2.309999942779541
2012-05-24,1.7599999904632568
2012-05-25,1.6799999475479126
2012-05-26,1.5800000429153442
2012-05-27,1.5099999904632568
2012-05-28,1.4299999475479126
2012-05-29,1.3899999856948853
2012-05-30,1.3400000333786009
2012-05-31,1.2899999618530271
2012-06-01,1.2400000095367432
2012-06-02,1.190000057220459
2012-06-03,1.1699999570846558
2012-06-04,1.1299999952316284
2012-06-05,1.100000023841858
2012-06-06,1.2300000190734863
2012-06-07,2.900000095367432
2012-06-08,2.059999942779541
2012-06-09,3.0
2012-06-10,2.25
2012-06-11,1.809999942779541
2012-06-12,1.6299999952316284
2012-06-13,1.6299999952316284
2012-06-14,1.5700000524520874
2012-06-15,1.4900000095367432
2012-06-16,1.4500000476837158
2012-06-17,1.4099999666213991
2012-06-18,1.3700000047683716
2012-06-19,1.3300000429153442
2012-06-20,1.2599999904632568
2012-06-21,1.2100000381469729
2012-06-22,1.149999976158142
2012-06-23,1.1299999952316284
2012-06-24,1.1399999856948853
2012-06-25,1.1100000143051147
2012-06-26,1.0800000429153442
2012-06-27,1.0399999618530271
2012-06-28,1.0099999904632568
2012-06-29,0.9710000157356262
2012-06-30,0.968999981880188
2012-07-01,0.9340000152587892
2012-07-02,0.9200000166893004
2012-07-03,0.9079999923706056
2012-07-04,0.8960000276565552
2012-07-05,0.8790000081062317
2012-07-06,0.8500000238418579
2012-07-07,0.8220000267028809
2012-07-08,0.8009999990463257
2012-07-09,0.7870000004768372
2012-07-10,0.7670000195503235
2012-07-11,0.7590000033378601
2012-07-12,0.7390000224113464
2012-07-13,0.7250000238418579
2012-07-14,0.7239999771118164
2012-07-15,0.7160000205039978
2012-07-16,0.6899999976158142
2012-07-17,0.6819999814033508
2012-07-18,0.6779999732971191
2012-07-19,0.6570000052452087
2012-07-20,0.640999972820282
2012-07-21,0.6309999823570251
2012-07-22,0.6209999918937683
2012-07-23,0.6230000257492065
2012-07-24,0.6010000109672546
2012-07-25,0.5860000252723694
2012-07-26,0.5649999976158142
2012-07-27,0.5509999990463257
2012-07-28,0.5410000085830688
2012-07-29,0.5270000100135803
2012-07-30,0.5180000066757202
2012-07-31,0.5090000033378601
2012-08-01,0.5049999952316284
2012-08-02,0.4909999966621399
2012-08-03,0.492000013589859
2012-08-04,0.4679999947547913
2012-08-05,0.44999998807907104
2012-08-06,0.4410000145435333
2012-08-07,0.43299999833107
2012-08-08,0.4300000071525574
2012-08-09,0.4259999990463257
2012-08-10,0.4129999876022339
2012-08-11,0.4050000011920929
2012-08-12,0.3970000147819519
2012-08-13,0.3889999985694885
2012-08-14,0.386000007390976
2012-08-15,0.3779999911785126
2012-08-16,0.3700000047683716
2012-08-17,0.3630000054836273
2012-08-18,0.3470000028610229
2012-08-19,0.3350000083446503
2012-08-20,0.328000009059906
2012-08-21,0.3210000097751617
2012-08-22,0.3219999969005585
2012-08-23,0.3109999895095825
2012-08-24,0.3160000145435333
2012-08-25,0.3129999935626984
2012-08-26,0.3019999861717224
2012-08-27,0.2829999923706055
2012-08-28,0.2879999876022339
2012-08-29,0.2770000100135803
2012-08-30,0.2709999978542328
2012-08-31,0.2680000066757202
2012-09-01,0.25799998641014105
2012-09-02,0.2590000033378601
2012-09-03,0.25200000405311584
2012-09-04,0.2430000007152557
2012-09-05,0.2430000007152557
2012-09-06,0.2269999980926513
2012-09-07,0.2240000069141388
2012-09-08,0.2150000035762787
2012-09-09,0.2029999941587448
2012-09-10,0.20999999344348907
2012-09-11,0.2140000015497208
2012-09-12,0.2080000042915344
2012-09-13,0.2029999941587448
2012-09-14,0.1879999935626984
2012-09-15,0.17900000512599945
2012-09-16,0.1770000010728836
2012-09-17,0.17499999701976776
2012-09-18,0.16899999976158142
2012-09-19,0.16099999845027926
2012-09-20,0.1509999930858612
2012-09-21,0.14900000393390656
2012-09-22,0.14100000262260434
2012-09-23,0.13699999451637268
2012-09-24,0.13199999928474426
2012-09-25,0.125
2012-09-26,0.12800000607967374
2012-09-27,0.12600000202655792
2012-09-28,0.11900000274181365
2012-09-29,0.1080000028014183
2012-09-30,0.11299999803304672
2012-10-01,0.10899999737739564
2012-10-02,0.10700000077486037
2012-10-03,0.1120000034570694
2012-10-04,0.1080000028014183
2012-10-05,0.10700000077486037
2012-10-06,0.10000000149011612
2012-10-07,0.09200000017881392
2012-10-08,0.08799999952316284
2012-10-09,0.08500000089406967
2012-10-10,0.08299999684095383
2012-10-11,0.07900000363588333
2012-10-12,0.07500000298023224
2012-10-13,0.090999998152256
2012-10-14,0.11100000143051147
2012-10-15,0.10999999940395357
2012-10-16,0.13899999856948853
2012-10-17,0.13199999928474426
2012-10-18,0.1120000034570694
2012-10-19,0.10599999874830246
2012-10-20,0.1120000034570694
2012-10-21,0.1080000028014183
2012-10-22,0.0989999994635582
2012-10-23,0.1080000028014183
2012-10-24,0.10100000351667404
2012-10-25,0.09399999678134917
2012-10-26,0.090999998152256
2012-10-27,0.10999999940395357
2012-10-28,0.1550000011920929
2012-10-29,0.181999996304512
2012-10-30,0.17800000309944153
2012-10-31,0.23899999260902405
2012-11-01,0.26499998569488525
2012-11-02,0.19200000166893005
2012-11-03,0.1979999989271164
2012-11-04,0.3449999988079071
2012-11-05,0.2660000026226044
2012-11-06,0.2179999947547913
2012-11-07,0.2080000042915344
2012-11-08,0.18299999833106995
2012-11-09,0.1720000058412552
2012-11-10,0.15800000727176666
2012-11-11,0.11599999666213988
2012-11-12,0.1449999958276749
2012-11-13,0.1550000011920929
2012-11-14,0.1449999958276749
2012-11-15,0.13699999451637268
2012-11-16,0.1340000033378601
2012-11-17,0.13500000536441806
2012-11-18,0.15800000727176666
2012-11-19,0.1509999930858612
2012-11-20,0.17000000178813934
2012-11-21,0.1770000010728836
2012-11-22,0.16200000047683716
2012-11-23,0.1599999964237213
2012-11-24,0.15199999511241913
2012-11-25,0.1449999958276749
2012-11-26,0.12700000405311584
2012-11-27,0.13099999725818634
2012-11-28,0.13500000536441806
2012-11-29,0.12999999523162842
2012-11-30,0.13600000739097595
2012-12-01,0.14000000059604645
2012-12-02,0.14399999380111694
2012-12-03,0.14100000262260434
2012-12-04,0.14000000059604645
2012-12-05,0.1379999965429306
2012-12-06,0.13899999856948853
2012-12-07,0.1340000033378601
2012-12-08,0.09799999743700027
2012-12-09,0.09799999743700027
2012-12-10,0.10599999874830246
2012-12-11,0.11900000274181365
2012-12-12,0.13899999856948853
2012-12-13,0.13199999928474426
2012-12-14,0.1330000013113022
2012-12-15,0.10700000077486037
2012-12-16,0.12099999934434892
2012-12-17,0.1340000033378601
2012-12-18,0.11400000005960464
2012-12-19,0.09700000286102296
2012-12-20,0.11299999803304672
2012-12-21,0.12399999797344208
2012-12-22,0.12399999797344208
2012-12-23,0.12099999934434892
2012-12-24,0.11800000071525575
2012-12-25,0.11599999666213988
2012-12-26,0.11500000208616255
2012-12-27,0.11400000005960464
2012-12-28,0.11299999803304672
2012-12-29,0.11599999666213988
2012-12-30,0.1120000034570694
2012-12-31,0.0989999994635582
2013-01-01,0.09300000220537186
2013-01-02,0.0989999994635582
2013-01-03,0.0820000022649765
2013-01-04,0.08799999952316284
2013-01-05,0.09000000357627869
2013-01-06,0.09000000357627869
2013-01-07,0.08500000089406967
2013-01-08,0.09200000017881392
2013-01-09,0.10100000351667404
2013-01-10,0.10300000011920928
2013-01-11,0.1080000028014183
2013-01-12,0.0820000022649765
2013-01-13,0.07599999755620956
2013-01-14,0.08299999684095383
2013-01-15,0.09000000357627869
2013-01-16,0.09700000286102296
2013-01-17,0.0989999994635582
2013-01-18,0.1040000021457672
2013-01-19,0.1040000021457672
2013-01-20,0.10100000351667404
2013-01-21,0.0989999994635582
2013-01-22,0.0989999994635582
2013-01-23,0.10199999809265137
2013-01-24,0.10000000149011612
2013-01-25,0.0949999988079071
2013-01-26,0.09399999678134917
2013-01-27,0.090999998152256
2013-01-28,0.08799999952316284
2013-01-29,0.08900000154972076
2013-01-30,0.08799999952316284
2013-01-31,0.08699999749660492
2013-02-01,0.08799999952316284
2013-02-02,0.08699999749660492
2013-02-03,0.0820000022649765
2013-02-04,0.08299999684095383
2013-02-05,0.08500000089406967
2013-02-06,0.0820000022649765
2013-02-07,0.08500000089406967
2013-02-08,0.0820000022649765
2013-02-09,0.07900000363588333
2013-02-10,0.07800000160932541
2013-02-11,0.07500000298023224
2013-02-12,0.07400000095367433
2013-02-13,0.07500000298023224
2013-02-14,0.07400000095367433
2013-02-15,0.07199999690055847
2013-02-16,0.07500000298023224
2013-02-17,0.07400000095367433
2013-02-18,0.07000000029802322
2013-02-19,0.07199999690055847
2013-02-20,0.06499999761581421
2013-02-21,0.06700000166893005
2013-02-22,0.07000000029802322
2013-02-23,0.06700000166893005
2013-02-24,0.06599999964237213
2013-02-25,0.06700000166893005
2013-02-26,0.06499999761581421
2013-02-27,0.06400000303983687
2013-02-28,0.06400000303983687
2013-03-01,0.06700000166893005
2013-03-02,0.08100000023841858
2013-03-03,0.09000000357627869
2013-03-04,0.08299999684095383
2013-03-05,0.07800000160932541
2013-03-06,0.07800000160932541
2013-03-07,0.07699999958276749
2013-03-08,0.07699999958276749
2013-03-09,0.07699999958276749
2013-03-10,0.07800000160932541
2013-03-11,0.07900000363588333
2013-03-12,0.08100000023841858
2013-03-13,0.09399999678134917
2013-03-14,0.13199999928474426
2013-03-15,0.1850000023841858
2013-03-16,0.193000003695488
2013-03-17,0.1940000057220459
2013-03-18,0.17800000309944153
2013-03-19,0.1720000058412552
2013-03-20,0.17599999904632568
2013-03-21,0.17800000309944153
2013-03-22,0.17399999499320984
2013-03-23,0.17299999296665192
2013-03-24,0.1679999977350235
2013-03-25,0.1809999942779541
2013-03-26,0.1809999942779541
2013-03-27,0.1899999976158142
2013-03-28,0.210999995470047
2013-03-29,0.2509999871253968
2013-03-30,0.3109999895095825
2013-03-31,0.3950000107288361
2013-04-01,0.5950000286102295
2013-04-02,0.9900000095367432
2013-04-03,1.350000023841858
2013-04-04,1.5700000524520874
2013-04-05,2.490000009536743
2013-04-06,3.0899999141693115
2013-04-07,3.0199999809265137
2013-04-08,2.6700000762939453
2013-04-09,2.509999990463257
2013-04-10,2.890000104904175
2013-04-11,3.3199999332427983
2013-04-12,2.990000009536743
2013-04-13,2.650000095367432
2013-04-14,2.369999885559082
2013-04-15,2.200000047683716
2013-04-16,2.049999952316284
2013-04-17,1.8999999761581416
2013-04-18,1.8600000143051147
2013-04-19,2.2100000381469727
2013-04-20,2.940000057220459
2013-04-21,2.539999961853028
2013-04-22,2.470000028610229
2013-04-23,2.359999895095825
2013-04-24,2.200000047683716
2013-04-25,2.220000028610229
2013-04-26,2.289999961853028
2013-04-27,2.369999885559082
2013-04-28,2.3299999237060547
2013-04-29,2.150000095367432
2013-04-30,1.940000057220459
2013-05-01,1.850000023841858
2013-05-02,1.7899999618530271
2013-05-03,1.850000023841858
2013-05-04,1.9099999666213991
2013-05-05,2.0299999713897705
2013-05-06,2.220000028610229
2013-05-07,3.1600000858306885
2013-05-08,3.859999895095825
2013-05-09,3.9800000190734863
2013-05-10,3.900000095367432
2013-05-11,3.4500000476837163
2013-05-12,3.2000000476837163
2013-05-13,2.799999952316284
2013-05-14,2.3299999237060547
2013-05-15,2.200000047683716
2013-05-16,2.049999952316284
2013-05-17,2.0799999237060547
2013-05-18,2.1300001144409184
2013-05-19,1.8799999952316284
2013-05-20,1.7300000190734863
2013-05-21,1.7400000095367432
2013-05-22,2.1099998950958248
2013-05-23,2.0699999332427983
2013-05-24,1.7400000095367432
2013-05-25,1.6100000143051147
2013-05-26,1.4800000190734863
2013-05-27,1.4299999475479126
2013-05-28,1.4900000095367432
2013-05-29,1.4900000095367432
2013-05-30,1.8600000143051147
2013-05-31,1.5299999713897705
2013-06-01,1.4299999475479126
2013-06-02,1.6399999856948853
2013-06-03,1.5099999904632568
2013-06-04,1.5199999809265137
2013-06-05,1.4600000381469729
2013-06-06,1.4199999570846558
2013-06-07,1.399999976158142
2013-06-08,1.350000023841858
2013-06-09,1.2699999809265137
2013-06-10,1.1799999475479126
2013-06-11,1.1100000143051147
2013-06-12,1.0800000429153442
2013-06-13,1.0399999618530271
2013-06-14,1.0199999809265137
2013-06-15,0.9980000257492064
2013-06-16,0.9660000205039978
2013-06-17,0.959999978542328
2013-06-18,0.968999981880188
2013-06-19,1.0099999904632568
2013-06-20,2.299999952316284
2013-06-21,3.3199999332427983
2013-06-22,2.1600000858306885
2013-06-23,1.5499999523162842
2013-06-24,1.3600000143051147
2013-06-25,1.6699999570846558
2013-06-26,1.4199999570846558
2013-06-27,1.3899999856948853
2013-06-28,1.2899999618530271
2013-06-29,1.2400000095367432
2013-06-30,1.190000057220459
2013-07-01,1.0900000333786009
2013-07-02,1.0099999904632568
2013-07-03,0.944000005722046
2013-07-04,0.8989999890327454
2013-07-05,0.8640000224113464
2013-07-06,0.8289999961853027
2013-07-07,0.7960000038146973
2013-07-08,0.7910000085830688
2013-07-09,0.75
2013-07-10,0.7269999980926514
2013-07-11,0.6840000152587891
2013-07-12,0.6600000262260437
2013-07-13,0.6320000290870667
2013-07-14,0.6119999885559082
2013-07-15,0.5979999899864197
2013-07-16,0.5839999914169312
2013-07-17,0.5929999947547913
2013-07-18,0.5860000252723694
2013-07-19,0.5619999766349792
2013-07-20,0.5450000166893005
2013-07-21,0.5389999747276306
2013-07-22,0.5180000066757202
2013-07-23,0.4970000088214874
2013-07-24,0.4760000109672546
2013-07-25,0.4629999995231629
2013-07-26,0.4440000057220459
2013-07-27,0.4339999854564667
2013-07-28,0.4230000078678131
2013-07-29,0.4079999923706055
2013-07-30,0.3899999856948853
2013-07-31,0.37299999594688416
2013-08-01,0.3689999878406525
2013-08-02,0.3899999856948853
2013-08-03,0.3740000128746033
2013-08-04,0.386000007390976
2013-08-05,0.3569999933242798
2013-08-06,0.328000009059906
2013-08-07,0.3109999895095825
2013-08-08,0.296999990940094
2013-08-09,0.27300000190734863
2013-08-10,0.2700000107288361
2013-08-11,0.2709999978542328
2013-08-12,0.2700000107288361
2013-08-13,0.2489999979734421
2013-08-14,0.23199999332427976
2013-08-15,0.2280000001192093
2013-08-16,0.2199999988079071
2013-08-17,0.2070000022649765
2013-08-18,0.19699999690055847
2013-08-19,0.18700000643730166
2013-08-20,0.16899999976158142
2013-08-21,0.1589999943971634
2013-08-22,0.14800000190734866
2013-08-23,0.15600000321865082
2013-08-24,0.1550000011920929
2013-08-25,0.1330000013113022
2013-08-26,0.1720000058412552
2013-08-27,0.1850000023841858
2013-08-28,0.1469999998807907
2013-08-29,0.13899999856948853
2013-08-30,0.1430000066757202
2013-08-31,0.1080000028014183
2013-09-01,0.0949999988079071
2013-09-02,0.07999999821186066
2013-09-03,0.07400000095367433
2013-09-04,0.13899999856948853
2013-09-05,0.125
2013-09-06,0.2689999938011169
2013-09-07,0.2489999979734421
2013-09-08,0.19099999964237213
2013-09-09,0.15299999713897705
2013-09-10,0.12999999523162842
2013-09-11,0.11599999666213988
2013-09-12,0.10100000351667404
2013-09-13,0.08799999952316284
2013-09-14,0.08100000023841858
2013-09-15,0.07400000095367433
2013-09-16,0.1040000021457672
2013-09-17,0.08399999886751175
2013-09-18,0.0729999989271164
2013-09-19,0.07699999958276749
2013-09-20,0.07500000298023224
2013-09-21,0.10199999809265137
2013-09-22,0.09399999678134917
2013-09-23,0.09399999678134917
2013-09-24,0.0949999988079071
2013-09-25,0.09200000017881392
2013-09-26,0.08699999749660492
2013-09-27,0.12999999523162842
2013-09-28,0.17000000178813934
2013-09-29,0.2440000027418137
2013-09-30,0.2450000047683716
2013-10-01,0.210999995470047
2013-10-02,0.17599999904632568
2013-10-03,0.15000000596046448
2013-10-04,0.1420000046491623
2013-10-05,0.13099999725818634
2013-10-06,0.12099999934434892
2013-10-07,0.12200000137090684
2013-10-08,0.2119999974966049
2013-10-09,0.1850000023841858
2013-10-10,0.1509999930858612
2013-10-11,0.14800000190734866
2013-10-12,0.11599999666213988
2013-10-13,0.10700000077486037
2013-10-14,0.10999999940395357
2013-10-15,0.11800000071525575
2013-10-16,0.11800000071525575
2013-10-17,0.10999999940395357
2013-10-18,0.1040000021457672
2013-10-19,0.1040000021457672
2013-10-20,0.09799999743700027
2013-10-21,0.09700000286102296
2013-10-22,0.10100000351667404
2013-10-23,0.09799999743700027
2013-10-24,0.0989999994635582
2013-10-25,0.09700000286102296
2013-10-26,0.09799999743700027
2013-10-27,0.10599999874830246
2013-10-28,0.10199999809265137
2013-10-29,0.10700000077486037
2013-10-30,0.10700000077486037
2013-10-31,0.1120000034570694
2013-11-01,0.11100000143051147
2013-11-02,0.2440000027418137
2013-11-03,0.20100000500679016
2013-11-04,0.14900000393390656
2013-11-05,0.12600000202655792
2013-11-06,0.12399999797344208
2013-11-07,0.1379999965429306
2013-11-08,0.14800000190734866
2013-11-09,0.13199999928474426
2013-11-10,0.13500000536441806
2013-11-11,0.12700000405311584
2013-11-12,0.125
2013-11-13,0.13899999856948853
2013-11-14,0.1459999978542328
2013-11-15,0.16200000047683716
2013-11-16,0.17299999296665192
2013-11-17,0.1509999930858612
2013-11-18,0.15399999916553495
2013-11-19,0.181999996304512
2013-11-20,0.08900000154972076
2013-11-21,0.07999999821186066
2013-11-22,0.08100000023841858
2013-11-23,0.0860000029206276
2013-11-24,0.09600000083446504
2013-11-25,0.10100000351667404
2013-11-26,0.10700000077486037
2013-11-27,0.11100000143051147
2013-11-28,0.1120000034570694
2013-11-29,0.10599999874830246
2013-11-30,0.10899999737739564
2013-12-01,0.13199999928474426
2013-12-02,0.12099999934434892
2013-12-03,0.119999997317791
2013-12-04,0.12300000339746475
2013-12-05,0.10999999940395357
2013-12-06,0.10100000351667404
2013-12-07,0.090999998152256
2013-12-08,0.07800000160932541
2013-12-09,0.09799999743700027
2013-12-10,0.11599999666213988
2013-12-11,0.1340000033378601
2013-12-12,0.15000000596046448
2013-12-13,0.14800000190734866
2013-12-14,0.15299999713897705
2013-12-15,0.15399999916553495
2013-12-16,0.1589999943971634
2013-12-17,0.1589999943971634
2013-12-18,0.16300000250339508
2013-12-19,0.1449999958276749
2013-12-20,0.15199999511241913
2013-12-21,0.16099999845027926
2013-12-22,0.16500000655651093
2013-12-23,0.16500000655651093
2013-12-24,0.16599999368190765
2013-12-25,0.16599999368190765
2013-12-26,0.16599999368190765
2013-12-27,0.16699999570846558
2013-12-28,0.16699999570846558
2013-12-29,0.1679999977350235
2013-12-30,0.1679999977350235
2013-12-31,0.16899999976158142
2014-01-01,0.16899999976158142
2014-01-02,0.17000000178813934
2014-01-03,0.16899999976158142
2014-01-04,0.1420000046491623
2014-01-05,0.09700000286102296
2014-01-06,0.09200000017881392
2014-01-07,0.09000000357627869
2014-01-08,0.119999997317791
2014-01-09,0.12800000607967374
2014-01-10,0.12399999797344208
2014-01-11,0.12099999934434892
2014-01-12,0.11800000071525575
2014-01-13,0.11500000208616255
2014-01-14,0.1120000034570694
2014-01-15,0.10899999737739564
2014-01-16,0.10599999874830246
2014-01-17,0.1040000021457672
2014-01-18,0.10100000351667404
2014-01-19,0.0989999994635582
2014-01-20,0.09600000083446504
2014-01-21,0.09399999678134917
2014-01-22,0.09200000017881392
2014-01-23,0.09000000357627869
2014-01-24,0.08799999952316284
2014-01-25,0.0860000029206276
2014-01-26,0.08399999886751175
2014-01-27,0.0820000022649765
2014-01-28,0.07999999821186066
2014-01-29,0.07800000160932541
2014-01-30,0.07699999958276749
2014-01-31,0.07500000298023224
2014-02-01,0.07100000232458115
2014-02-02,0.06700000166893005
2014-02-03,0.059999998658895486
2014-02-04,0.04699999839067458
2014-02-05,0.03799999877810478
2014-02-06,0.03799999877810478
2014-02-07,0.04100000113248825
2014-02-08,0.045000001788139336
2014-02-09,0.04600000008940697
2014-02-10,0.04699999839067458
2014-02-11,0.04800000041723251
2014-02-12,0.04600000008940697
2014-02-13,0.045000001788139336
2014-02-14,0.0430000014603138
2014-02-15,0.04199999943375588
2014-02-16,0.03999999910593033
2014-02-17,0.039000000804662704
2014-02-18,0.03799999877810478
2014-02-19,0.035999998450279236
2014-02-20,0.03500000014901161
2014-02-21,0.03400000184774399
2014-02-22,0.032999999821186066
2014-02-23,0.032000001519918435
2014-02-24,0.03099999949336052
2014-02-25,0.028999999165534977
2014-02-26,0.02800000086426735
2014-02-27,0.026000000536441803
2014-02-28,0.024000000208616257
2014-03-01,0.023000000044703484
2014-03-02,0.020999999716877937
2014-03-03,0.01899999938905239
2014-03-04,0.02199999988079071
2014-03-05,0.02500000037252903
2014-03-06,0.06400000303983687
2014-03-07,0.0820000022649765
2014-03-08,0.07500000298023224
2014-03-09,0.10199999809265137
2014-03-10,0.10700000077486037
2014-03-11,0.09000000357627869
2014-03-12,0.090999998152256
2014-03-13,0.08799999952316284
2014-03-14,0.09200000017881392
2014-03-15,0.0989999994635582
2014-03-16,0.10599999874830246
2014-03-17,0.11400000005960464
2014-03-18,0.1080000028014183
2014-03-19,0.12200000137090684
2014-03-20,0.12700000405311584
2014-03-21,0.12200000137090684
2014-03-22,0.125
2014-03-23,0.1289999932050705
2014-03-24,0.1330000013113022
2014-03-25,0.1430000066757202
2014-03-26,0.1509999930858612
2014-03-27,0.1599999964237213
2014-03-28,0.16500000655651093
2014-03-29,0.181999996304512
2014-03-30,0.2119999974966049
2014-03-31,0.25
2014-04-01,0.2750000059604645
2014-04-02,0.3370000123977661
2014-04-03,0.3499999940395355
2014-04-04,0.3650000095367432
2014-04-05,0.38199999928474426
2014-04-06,0.4009999930858612
2014-04-07,0.4230000078678131
2014-04-08,0.4469999969005585
2014-04-09,0.7369999885559082
2014-04-10,0.5440000295639038
2014-04-11,0.546999990940094
2014-04-12,0.5529999732971191
2014-04-13,0.5630000233650208
2014-04-14,0.5770000219345093
2014-04-15,0.5950000286102295
2014-04-16,0.6169999837875366
2014-04-17,0.753000020980835
2014-04-18,1.25
2014-04-19,1.1299999952316284
2014-04-20,1.0199999809265137
2014-04-21,0.9100000262260436
2014-04-22,0.9399999976158142
2014-04-23,0.9769999980926514
2014-04-24,1.0199999809265137
2014-04-25,1.0800000429153442
2014-04-26,1.1399999856948853
2014-04-27,1.1399999856948853
2014-04-28,1.2300000190734863
2014-04-29,1.3400000333786009
2014-04-30,1.8899999856948853
2014-05-01,2.450000047683716
2014-05-02,2.880000114440918
2014-05-03,3.3199999332427983
2014-05-04,3.25
2014-05-05,3.25
2014-05-06,2.9800000190734863
2014-05-07,2.7799999713897705
2014-05-08,2.640000104904175
2014-05-09,3.0199999809265137
2014-05-10,2.9800000190734863
2014-05-11,2.7300000190734863
2014-05-12,2.559999942779541
2014-05-13,2.609999895095825
2014-05-14,3.0999999046325684
2014-05-15,3.809999942779541
2014-05-16,4.110000133514403
2014-05-17,4.110000133514403
2014-05-18,3.859999895095825
2014-05-19,3.5
2014-05-20,3.25
2014-05-21,2.8299999237060547
2014-05-22,2.6600000858306885
2014-05-23,2.799999952316284
2014-05-24,2.490000009536743
2014-05-25,2.2799999713897705
2014-05-26,2.369999885559082
2014-05-27,2.200000047683716
2014-05-28,1.940000057220459
2014-05-29,1.940000057220459
2014-05-30,1.75
2014-05-31,1.600000023841858
2014-06-01,1.5700000524520874
2014-06-02,1.5199999809265137
2014-06-03,1.440000057220459
2014-06-04,1.3600000143051147
2014-06-05,1.2300000190734863
2014-06-06,1.1100000143051147
2014-06-07,1.0199999809265137
2014-06-08,0.9980000257492064
2014-06-09,0.9539999961853028
2014-06-10,0.9300000071525574
2014-06-11,0.859000027179718
2014-06-12,0.8050000071525574
2014-06-13,0.9049999713897704
2014-06-14,0.8539999723434448
2014-06-15,0.7940000295639038
2014-06-16,1.1799999475479126
2014-06-17,1.0299999713897705
2014-06-18,0.8880000114440918
2014-06-19,0.8159999847412109
2014-06-20,0.7680000066757202
2014-06-21,0.7070000171661377
2014-06-22,0.6589999794960022
2014-06-23,0.621999979019165
2014-06-24,0.6060000061988831
2014-06-25,0.5870000123977661
2014-06-26,0.5630000233650208
2014-06-27,0.6679999828338623
2014-06-28,0.7099999785423279
2014-06-29,0.6039999723434448
2014-06-30,0.5649999976158142
2014-07-01,0.527999997138977
2014-07-02,0.5139999985694885
2014-07-03,0.4950000047683716
2014-07-04,0.4659999907016754
2014-07-05,0.4569999873638153
2014-07-06,0.4420000016689301
2014-07-07,0.42500001192092896
2014-07-08,0.3899999856948853
2014-07-09,0.3569999933242798
2014-07-10,0.3319999873638153
2014-07-11,0.30399999022483826
2014-07-12,0.2870000004768372
2014-07-13,0.27300000190734863
2014-07-14,0.26499998569488525
2014-07-15,0.25600001215934753
2014-07-16,0.239999994635582
2014-07-17,0.2290000021457672
2014-07-18,0.2199999988079071
2014-07-19,0.22200000286102287
2014-07-20,0.2140000015497208
2014-07-21,0.2339999973773957
2014-07-22,0.2119999974966049
2014-07-23,0.25
2014-07-24,0.7860000133514404
2014-07-25,0.5669999718666077
2014-07-26,0.4560000002384186
2014-07-27,0.3869999945163727
2014-07-28,0.3240000009536743
2014-07-29,0.25999999046325684
2014-07-30,0.2440000027418137
2014-07-31,0.2290000021457672
2014-08-01,0.2189999967813492
2014-08-02,0.20200000703334808
2014-08-03,0.1940000057220459
2014-08-04,0.18700000643730166
2014-08-05,0.1809999942779541
2014-08-06,0.18000000715255735
2014-08-07,0.17800000309944153
2014-08-08,0.17599999904632568
2014-08-09,0.17299999296665192
2014-08-10,0.1710000038146973
2014-08-11,0.16899999976158142
2014-08-12,0.16699999570846558
2014-08-13,0.16500000655651093
2014-08-14,0.16300000250339508
2014-08-15,0.16099999845027926
2014-08-16,0.1589999943971634
2014-08-17,0.15700000524520874
2014-08-18,0.1550000011920929
2014-08-19,0.15299999713897705
2014-08-20,0.1509999930858612
2014-08-21,0.14900000393390656
2014-08-22,0.14900000393390656
2014-08-23,0.14100000262260434
2014-08-24,0.14100000262260434
2014-08-25,0.13600000739097595
2014-08-26,0.12600000202655792
2014-08-27,0.119999997317791
2014-08-28,0.12099999934434892
2014-08-29,0.12200000137090684
2014-08-30,0.11800000071525575
2014-08-31,0.119999997317791
2014-09-01,0.12300000339746475
2014-09-02,0.1340000033378601
2014-09-03,0.18299999833106995
2014-09-04,0.1459999978542328
2014-09-05,0.1289999932050705
2014-09-06,0.12099999934434892
2014-09-07,0.12300000339746475
2014-09-08,0.11500000208616255
2014-09-09,0.1080000028014183
2014-09-10,0.1080000028014183
2014-09-11,0.10499999672174454
2014-09-12,0.1040000021457672
2014-09-13,0.10000000149011612
2014-09-14,0.09399999678134917
2014-09-15,0.09200000017881392
2014-09-16,0.08799999952316284
2014-09-17,0.08699999749660492
2014-09-18,0.10199999809265137
2014-09-19,0.11800000071525575
2014-09-20,0.1040000021457672
2014-09-21,0.10100000351667404
2014-09-22,0.10700000077486037
2014-09-23,0.13099999725818634
2014-09-24,0.15600000321865082
2014-09-25,0.1430000066757202
2014-09-26,0.13099999725818634
2014-09-27,0.11800000071525575
2014-09-28,0.1080000028014183
2014-09-29,0.10499999672174454
2014-09-30,0.10300000011920928
2014-10-01,0.10100000351667404
2014-10-02,0.09799999743700027
2014-10-03,0.09600000083446504
2014-10-04,0.09300000220537186
2014-10-05,0.090999998152256
2014-10-06,0.08799999952316284
2014-10-07,0.08699999749660492
2014-10-08,0.08399999886751175
2014-10-09,0.0820000022649765
2014-10-10,0.08100000023841858
2014-10-11,0.08100000023841858
2014-10-12,0.0949999988079071
2014-10-13,0.090999998152256
2014-10-14,0.08699999749660492
2014-10-15,0.09000000357627869
2014-10-16,0.10199999809265137
2014-10-17,0.09399999678134917
2014-10-18,0.1040000021457672
2014-10-19,0.09399999678134917
2014-10-20,0.09399999678134917
2014-10-21,0.10100000351667404
2014-10-22,0.09799999743700027
2014-10-23,0.1169999986886978
2014-10-24,0.1289999932050705
2014-10-25,0.1120000034570694
2014-10-26,0.16200000047683716
2014-10-27,0.1469999998807907
2014-10-28,0.125
2014-10-29,0.12399999797344208
2014-10-30,0.13099999725818634
2014-10-31,0.1860000044107437
2014-11-01,0.193000003695488
2014-11-02,0.14900000393390656
2014-11-03,0.13600000739097595
2014-11-04,0.16699999570846558
2014-11-05,0.14900000393390656
2014-11-06,0.14000000059604645
2014-11-07,0.15800000727176666
2014-11-08,0.1449999958276749
2014-11-09,0.1889999955892563
2014-11-10,0.17499999701976776
2014-11-11,0.15000000596046448
2014-11-12,0.09700000286102296
2014-11-13,0.08500000089406967
2014-11-14,0.07199999690055847
2014-11-15,0.06700000166893005
2014-11-16,0.06599999964237213
2014-11-17,0.06599999964237213
2014-11-18,0.06499999761581421
2014-11-19,0.06499999761581421
2014-11-20,0.07000000029802322
2014-11-21,0.090999998152256
2014-11-22,0.12399999797344208
2014-11-23,0.11500000208616255
2014-11-24,0.11599999666213988
2014-11-25,0.11800000071525575
2014-11-26,0.12700000405311584
2014-11-27,0.125
2014-11-28,0.13500000536441806
2014-11-29,0.12600000202655792
2014-11-30,0.11900000274181365
2014-12-01,0.11400000005960464
2014-12-02,0.10899999737739564
2014-12-03,0.10499999672174454
2014-12-04,0.09799999743700027
2014-12-05,0.09700000286102296
2014-12-06,0.1120000034570694
2014-12-07,0.12800000607967374
2014-12-08,0.12200000137090684
2014-12-09,0.12399999797344208
2014-12-10,0.14000000059604645
2014-12-11,0.15800000727176666
2014-12-12,0.15199999511241913
2014-12-13,0.1420000046491623
2014-12-14,0.13699999451637268
2014-12-15,0.13099999725818634
2014-12-16,0.125
2014-12-17,0.125
2014-12-18,0.12600000202655792
2014-12-19,0.13600000739097595
2014-12-20,0.1289999932050705
2014-12-21,0.15399999916553495
2014-12-22,0.13699999451637268
2014-12-23,0.1340000033378601
2014-12-24,0.12999999523162842
2014-12-25,0.12800000607967374
2014-12-26,0.125
2014-12-27,0.12999999523162842
2014-12-28,0.12999999523162842
2014-12-29,0.12300000339746475
2014-12-30,0.119999997317791
2014-12-31,0.11800000071525575
2015-01-01,0.11500000208616255
2015-01-02,0.11500000208616255
2015-01-03,0.11400000005960464
2015-01-04,0.11400000005960464
2015-01-05,0.11400000005960464
2015-01-06,0.11400000005960464
2015-01-07,0.11400000005960464
2015-01-08,0.11400000005960464
2015-01-09,0.11299999803304672
2015-01-10,0.11299999803304672
2015-01-11,0.11299999803304672
2015-01-12,0.11299999803304672
2015-01-13,0.11299999803304672
2015-01-14,0.11299999803304672
2015-01-15,0.1120000034570694
2015-01-16,0.11299999803304672
2015-01-17,0.11100000143051147
2015-01-18,0.11299999803304672
2015-01-19,0.11100000143051147
2015-01-20,0.10899999737739564
2015-01-21,0.10499999672174454
2015-01-22,0.1080000028014183
2015-01-23,0.1080000028014183
2015-01-24,0.1080000028014183
2015-01-25,0.10899999737739564
2015-01-26,0.1080000028014183
2015-01-27,0.10899999737739564
2015-01-28,0.10899999737739564
2015-01-29,0.10999999940395357
2015-01-30,0.10999999940395357
2015-01-31,0.10999999940395357
2015-02-01,0.11100000143051147
2015-02-02,0.11400000005960464
2015-02-03,0.11800000071525575
2015-02-04,0.12099999934434892
2015-02-05,0.12399999797344208
2015-02-06,0.15000000596046448
2015-02-07,0.2160000056028366
2015-02-08,0.2360000014305115
2015-02-09,0.2939999997615814
2015-02-10,0.4300000071525574
2015-02-11,0.42500001192092896
2015-02-12,0.4510000050067902
2015-02-13,0.5450000166893005
2015-02-14,0.6349999904632568
2015-02-15,0.7969999909400941
2015-02-16,0.7760000228881836
2015-02-17,0.7509999871253967
2015-02-18,0.7229999899864197
2015-02-19,0.6940000057220459
2015-02-20,0.6639999747276306
2015-02-21,0.6349999904632568
2015-02-22,0.6060000061988831
2015-02-23,0.5789999961853027
2015-02-24,0.5519999861717224
2015-02-25,0.5270000100135803
2015-02-26,0.5040000081062317
2015-02-27,0.4830000102519989
2015-02-28,0.4659999907016754
2015-03-01,0.4510000050067902
2015-03-02,0.4390000104904175
2015-03-03,0.4320000112056732
2015-03-04,0.4289999902248383
2015-03-05,0.4300000071525574
2015-03-06,0.4359999895095825
2015-03-07,0.44600000977516174
2015-03-08,0.4609999954700471
2015-03-09,0.479999989271164
2015-03-10,0.5149999856948853
2015-03-11,0.6150000095367432
2015-03-12,0.8669999837875366
2015-03-13,1.0199999809265137
2015-03-14,1.3899999856948853
2015-03-15,1.6200000047683716
2015-03-16,1.4500000476837158
2015-03-17,1.4500000476837158
2015-03-18,1.5099999904632568
2015-03-19,1.6100000143051147
2015-03-20,1.7899999618530271
2015-03-21,2.640000104904175
2015-03-22,2.9500000476837163
2015-03-23,2.990000009536743
2015-03-24,3.240000009536743
2015-03-25,3.5
2015-03-26,4.840000152587892
2015-03-27,5.0
2015-03-28,5.239999771118164
2015-03-29,5.010000228881836
2015-03-30,4.789999961853027
2015-03-31,4.929999828338623
2015-04-01,4.329999923706056
2015-04-02,3.900000095367432
2015-04-03,3.509999990463257
2015-04-04,3.2699999809265137
2015-04-05,3.0
2015-04-06,2.6700000762939453
2015-04-07,2.440000057220459
2015-04-08,2.2799999713897705
2015-04-09,2.200000047683716
2015-04-10,2.150000095367432
2015-04-11,2.0699999332427983
2015-04-12,1.8999999761581416
2015-04-13,1.830000042915344
2015-04-14,1.809999942779541
2015-04-15,1.6599999666213991
2015-04-16,1.5900000333786009
2015-04-17,1.600000023841858
2015-04-18,1.6100000143051147
2015-04-19,1.6299999952316284
2015-04-20,1.6399999856948853
2015-04-21,1.7799999713897705
2015-04-22,1.8600000143051147
2015-04-23,1.75
2015-04-24,1.649999976158142
2015-04-25,1.5299999713897705
2015-04-26,1.399999976158142
2015-04-27,1.3899999856948853
2015-04-28,1.5099999904632568
2015-04-29,1.6699999570846558
2015-04-30,1.5399999618530271
2015-05-01,1.5199999809265137
2015-05-02,1.4800000190734863
2015-05-03,1.3899999856948853
2015-05-04,1.4299999475479126
2015-05-05,1.4600000381469729
2015-05-06,1.25
2015-05-07,1.1299999952316284
2015-05-08,1.0599999427795408
2015-05-09,1.0299999713897705
2015-05-10,0.9990000128746032
2015-05-11,1.0099999904632568
2015-05-12,1.0199999809265137
2015-05-13,1.0399999618530271
2015-05-14,1.0499999523162842
2015-05-15,1.0700000524520874
2015-05-16,1.1299999952316284
2015-05-17,1.4700000286102295
2015-05-18,1.3600000143051147
2015-05-19,1.2799999713897705
2015-05-20,1.2200000286102295
2015-05-21,1.1599999666213991
2015-05-22,1.0700000524520874
2015-05-23,1.0099999904632568
2015-05-24,1.0099999904632568
2015-05-25,1.1200000047683716
2015-05-26,0.9990000128746032
2015-05-27,0.8989999890327454
2015-05-28,0.8600000143051147
2015-05-29,0.8270000219345093
2015-05-30,0.7950000166893005
2015-05-31,0.7409999966621399
2015-06-01,0.6830000281333923
2015-06-02,1.0199999809265137
2015-06-03,1.0199999809265137
2015-06-04,1.5099999904632568
2015-06-05,1.1799999475479126
2015-06-06,0.9279999732971193
2015-06-07,0.7900000214576721
2015-06-08,0.6620000004768372
2015-06-09,0.5849999785423279
2015-06-10,0.5460000038146973
2015-06-11,0.5
2015-06-12,0.5049999952316284
2015-06-13,0.4729999899864197
2015-06-14,0.4469999969005585
2015-06-15,0.4230000078678131
2015-06-16,0.4050000011920929
2015-06-17,0.3910000026226044
2015-06-18,0.37299999594688416
2015-06-19,0.3479999899864197
2015-06-20,0.3319999873638153
2015-06-21,0.3210000097751617
2015-06-22,0.3109999895095825
2015-06-23,0.30000001192092896
2015-06-24,0.2800000011920929
2015-06-25,0.25
2015-06-26,0.2380000054836273
2015-06-27,0.210999995470047
2015-06-28,0.2080000042915344
2015-06-29,0.2150000035762787
2015-06-30,0.2549999952316284
2015-07-01,0.20600000023841847
2015-07-02,0.1889999955892563
2015-07-03,0.1720000058412552
2015-07-04,0.1710000038146973
2015-07-05,0.14800000190734866
2015-07-06,0.14100000262260434
2015-07-07,0.12999999523162842
2015-07-08,0.12600000202655792
2015-07-09,0.12399999797344208
2015-07-10,0.11900000274181365
2015-07-11,0.1040000021457672
2015-07-12,0.16200000047683716
2015-07-13,0.10700000077486037
2015-07-14,0.10899999737739564
2015-07-15,0.10300000011920928
2015-07-16,0.09700000286102296
2015-07-17,0.09399999678134917
2015-07-18,0.090999998152256
2015-07-19,0.08900000154972076
2015-07-20,0.08399999886751175
2015-07-21,0.07999999821186066
2015-07-22,0.08100000023841858
2015-07-23,0.07800000160932541
2015-07-24,0.07900000363588333
2015-07-25,0.2269999980926513
2015-07-26,0.19099999964237213
2015-07-27,0.1720000058412552
2015-07-28,0.1330000013113022
2015-07-29,0.11800000071525575
2015-07-30,0.1080000028014183
2015-07-31,0.10700000077486037
2015-08-01,0.10000000149011612
2015-08-02,0.090999998152256
2015-08-03,0.08500000089406967
2015-08-04,0.08399999886751175
2015-08-05,0.0860000029206276
2015-08-06,0.09399999678134917
2015-08-07,0.0860000029206276
2015-08-08,0.07900000363588333
2015-08-09,0.0729999989271164
2015-08-10,0.07199999690055847
2015-08-11,0.0689999982714653
2015-08-12,0.06599999964237213
2015-08-13,0.061000000685453415
2015-08-14,0.0560000017285347
2015-08-15,0.06499999761581421
2015-08-16,0.06199999898672104
2015-08-17,0.059000000357627876
2015-08-18,0.059000000357627876
2015-08-19,0.0729999989271164
2015-08-20,0.07900000363588333
2015-08-21,0.07900000363588333
2015-08-22,0.08500000089406967
2015-08-23,0.08699999749660492
2015-08-24,0.09000000357627869
2015-08-25,0.08699999749660492
2015-08-26,0.08500000089406967
2015-08-27,0.08900000154972076
2015-08-28,0.090999998152256
2015-08-29,0.10100000351667404
2015-08-30,0.1289999932050705
2015-08-31,0.15399999916553495
2015-09-01,0.16599999368190765
2015-09-02,0.1710000038146973
2015-09-03,0.16599999368190765
2015-09-04,0.15399999916553495
2015-09-05,0.13500000536441806
2015-09-06,0.1330000013113022
2015-09-07,0.12700000405311584
2015-09-08,0.2380000054836273
2015-09-09,0.25799998641014105
2015-09-10,0.210999995470047
2015-09-11,0.15800000727176666
2015-09-12,0.1289999932050705
2015-09-13,0.1040000021457672
2015-09-14,0.090999998152256
2015-09-15,0.08500000089406967
2015-09-16,0.07800000160932541
2015-09-17,0.07500000298023224
2015-09-18,0.0729999989271164
2015-09-19,0.09799999743700027
2015-09-20,0.1889999955892563
2015-09-21,0.1169999986886978
2015-09-22,0.10300000011920928
2015-09-23,0.08900000154972076
2015-09-24,0.07900000363588333
2015-09-25,0.07999999821186066
2015-09-26,0.10899999737739564
2015-09-27,0.08500000089406967
2015-09-28,0.07599999755620956
2015-09-29,0.0729999989271164
2015-09-30,0.06700000166893005
2015-10-01,0.06499999761581421
2015-10-02,0.06800000369548798
2015-10-03,0.0729999989271164
2015-10-04,0.06499999761581421
2015-10-05,0.06599999964237213
2015-10-06,0.05799999833106995
2015-10-07,0.061000000685453415
2015-10-08,0.059999998658895486
2015-10-09,0.059999998658895486
2015-10-10,0.059000000357627876
2015-10-11,0.059000000357627876
2015-10-12,0.05799999833106995
2015-10-13,0.05799999833106995
2015-10-14,0.05700000002980232
2015-10-15,0.0560000017285347
2015-10-16,0.0560000017285347
2015-10-17,0.054999999701976776
2015-10-18,0.059000000357627876
2015-10-19,0.07999999821186066
2015-10-20,0.059999998658895486
2015-10-21,0.05299999937415123
2015-10-22,0.04800000041723251
2015-10-23,0.04899999871850014
2015-10-24,0.04699999839067458
2015-10-25,0.04600000008940697
2015-10-26,0.05799999833106995
2015-10-27,0.0729999989271164
2015-10-28,0.059999998658895486
2015-10-29,0.0689999982714653
2015-10-30,0.10300000011920928
2015-10-31,0.15800000727176666
2015-11-01,0.14399999380111694
2015-11-02,0.13899999856948853
2015-11-03,0.10899999737739564
2015-11-04,0.09200000017881392
2015-11-05,0.08299999684095383
2015-11-06,0.07599999755620956
2015-11-07,0.08299999684095383
2015-11-08,0.15299999713897705
2015-11-09,0.12300000339746475
2015-11-10,0.10100000351667404
2015-11-11,0.0949999988079071
2015-11-12,0.08799999952316284
2015-11-13,0.08799999952316284
2015-11-14,0.11599999666213988
2015-11-15,0.14800000190734866
2015-11-16,0.13500000536441806
2015-11-17,0.15299999713897705
2015-11-18,0.17499999701976776
2015-11-19,0.1589999943971634
2015-11-20,0.14399999380111694
2015-11-21,0.10899999737739564
2015-11-22,0.12399999797344208
2015-11-23,0.1420000046491623
2015-11-24,0.13699999451637268
2015-11-25,0.0820000022649765
2015-11-26,0.059000000357627876
2015-11-27,0.0689999982714653
2015-11-28,0.061000000685453415
2015-11-29,0.06300000101327896
2015-11-30,0.06499999761581421
2015-12-01,0.06300000101327896
2015-12-02,0.06300000101327896
2015-12-03,0.06300000101327896
2015-12-04,0.08100000023841858
2015-12-05,0.1040000021457672
2015-12-06,0.12099999934434892
2015-12-07,0.1120000034570694
2015-12-08,0.11599999666213988
2015-12-09,0.15199999511241913
2015-12-10,0.1330000013113022
2015-12-11,0.12600000202655792
2015-12-12,0.12300000339746475
2015-12-13,0.12700000405311584
2015-12-14,0.12600000202655792
2015-12-15,0.119999997317791
2015-12-16,0.11800000071525575
2015-12-17,0.08699999749660492
2015-12-18,0.10100000351667404
2015-12-19,0.11900000274181365
2015-12-20,0.119999997317791
2015-12-21,0.11400000005960464
2015-12-22,0.10899999737739564
2015-12-23,0.10899999737739564
2015-12-24,0.11100000143051147
2015-12-25,0.1040000021457672
2015-12-26,0.08100000023841858
2015-12-27,0.08100000023841858
2015-12-28,0.0860000029206276
2015-12-29,0.0949999988079071
2015-12-30,0.09200000017881392
2015-12-31,0.07500000298023224
2016-01-01,0.06700000166893005
2016-01-02,0.0729999989271164
2016-01-03,0.07900000363588333
2016-01-04,0.08100000023841858
2016-01-05,0.0860000029206276
2016-01-06,0.08900000154972076
2016-01-07,0.10300000011920928
2016-01-08,0.10300000011920928
2016-01-09,0.0949999988079071
2016-01-10,0.09200000017881392
2016-01-11,0.08799999952316284
2016-01-12,0.08299999684095383
2016-01-13,0.0820000022649765
2016-01-14,0.0820000022649765
2016-01-15,0.07999999821186066
2016-01-16,0.08100000023841858
2016-01-17,0.07699999958276749
2016-01-18,0.07599999755620956
2016-01-19,0.07800000160932541
2016-01-20,0.07699999958276749
2016-01-21,0.0820000022649765
2016-01-22,0.08399999886751175
2016-01-23,0.08299999684095383
2016-01-24,0.07999999821186066
2016-01-25,0.07599999755620956
2016-01-26,0.07999999821186066
2016-01-27,0.07699999958276749
2016-01-28,0.07999999821186066
2016-01-29,0.08100000023841858
2016-01-30,0.07900000363588333
2016-01-31,0.07900000363588333
2016-02-01,0.08100000023841858
2016-02-02,0.08299999684095383
2016-02-03,0.0860000029206276
2016-02-04,0.09000000357627869
2016-02-05,0.0989999994635582
2016-02-06,0.10300000011920928
2016-02-07,0.10000000149011612
2016-02-08,0.09700000286102296
2016-02-09,0.09700000286102296
2016-02-10,0.0989999994635582
2016-02-11,0.10499999672174454
2016-02-12,0.11900000274181365
2016-02-13,0.12600000202655792
2016-02-14,0.1169999986886978
2016-02-15,0.12099999934434892
2016-02-16,0.13699999451637268
2016-02-17,0.1430000066757202
2016-02-18,0.1589999943971634
2016-02-19,0.1710000038146973
2016-02-20,0.16300000250339508
2016-02-21,0.15399999916553495
2016-02-22,0.14900000393390656
2016-02-23,0.14800000190734866
2016-02-24,0.1550000011920929
2016-02-25,0.17299999296665192
2016-02-26,0.18299999833106995
2016-02-27,0.1979999989271164
2016-02-28,0.2119999974966049
2016-02-29,0.2280000001192093
2016-03-01,0.2440000027418137
2016-03-02,0.2540000081062317
2016-03-03,0.2700000107288361
2016-03-04,0.2919999957084656
2016-03-05,0.3319999873638153
2016-03-06,0.4390000104904175
2016-03-07,0.4830000102519989
2016-03-08,0.5249999761581421
2016-03-09,0.6029999852180481
2016-03-10,0.609000027179718
2016-03-11,0.6449999809265137
2016-03-12,0.6890000104904175
2016-03-13,0.7170000076293945
2016-03-14,0.6859999895095825
2016-03-15,0.6679999828338623
2016-03-16,0.6539999842643738
2016-03-17,0.6380000114440918
2016-03-18,0.6230000257492065
2016-03-19,0.6240000128746033
2016-03-20,0.6370000243186951
2016-03-21,0.6959999799728394
2016-03-22,0.7639999985694885
2016-03-23,0.7969999909400941
2016-03-24,0.8849999904632568
2016-03-25,0.912999987602234
2016-03-26,0.9330000281333924
2016-03-27,0.9829999804496764
2016-03-28,1.0599999427795408
2016-03-29,1.0800000429153442
2016-03-30,1.1100000143051147
2016-03-31,1.2000000476837158
2016-04-01,1.3799999952316284
2016-04-02,1.5900000333786009
2016-04-03,1.830000042915344
2016-04-04,2.059999942779541
2016-04-05,2.009999990463257
2016-04-06,1.830000042915344
2016-04-07,1.9600000381469729
2016-04-08,2.400000095367432
2016-04-09,2.7699999809265137
2016-04-10,2.5199999809265137
2016-04-11,2.2699999809265137
2016-04-12,2.1199998855590816
2016-04-13,1.9800000190734863
2016-04-14,1.919999957084656
2016-04-15,1.850000023841858
2016-04-16,1.8799999952316284
2016-04-17,2.009999990463257
2016-04-18,2.3399999141693115
2016-04-19,2.8499999046325684
2016-04-20,3.119999885559082
2016-04-21,4.670000076293945
2016-04-22,3.9300000667572017
2016-04-23,3.2799999713897705
2016-04-24,2.650000095367432
2016-04-25,2.3499999046325684
2016-04-26,2.200000047683716
2016-04-27,2.0
2016-04-28,1.950000047683716
2016-04-29,1.950000047683716
2016-04-30,2.190000057220459
2016-05-01,2.009999990463257
2016-05-02,2.0
2016-05-03,2.3299999237060547
2016-05-04,2.440000057220459
2016-05-05,2.4600000381469727
2016-05-06,2.1300001144409184
2016-05-07,1.919999957084656
2016-05-08,1.8799999952316284
2016-05-09,1.7999999523162842
2016-05-10,1.5800000429153442
2016-05-11,1.559999942779541
2016-05-12,1.4900000095367432
2016-05-13,1.3600000143051147
2016-05-14,1.2400000095367432
2016-05-15,1.1399999856948853
2016-05-16,1.0599999427795408
2016-05-17,1.0499999523162842
2016-05-18,0.975000023841858
2016-05-19,0.9879999756813048
2016-05-20,0.8960000276565552
2016-05-21,0.8610000014305115
2016-05-22,1.3899999856948853
2016-05-23,1.850000023841858
2016-05-24,1.3899999856948853
2016-05-25,1.190000057220459
2016-05-26,1.0
2016-05-27,0.968999981880188
2016-05-28,0.9070000052452089
2016-05-29,0.8960000276565552
2016-05-30,0.8349999785423279
2016-05-31,0.7250000238418579
2016-06-01,0.6039999723434448
2016-06-02,0.5659999847412109
2016-06-03,0.5260000228881836
2016-06-04,0.4889999926090241
2016-06-05,0.4600000083446503
2016-06-06,0.4370000064373016
2016-06-07,0.4160000085830689
2016-06-08,0.4090000092983246
2016-06-09,0.4059999883174896
2016-06-10,0.4370000064373016
2016-06-11,0.4350000023841858
2016-06-12,0.4020000100135803
2016-06-13,0.3950000107288361
2016-06-14,0.4210000038146973
2016-06-15,0.375
2016-06-16,0.35100001096725464
2016-06-17,0.32899999618530273
2016-06-18,0.3389999866485596
2016-06-19,0.4090000092983246
2016-06-20,0.35199999809265137
2016-06-21,0.3269999921321869
2016-06-22,0.30799999833106995
2016-06-23,0.3160000145435333
2016-06-24,0.3319999873638153
2016-06-25,0.3070000112056732
2016-06-26,0.2879999876022339
2016-06-27,0.2770000100135803
2016-06-28,0.2829999923706055
2016-06-29,0.2590000033378601
2016-06-30,0.24799999594688416
2016-07-01,0.2440000027418137
2016-07-02,0.2380000054836273
2016-07-03,0.2300000041723252
2016-07-04,0.23199999332427976
2016-07-05,0.27399998903274536
2016-07-06,0.26499998569488525
2016-07-07,0.2409999966621399
2016-07-08,0.2450000047683716
2016-07-09,0.2509999871253968
2016-07-10,0.2189999967813492
2016-07-11,0.20600000023841847
2016-07-12,0.20100000500679016
2016-07-13,0.19499999284744265
2016-07-14,0.18700000643730166
2016-07-15,0.19499999284744265
2016-07-16,0.1940000057220459
2016-07-17,0.19099999964237213
2016-07-18,0.1860000044107437
2016-07-19,0.18700000643730166
2016-07-20,0.25
2016-07-21,0.2039999961853028
2016-07-22,0.19200000166893005
2016-07-23,0.18299999833106995
2016-07-24,0.17599999904632568
2016-07-25,0.1679999977350235
2016-07-26,0.16500000655651093
2016-07-27,0.16300000250339508
2016-07-28,0.15800000727176666
2016-07-29,0.1509999930858612
2016-07-30,0.1459999978542328
2016-07-31,0.14399999380111694
2016-08-01,0.14100000262260434
2016-08-02,0.14900000393390656
2016-08-03,0.15000000596046448
2016-08-04,0.14000000059604645
2016-08-05,0.1340000033378601
2016-08-06,0.13099999725818634
2016-08-07,0.12700000405311584
2016-08-08,0.12399999797344208
2016-08-09,0.12399999797344208
2016-08-10,0.12999999523162842
2016-08-11,0.12300000339746475
2016-08-12,0.1169999986886978
2016-08-13,0.1120000034570694
2016-08-14,0.10700000077486037
2016-08-15,0.1040000021457672
2016-08-16,0.10100000351667404
2016-08-17,0.09799999743700027
2016-08-18,0.0949999988079071
2016-08-19,0.09200000017881392
2016-08-20,0.08900000154972076
2016-08-21,0.0860000029206276
2016-08-22,0.08699999749660492
2016-08-23,0.08799999952316284
2016-08-24,0.08500000089406967
2016-08-25,0.0820000022649765
2016-08-26,0.08100000023841858
2016-08-27,0.08299999684095383
2016-08-28,0.08500000089406967
2016-08-29,0.08500000089406967
2016-08-30,0.08399999886751175
2016-08-31,0.0820000022649765
2016-09-01,0.08500000089406967
2016-09-02,0.0989999994635582
2016-09-03,0.10100000351667404
2016-09-04,0.09399999678134917
2016-09-05,0.09200000017881392
2016-09-06,0.09300000220537186
2016-09-07,0.0989999994635582
2016-09-08,0.1040000021457672
2016-09-09,0.10300000011920928
2016-09-10,0.09700000286102296
2016-09-11,0.09600000083446504
2016-09-12,0.09399999678134917
2016-09-13,0.09399999678134917
2016-09-14,0.09399999678134917
2016-09-15,0.09300000220537186
2016-09-16,0.09300000220537186
2016-09-17,0.10700000077486037
2016-09-18,0.11800000071525575
2016-09-19,0.11500000208616255
2016-09-20,0.12200000137090684
2016-09-21,0.11500000208616255
2016-09-22,0.11100000143051147
2016-09-23,0.10999999940395357
2016-09-24,0.11400000005960464
2016-09-25,0.11299999803304672
2016-09-26,0.11100000143051147
2016-09-27,0.10899999737739564
2016-09-28,0.10899999737739564
2016-09-29,0.10999999940395357
2016-09-30,0.10899999737739564
2016-10-01,0.10999999940395357
2016-10-02,0.10999999940395357
2016-10-03,0.1120000034570694
2016-10-04,0.11299999803304672
2016-10-05,0.11599999666213988
2016-10-06,0.11800000071525575
2016-10-07,0.125
2016-10-08,0.1449999958276749
2016-10-09,0.19499999284744265
2016-10-10,0.15199999511241913
2016-10-11,0.1430000066757202
2016-10-12,0.1420000046491623
2016-10-13,0.15399999916553495
2016-10-14,0.19599999487400047
2016-10-15,0.17800000309944153
2016-10-16,0.16899999976158142
2016-10-17,0.17399999499320984
2016-10-18,0.181999996304512
2016-10-19,0.17499999701976776
2016-10-20,0.2029999941587448
2016-10-21,0.19900000095367432
2016-10-22,0.1899999976158142
2016-10-23,0.1860000044107437
2016-10-24,0.1850000023841858
2016-10-25,0.2119999974966049
2016-10-26,0.20999999344348907
2016-10-27,0.2849999964237213
2016-10-28,0.25200000405311584
2016-10-29,0.2290000021457672
2016-10-30,0.22200000286102287
2016-10-31,0.23899999260902405
2016-11-01,0.26499998569488525
2016-11-02,0.3030000030994416
2016-11-03,0.3129999935626984
2016-11-04,0.2939999997615814
2016-11-05,0.2870000004768372
2016-11-06,0.35100001096725464
2016-11-07,0.31700000166893005
2016-11-08,0.3019999861717224
2016-11-09,0.2919999957084656
2016-11-10,0.28600001335144043
2016-11-11,0.27799999713897705
2016-11-12,0.3070000112056732
2016-11-13,0.3100000023841858
2016-11-14,0.3190000057220459
2016-11-15,0.3179999887943268
2016-11-16,0.3140000104904175
2016-11-17,0.3030000030994416
2016-11-18,0.296999990940094
2016-11-19,0.29899999499320984
2016-11-20,0.2980000078678131
2016-11-21,0.2930000126361847
2016-11-22,0.28600001335144043
2016-11-23,0.28600001335144043
2016-11-24,0.2800000011920929
2016-11-25,0.2759999930858612
2016-11-26,0.27900001406669617
2016-11-27,0.27900001406669617
2016-11-28,0.2720000147819519
2016-11-29,0.2639999985694885
2016-11-30,0.2619999945163727
2016-12-01,0.25799998641014105
2016-12-02,0.2549999952316284
2016-12-03,0.2540000081062317
2016-12-04,0.25699999928474426
2016-12-05,0.2080000042915344
2016-12-06,0.1940000057220459
2016-12-07,0.19200000166893005
2016-12-08,0.1899999976158142
2016-12-09,0.1850000023841858
2016-12-10,0.18000000715255735
2016-12-11,0.17399999499320984
2016-12-12,0.16599999368190765
2016-12-13,0.15700000524520874
2016-12-14,0.15199999511241913
2016-12-15,0.1449999958276749
2016-12-16,0.1379999965429306
2016-12-17,0.13600000739097595
2016-12-18,0.1379999965429306
2016-12-19,0.14399999380111694
2016-12-20,0.15199999511241913
2016-12-21,0.1599999964237213
2016-12-22,0.1599999964237213
2016-12-23,0.15800000727176666
2016-12-24,0.15700000524520874
2016-12-25,0.15399999916553495
2016-12-26,0.1509999930858612
2016-12-27,0.15199999511241913
2016-12-28,0.1469999998807907
2016-12-29,0.14900000393390656
2016-12-30,0.1509999930858612
2016-12-31,0.15000000596046448
2017-01-01,0.15199999511241913
2017-01-02,0.14399999380111694
2017-01-03,0.13500000536441806
2017-01-04,0.1379999965429306
2017-01-05,0.14000000059604645
2017-01-06,0.14000000059604645
2017-01-07,0.13899999856948853
2017-01-08,0.1379999965429306
2017-01-09,0.1430000066757202
2017-01-10,0.1340000033378601
2017-01-11,0.12600000202655792
2017-01-12,0.12300000339746475
2017-01-13,0.12300000339746475
2017-01-14,0.125
2017-01-15,0.12600000202655792
2017-01-16,0.12800000607967374
2017-01-17,0.1330000013113022
2017-01-18,0.13199999928474426
2017-01-19,0.13099999725818634
2017-01-20,0.12999999523162842
2017-01-21,0.1289999932050705
2017-01-22,0.12800000607967374
2017-01-23,0.125
2017-01-24,0.125
2017-01-25,0.125
2017-01-26,0.125
2017-01-27,0.125
2017-01-28,0.125
2017-01-29,0.125
2017-01-30,0.12700000405311584
2017-01-31,0.125
2017-02-01,0.125
2017-02-02,0.12700000405311584
2017-02-03,0.13899999856948853
2017-02-04,0.1459999978542328
2017-02-05,0.15000000596046448
2017-02-06,0.1509999930858612
2017-02-07,0.14800000190734866
2017-02-08,0.1550000011920929
2017-02-09,0.16099999845027926
2017-02-10,0.164000004529953
2017-02-11,0.16500000655651093
2017-02-12,0.16699999570846558
2017-02-13,0.1710000038146973
2017-02-14,0.1720000058412552
2017-02-15,0.17599999904632568
2017-02-16,0.1850000023841858
2017-02-17,0.1850000023841858
2017-02-18,0.181999996304512
2017-02-19,0.1809999942779541
2017-02-20,0.17800000309944153
2017-02-21,0.17800000309944153
2017-02-22,0.1770000010728836
2017-02-23,0.17299999296665192
2017-02-24,0.17299999296665192
2017-02-25,0.1710000038146973
2017-02-26,0.1710000038146973
2017-02-27,0.17000000178813934
2017-02-28,0.1770000010728836
2017-03-01,0.17900000512599945
2017-03-02,0.17900000512599945
2017-03-03,0.18700000643730166
2017-03-04,0.20000000298023224
2017-03-05,0.1979999989271164
2017-03-06,0.19900000095367432
2017-03-07,0.19900000095367432
2017-03-08,0.20100000500679016
2017-03-09,0.20100000500679016
2017-03-10,0.2039999961853028
2017-03-11,0.2070000022649765
2017-03-12,0.2140000015497208
2017-03-13,0.2370000034570694
2017-03-14,0.2419999986886978
2017-03-15,0.2540000081062317
2017-03-16,0.33000001311302185
2017-03-17,0.2770000100135803
2017-03-18,0.2759999930858612
2017-03-19,0.27799999713897705
2017-03-20,0.27399998903274536
2017-03-21,0.2770000100135803
2017-03-22,0.2960000038146973
2017-03-23,0.3310000002384186
2017-03-24,0.33799999952316284
2017-03-25,0.3720000088214874
2017-03-26,0.3899999856948853
2017-03-27,0.4110000133514404
2017-03-28,0.4569999873638153
2017-03-29,0.7329999804496765
2017-03-30,1.3300000429153442
2017-03-31,1.4099999666213991
2017-04-01,1.6299999952316284
2017-04-02,1.5199999809265137
2017-04-03,1.2300000190734863
2017-04-04,1.0
2017-04-05,1.0199999809265137
2017-04-06,1.1599999666213991
2017-04-07,1.6200000047683716
2017-04-08,1.559999942779541
2017-04-09,1.4600000381469729
2017-04-10,1.4600000381469729
2017-04-11,1.559999942779541
2017-04-12,1.399999976158142
2017-04-13,1.4299999475479126
2017-04-14,1.4900000095367432
2017-04-15,1.4199999570846558
2017-04-16,1.3899999856948853
2017-04-17,1.4500000476837158
2017-04-18,2.0699999332427983
2017-04-19,2.1400001049041752
2017-04-20,1.950000047683716
2017-04-21,2.259999990463257
2017-04-22,2.0799999237060547
2017-04-23,2.039999961853028
2017-04-24,2.059999942779541
2017-04-25,2.1199998855590816
2017-04-26,2.3499999046325684
2017-04-27,2.549999952316284
2017-04-28,2.3299999237060547
2017-04-29,2.1300001144409184
2017-04-30,2.009999990463257
2017-05-01,1.950000047683716
2017-05-02,1.830000042915344
2017-05-03,2.1300001144409184
2017-05-04,2.549999952316284
2017-05-05,9.119999885559082
2017-05-06,10.399999618530273
2017-05-07,7.320000171661378
2017-05-08,4.960000038146973
2017-05-09,4.0
2017-05-10,4.019999980926514
2017-05-11,4.519999980926514
2017-05-12,5.849999904632568
2017-05-13,4.059999942779541
2017-05-14,3.119999885559082
2017-05-15,2.5799999237060547
2017-05-16,2.539999961853028
2017-05-17,2.3199999332427983
2017-05-18,2.4300000667572017
2017-05-19,2.5699999332427983
2017-05-20,2.8199999332427983
2017-05-21,3.440000057220459
2017-05-22,4.190000057220459
2017-05-23,5.21999979019165
2017-05-24,4.400000095367432
2017-05-25,3.140000104904175
2017-05-26,2.8199999332427983
2017-05-27,2.880000114440918
2017-05-28,3.009999990463257
2017-05-29,3.2000000476837163
2017-05-30,3.130000114440918
2017-05-31,2.9300000667572017
2017-06-01,2.9800000190734863
2017-06-02,2.559999942779541
2017-06-03,2.1400001049041752
2017-06-04,1.8899999856948853
2017-06-05,1.690000057220459
2017-06-06,1.5299999713897705
2017-06-07,1.4099999666213991
2017-06-08,1.3899999856948853
2017-06-09,1.2899999618530271
2017-06-10,1.1699999570846558
2017-06-11,1.100000023841858
2017-06-12,1.0199999809265137
2017-06-13,0.9570000171661376
2017-06-14,0.8920000195503235
2017-06-15,0.8659999966621399
2017-06-16,0.8550000190734863
2017-06-17,0.8149999976158142
2017-06-18,0.7670000195503235
2017-06-19,0.7350000143051147
2017-06-20,0.7020000219345093
2017-06-21,0.6549999713897705
2017-06-22,0.6240000128746033
2017-06-23,0.593999981880188
2017-06-24,0.5680000185966492
2017-06-25,0.5440000295639038
2017-06-26,0.5210000276565552
2017-06-27,0.492000013589859
2017-06-28,0.4760000109672546
2017-06-29,0.4569999873638153
2017-06-30,0.4370000064373016
2017-07-01,0.4129999876022339
2017-07-02,0.3889999985694885
2017-07-03,0.3709999918937683
2017-07-04,0.3540000021457672
2017-07-05,0.335999995470047
2017-07-06,0.31700000166893005
2017-07-07,0.30399999022483826
2017-07-08,0.2899999916553497
2017-07-09,0.27399998903274536
2017-07-10,0.25999999046325684
2017-07-11,0.24799999594688416
2017-07-12,0.2360000014305115
2017-07-13,0.2240000069141388
2017-07-14,0.2140000015497208
2017-07-15,0.20600000023841847
2017-07-16,0.20100000500679016
2017-07-17,0.19599999487400047
2017-07-18,0.1899999976158142
2017-07-19,0.1850000023841858
2017-07-20,0.17800000309944153
2017-07-21,0.17299999296665192
2017-07-22,0.1710000038146973
2017-07-23,0.16500000655651093
2017-07-24,0.15800000727176666
2017-07-25,0.15299999713897705
2017-07-26,0.1469999998807907
2017-07-27,0.14100000262260434
2017-07-28,0.13600000739097595
2017-07-29,0.13199999928474426
2017-07-30,0.12700000405311584
2017-07-31,0.12200000137090684
2017-08-01,0.11900000274181365
2017-08-02,0.11400000005960464
2017-08-03,0.10999999940395357
2017-08-04,0.10899999737739564
2017-08-05,0.10300000011920928
2017-08-06,0.0989999994635582
2017-08-07,0.09600000083446504
2017-08-08,0.09300000220537186
2017-08-09,0.09000000357627869
2017-08-10,0.08699999749660492
2017-08-11,0.08399999886751175
2017-08-12,0.08299999684095383
2017-08-13,0.08399999886751175
2017-08-14,0.0820000022649765
2017-08-15,0.07900000363588333
2017-08-16,0.07699999958276749
2017-08-17,0.07400000095367433
2017-08-18,0.07199999690055847
2017-08-19,0.0689999982714653
2017-08-20,0.06800000369548798
2017-08-21,0.06700000166893005
2017-08-22,0.06499999761581421
2017-08-23,0.06300000101327896
2017-08-24,0.06199999898672104
2017-08-25,0.06300000101327896
2017-08-26,0.061000000685453415
2017-08-27,0.059000000357627876
2017-08-28,0.05700000002980232
2017-08-29,0.054999999701976776
2017-08-30,0.05400000140070915
2017-08-31,0.05299999937415123
2017-09-01,0.05299999937415123
2017-09-02,0.052000001072883606
2017-09-03,0.050999999046325684
2017-09-04,0.05000000074505806
2017-09-05,0.05000000074505806
2017-09-06,0.04899999871850014
2017-09-07,0.04899999871850014
2017-09-08,0.04899999871850014
2017-09-09,0.052000001072883606
2017-09-10,0.05299999937415123
2017-09-11,0.052000001072883606
2017-09-12,0.050999999046325684
2017-09-13,0.05000000074505806
2017-09-14,0.04899999871850014
2017-09-15,0.04899999871850014
2017-09-16,0.04899999871850014
2017-09-17,0.04800000041723251
2017-09-18,0.05000000074505806
2017-09-19,0.04800000041723251
2017-09-20,0.04800000041723251
2017-09-21,0.04800000041723251
2017-09-22,0.04699999839067458
2017-09-23,0.04699999839067458
2017-09-24,0.04699999839067458
2017-09-25,0.04600000008940697
2017-09-26,0.04600000008940697
2017-09-27,0.04600000008940697
2017-09-28,0.045000001788139336
2017-09-29,0.04399999976158142
2017-09-30,0.045000001788139336
2017-10-01,0.04600000008940697
2017-10-02,0.04600000008940697
2017-10-03,0.04699999839067458
2017-10-04,0.04699999839067458
2017-10-05,0.04600000008940697
2017-10-06,0.04699999839067458
2017-10-07,0.050999999046325684
2017-10-08,0.052000001072883606
2017-10-09,0.052000001072883606
2017-10-10,0.050999999046325684
2017-10-11,0.05000000074505806
2017-10-12,0.05000000074505806
2017-10-13,0.050999999046325684
2017-10-14,0.052000001072883606
2017-10-15,0.052000001072883606
2017-10-16,0.052000001072883606
2017-10-17,0.05799999833106995
2017-10-18,0.06199999898672104
2017-10-19,0.05799999833106995
2017-10-20,0.059000000357627876
2017-10-21,0.059000000357627876
2017-10-22,0.07199999690055847
2017-10-23,0.06800000369548798
2017-10-24,0.061000000685453415
2017-10-25,0.061000000685453415
2017-10-26,0.0689999982714653
2017-10-27,0.061000000685453415
2017-10-28,0.059999998658895486
2017-10-29,0.059000000357627876
2017-10-30,0.059000000357627876
2017-10-31,0.05799999833106995
2017-11-01,0.05799999833106995
2017-11-02,0.06400000303983687
2017-11-03,0.05799999833106995
2017-11-04,0.054999999701976776
2017-11-05,0.05299999937415123
2017-11-06,0.050999999046325684
2017-11-07,0.052000001072883606
2017-11-08,0.050999999046325684
2017-11-09,0.05299999937415123
2017-11-10,0.05400000140070915
2017-11-11,0.054999999701976776
2017-11-12,0.0560000017285347
2017-11-13,0.059000000357627876
2017-11-14,0.06300000101327896
2017-11-15,0.06400000303983687
2017-11-16,0.06300000101327896
2017-11-17,0.06199999898672104
2017-11-18,0.061000000685453415
2017-11-19,0.061000000685453415
2017-11-20,0.061000000685453415
2017-11-21,0.06599999964237213
2017-11-22,0.0689999982714653
2017-11-23,0.1169999986886978
2017-11-24,0.0949999988079071
2017-11-25,0.07900000363588333
2017-11-26,0.07400000095367433
2017-11-27,0.0729999989271164
2017-11-28,0.06800000369548798
2017-11-29,0.06499999761581421
2017-11-30,0.06700000166893005
2017-12-01,0.06499999761581421
2017-12-02,0.06400000303983687
2017-12-03,0.06199999898672104
2017-12-04,0.059000000357627876
2017-12-05,0.059000000357627876
2017-12-06,0.05799999833106995
2017-12-07,0.059000000357627876
2017-12-08,0.05799999833106995
2017-12-09,0.0560000017285347
2017-12-10,0.054999999701976776
2017-12-11,0.05400000140070915
2017-12-12,0.05299999937415123
2017-12-13,0.05400000140070915
2017-12-14,0.05400000140070915
2017-12-15,0.054999999701976776
2017-12-16,0.05400000140070915
2017-12-17,0.0560000017285347
2017-12-18,0.05700000002980232
2017-12-19,0.05700000002980232
2017-12-20,0.05700000002980232
2017-12-21,0.05400000140070915
2017-12-22,0.052000001072883606
2017-12-23,0.050999999046325684
2017-12-24,0.050999999046325684
2017-12-25,0.052000001072883606
2017-12-26,0.05299999937415123
2017-12-27,0.05299999937415123
2017-12-28,0.05400000140070915
2017-12-29,0.05400000140070915
2017-12-30,0.05400000140070915
2017-12-31,0.05299999937415123
