Datetime,Streamflow (m3/s)
1950-10-01,14.0
1950-10-02,13.899999618530273
1950-10-03,13.699999809265135
1950-10-04,12.100000381469727
1950-10-05,10.5
1950-10-06,10.5
1950-10-07,10.5
1950-10-08,10.600000381469727
1950-10-09,10.600000381469727
1950-10-10,10.800000190734863
1950-10-11,11.0
1950-10-12,11.300000190734865
1950-10-13,10.5
1950-10-14,10.800000190734863
1950-10-15,11.199999809265137
1950-10-16,11.5
1950-10-17,11.399999618530273
1950-10-18,11.399999618530273
1950-10-19,12.0
1950-10-20,12.699999809265135
1950-10-21,12.699999809265135
1950-10-22,12.699999809265135
1950-10-23,12.699999809265135
1950-10-24,12.600000381469727
1950-10-25,12.199999809265135
1950-10-26,11.699999809265135
1950-10-27,12.199999809265135
1950-10-28,12.600000381469727
1950-10-29,13.300000190734865
1950-10-30,14.0
1950-10-31,13.399999618530273
1950-11-01,12.699999809265135
1950-11-02,12.199999809265135
1950-11-03,11.600000381469727
1950-11-04,11.600000381469727
1950-11-05,11.699999809265135
1950-11-06,11.699999809265135
1950-11-07,12.0
1950-11-08,12.300000190734865
1950-11-09,12.600000381469727
1950-11-10,12.100000381469727
1950-11-11,11.5
1950-11-12,12.100000381469727
1950-11-13,12.600000381469727
1950-11-14,12.5
1950-11-15,12.399999618530273
1950-11-16,12.600000381469727
1950-11-17,12.899999618530273
1950-11-18,12.199999809265135
1950-11-19,11.5
1950-11-20,10.800000190734863
1950-11-21,10.100000381469727
1950-11-22,9.460000038146973
1950-11-23,10.100000381469727
1950-11-24,10.800000190734863
1950-11-25,11.5
1950-11-26,11.0
1950-11-27,10.5
1950-11-28,9.970000267028807
1950-11-29,9.460000038146973
1950-11-30,9.0600004196167
1950-12-01,8.720000267028809
1950-12-02,8.329999923706055
1950-12-03,7.929999828338622
1950-12-04,7.5
1950-12-05,6.940000057220459
1950-12-06,6.230000019073486
1950-12-07,5.949999809265138
1950-12-08,5.889999866485598
1950-12-09,5.949999809265138
1950-12-10,6.0
1950-12-11,5.96999979019165
1950-12-12,5.800000190734862
1950-12-13,5.380000114440918
1950-12-14,4.809999942779541
1950-12-15,4.619999885559082
1950-12-16,4.449999809265137
1950-12-17,4.25
1950-12-18,4.130000114440918
1950-12-19,4.019999980926514
1950-12-20,3.910000085830689
1950-12-21,3.7699999809265137
1950-12-22,3.6800000667572017
1950-12-23,3.5399999618530287
1950-12-24,3.4500000476837163
1950-12-25,3.400000095367432
1950-12-26,3.259999990463257
1950-12-27,3.140000104904175
1950-12-28,3.059999942779541
1950-12-29,2.970000028610228
1950-12-30,2.9200000762939453
1950-12-31,2.890000104904175
1951-01-01,2.8299999237060547
1951-01-02,2.7799999713897705
1951-01-03,2.75
1951-01-04,2.690000057220459
1951-01-05,2.630000114440918
1951-01-06,2.5799999237060547
1951-01-07,2.5199999809265137
1951-01-08,2.490000009536743
1951-01-09,2.490000009536743
1951-01-10,2.4600000381469727
1951-01-11,2.4600000381469727
1951-01-12,2.440000057220459
1951-01-13,2.4100000858306885
1951-01-14,2.380000114440918
1951-01-15,2.380000114440918
1951-01-16,2.3499999046325684
1951-01-17,2.3199999332427983
1951-01-18,2.289999961853028
1951-01-19,2.2699999809265137
1951-01-20,2.3199999332427983
1951-01-21,2.380000114440918
1951-01-22,2.440000057220459
1951-01-23,2.490000009536743
1951-01-24,2.549999952316284
1951-01-25,2.549999952316284
1951-01-26,2.549999952316284
1951-01-27,2.549999952316284
1951-01-28,2.490000009536743
1951-01-29,2.4100000858306885
1951-01-30,2.3199999332427983
1951-01-31,2.2699999809265137
1951-02-01,2.490000009536743
1951-02-02,2.720000028610229
1951-02-03,2.890000104904175
1951-02-04,3.1700000762939453
1951-02-05,3.4500000476837163
1951-02-06,3.509999990463257
1951-02-07,3.400000095367432
1951-02-08,3.4500000476837163
1951-02-09,3.5999999046325684
1951-02-10,3.8199999332427983
1951-02-11,5.800000190734862
1951-02-12,5.949999809265138
1951-02-13,5.6599998474121085
1951-02-14,5.519999980926514
1951-02-15,5.489999771118164
1951-02-16,5.46999979019165
1951-02-17,5.440000057220459
1951-02-18,5.440000057220459
1951-02-19,5.440000057220459
1951-02-20,5.440000057220459
1951-02-21,5.46999979019165
1951-02-22,5.320000171661377
1951-02-23,5.150000095367432
1951-02-24,5.010000228881836
1951-02-25,4.869999885559082
1951-02-26,4.840000152587892
1951-02-27,4.809999942779541
1951-02-28,4.789999961853027
1951-03-01,4.789999961853027
1951-03-02,4.789999961853027
1951-03-03,4.789999961853027
1951-03-04,4.789999961853027
1951-03-05,4.980000019073486
1951-03-06,5.179999828338623
1951-03-07,5.380000114440918
1951-03-08,5.4099998474121085
1951-03-09,5.440000057220459
1951-03-10,5.46999979019165
1951-03-11,5.46999979019165
1951-03-12,5.78000020980835
1951-03-13,6.119999885559082
1951-03-14,6.429999828338622
1951-03-15,5.46999979019165
1951-03-16,4.46999979019165
1951-03-17,3.4800000190734863
1951-03-18,2.490000009536743
1951-03-19,3.2000000476837163
1951-03-20,3.910000085830689
1951-03-21,4.619999885559082
1951-03-22,4.699999809265137
1951-03-23,4.760000228881836
1951-03-24,4.809999942779541
1951-03-25,4.900000095367432
1951-03-26,4.960000038146973
1951-03-27,4.869999885559082
1951-03-28,4.789999961853027
1951-03-29,4.760000228881836
1951-03-30,4.699999809265137
1951-03-31,5.210000038146973
1951-04-01,5.71999979019165
1951-04-02,5.78000020980835
1951-04-03,5.829999923706055
1951-04-04,5.889999866485598
1951-04-05,6.170000076293945
1951-04-06,6.429999828338622
1951-04-07,6.820000171661378
1951-04-08,7.21999979019165
1951-04-09,7.730000019073486
1951-04-10,8.210000038146973
1951-04-11,9.369999885559082
1951-04-12,10.5
1951-04-13,11.699999809265135
1951-04-14,12.899999618530273
1951-04-15,13.5
1951-04-16,14.0
1951-04-17,14.600000381469727
1951-04-18,15.199999809265135
1951-04-19,15.800000190734865
1951-04-20,16.399999618530273
1951-04-21,17.0
1951-04-22,16.299999237060547
1951-04-23,16.299999237060547
1951-04-24,16.299999237060547
1951-04-25,16.299999237060547
1951-04-26,19.5
1951-04-27,22.70000076293945
1951-04-28,26.0
1951-04-29,29.399999618530284
1951-04-30,33.09999847412109
1951-05-01,36.79999923706055
1951-05-02,40.20000076293945
1951-05-03,43.900001525878906
1951-05-04,49.0
1951-05-05,54.099998474121094
1951-05-06,79.5999984741211
1951-05-07,105.0
1951-05-08,106.0
1951-05-09,107.0
1951-05-10,108.0
1951-05-11,109.0
1951-05-12,108.0
1951-05-13,108.0
1951-05-14,107.0
1951-05-15,106.0
1951-05-16,107.0
1951-05-17,108.0
1951-05-18,108.0
1951-05-19,108.0
1951-05-20,107.0
1951-05-21,107.0
1951-05-22,108.0
1951-05-23,108.0
1951-05-24,109.0
1951-05-25,110.0
1951-05-26,108.0
1951-05-27,106.0
1951-05-28,106.0
1951-05-29,106.0
1951-05-30,105.0
1951-05-31,105.0
1951-06-01,88.30000305175781
1951-06-02,71.9000015258789
1951-06-03,55.20000076293945
1951-06-04,55.20000076293945
1951-06-05,54.9000015258789
1951-06-06,54.9000015258789
1951-06-07,54.70000076293945
1951-06-08,54.4000015258789
1951-06-09,54.9000015258789
1951-06-10,55.20000076293945
1951-06-11,86.69999694824219
1951-06-12,118.0
1951-06-13,150.0
1951-06-14,181.0
1951-06-15,213.0
1951-06-16,169.0
1951-06-17,125.0
1951-06-18,120.0
1951-06-19,115.0
1951-06-20,110.0
1951-06-21,105.0
1951-06-22,98.8000030517578
1951-06-23,97.4000015258789
1951-06-24,95.6999969482422
1951-06-25,97.4000015258789
1951-06-26,98.8000030517578
1951-06-27,100.0
1951-06-28,102.0
1951-06-29,95.6999969482422
1951-06-30,89.80000305175781
1951-07-01,89.80000305175781
1951-07-02,103.0
1951-07-03,115.0
1951-07-04,128.0
1951-07-05,140.0
1951-07-06,140.0
1951-07-07,140.0
1951-07-08,140.0
1951-07-09,125.0
1951-07-10,112.0
1951-07-11,98.8000030517578
1951-07-12,105.0
1951-07-13,112.0
1951-07-14,113.0
1951-07-15,115.0
1951-07-16,112.0
1951-07-17,108.0
1951-07-18,105.0
1951-07-19,98.8000030517578
1951-07-20,92.5999984741211
1951-07-21,87.19999694824219
1951-07-22,82.0999984741211
1951-07-23,76.69999694824219
1951-07-24,71.4000015258789
1951-07-25,73.0999984741211
1951-07-26,74.5
1951-07-27,76.19999694824219
1951-07-28,66.5
1951-07-29,65.69999694824219
1951-07-30,65.09999847412111
1951-07-31,64.59999847412111
1951-08-01,63.70000076293945
1951-08-02,62.9000015258789
1951-08-03,62.29999923706055
1951-08-04,64.59999847412111
1951-08-05,66.5
1951-08-06,59.5
1951-08-07,52.099998474121094
1951-08-08,45.0
1951-08-09,37.900001525878906
1951-08-10,36.5
1951-08-11,35.09999847412109
1951-08-12,35.09999847412109
1951-08-13,34.5
1951-08-14,34.0
1951-08-15,33.700000762939446
1951-08-16,33.09999847412109
1951-08-17,32.59999847412109
1951-08-18,32.59999847412109
1951-08-19,32.59999847412109
1951-08-20,32.0
1951-08-21,31.399999618530284
1951-08-22,31.10000038146973
1951-08-23,30.60000038146973
1951-08-24,30.0
1951-08-25,31.10000038146973
1951-08-26,32.59999847412109
1951-08-27,33.09999847412109
1951-08-28,34.0
1951-08-29,34.5
1951-08-30,35.09999847412109
1951-08-31,37.099998474121094
1951-09-01,38.79999923706055
1951-09-02,40.79999923706055
1951-09-03,40.20000076293945
1951-09-04,39.599998474121094
1951-09-05,39.099998474121094
1951-09-06,38.5
1951-09-07,37.900001525878906
1951-09-08,38.79999923706055
1951-09-09,39.900001525878906
1951-09-10,40.79999923706055
1951-09-11,41.099998474121094
1951-09-12,41.29999923706055
1951-09-13,41.900001525878906
1951-09-14,42.20000076293945
1951-09-15,42.5
1951-09-16,40.79999923706055
1951-09-17,37.099998474121094
1951-09-18,33.400001525878906
1951-09-19,29.399999618530284
1951-09-20,25.79999923706055
1951-09-21,24.79999923706055
1951-09-22,23.79999923706055
1951-09-23,23.79999923706055
1951-09-24,23.399999618530284
1951-09-25,23.0
1951-09-26,22.60000038146973
1951-09-27,22.200000762939453
1951-09-28,21.799999237060547
1951-09-29,22.79999923706055
1951-09-30,23.79999923706055
1951-10-01,24.79999923706055
1951-10-02,25.79999923706055
1951-10-03,25.29999923706055
1951-10-04,24.79999923706055
1951-10-05,24.29999923706055
1951-10-06,23.79999923706055
1951-10-07,26.70000076293945
1951-10-08,29.70000076293945
1951-10-09,32.59999847412109
1951-10-10,30.899999618530284
1951-10-11,29.399999618530284
1951-10-12,27.79999923706055
1951-10-13,28.60000038146973
1951-10-14,29.20000076293945
1951-10-15,30.0
1951-10-16,30.60000038146973
1951-10-17,31.10000038146973
1951-10-18,32.0
1951-10-19,32.59999847412109
1951-10-20,30.29999923706055
1951-10-21,28.0
1951-10-22,25.79999923706055
1951-10-23,24.399999618530284
1951-10-24,23.10000038146973
1951-10-25,21.799999237060547
1951-10-26,21.799999237060547
1951-10-27,21.799999237060547
1951-10-28,21.799999237060547
1951-10-29,21.200000762939453
1951-10-30,20.700000762939453
1951-10-31,20.100000381469727
1951-11-01,19.5
1951-11-02,19.0
1951-11-03,18.39999961853028
1951-11-04,17.0
1951-11-05,16.799999237060547
1951-11-06,16.5
1951-11-07,16.299999237060547
1951-11-08,16.0
1951-11-09,15.800000190734865
1951-11-10,15.600000381469727
1951-11-11,15.199999809265135
1951-11-12,14.899999618530273
1951-11-13,14.699999809265135
1951-11-14,14.5
1951-11-15,14.300000190734865
1951-11-16,14.199999809265135
1951-11-17,14.199999809265135
1951-11-18,14.199999809265135
1951-11-19,14.0
1951-11-20,13.899999618530273
1951-11-21,13.699999809265135
1951-11-22,13.600000381469727
1951-11-23,13.5
1951-11-24,13.100000381469727
1951-11-25,12.699999809265135
1951-11-26,12.699999809265135
1951-11-27,12.5
1951-11-28,12.199999809265135
1951-11-29,11.899999618530273
1951-11-30,11.600000381469727
1951-12-01,11.300000190734865
1951-12-02,11.0
1951-12-03,11.0
1951-12-04,10.800000190734863
1951-12-05,10.800000190734863
1951-12-06,10.600000381469727
1951-12-07,10.600000381469727
1951-12-08,10.5
1951-12-09,10.100000381469727
1951-12-10,9.630000114440918
1951-12-11,9.199999809265137
1951-12-12,8.779999732971191
1951-12-13,7.929999828338622
1951-12-14,7.079999923706055
1951-12-15,6.230000019073486
1951-12-16,
1951-12-17,
1951-12-18,
1951-12-19,
1951-12-20,
1951-12-21,
1951-12-22,
1951-12-23,
1951-12-24,
1951-12-25,
1951-12-26,
1951-12-27,
1951-12-28,
1951-12-29,
1951-12-30,
1951-12-31,
1952-01-01,
1952-01-02,
1952-01-03,
1952-01-04,
1952-01-05,
1952-01-06,
1952-01-07,
1952-01-08,
1952-01-09,
1952-01-10,
1952-01-11,
1952-01-12,
1952-01-13,
1952-01-14,
1952-01-15,
1952-01-16,
1952-01-17,
1952-01-18,
1952-01-19,
1952-01-20,
1952-01-21,
1952-01-22,
1952-01-23,
1952-01-24,
1952-01-25,
1952-01-26,
1952-01-27,
1952-01-28,
1952-01-29,
1952-01-30,
1952-01-31,
1952-02-01,
1952-02-02,
1952-02-03,
1952-02-04,
1952-02-05,
1952-02-06,
1952-02-07,
1952-02-08,
1952-02-09,
1952-02-10,
1952-02-11,
1952-02-12,
1952-02-13,
1952-02-14,
1952-02-15,
1952-02-16,
1952-02-17,
1952-02-18,
1952-02-19,
1952-02-20,
1952-02-21,
1952-02-22,
1952-02-23,
1952-02-24,
1952-02-25,
1952-02-26,5.800000190734862
1952-02-27,5.6599998474121085
1952-02-28,5.519999980926514
1952-02-29,5.380000114440918
1952-03-01,5.519999980926514
1952-03-02,5.6599998474121085
1952-03-03,5.800000190734862
1952-03-04,5.800000190734862
1952-03-05,5.800000190734862
1952-03-06,5.800000190734862
1952-03-07,5.800000190734862
1952-03-08,5.800000190734862
1952-03-09,5.800000190734862
1952-03-10,5.800000190734862
1952-03-11,5.800000190734862
1952-03-12,5.800000190734862
1952-03-13,5.800000190734862
1952-03-14,5.800000190734862
1952-03-15,5.800000190734862
1952-03-16,5.800000190734862
1952-03-17,5.639999866485598
1952-03-18,5.46999979019165
1952-03-19,5.300000190734863
1952-03-20,5.130000114440918
1952-03-21,4.960000038146973
1952-03-22,5.150000095367432
1952-03-23,5.380000114440918
1952-03-24,5.320000171661377
1952-03-25,5.269999980926514
1952-03-26,5.210000038146973
1952-03-27,5.130000114440918
1952-03-28,5.039999961853027
1952-03-29,4.960000038146973
1952-03-30,5.099999904632568
1952-03-31,5.239999771118164
1952-04-01,5.380000114440918
1952-04-02,5.489999771118164
1952-04-03,5.610000133514403
1952-04-04,5.71999979019165
1952-04-05,5.800000190734862
1952-04-06,5.800000190734862
1952-04-07,5.800000190734862
1952-04-08,5.800000190734862
1952-04-09,5.800000190734862
1952-04-10,5.610000133514403
1952-04-11,5.380000114440918
1952-04-12,5.800000190734862
1952-04-13,6.230000019073486
1952-04-14,8.380000114440918
1952-04-15,10.5
1952-04-16,12.699999809265135
1952-04-17,14.899999618530273
1952-04-18,14.600000381469727
1952-04-19,14.399999618530273
1952-04-20,14.199999809265135
1952-04-21,20.799999237060547
1952-04-22,27.5
1952-04-23,34.0
1952-04-24,40.79999923706055
1952-04-25,47.599998474121094
1952-04-26,54.099998474121094
1952-04-27,60.599998474121094
1952-04-28,67.09999847412111
1952-04-29,73.5999984741211
1952-04-30,63.70000076293945
1952-05-01,53.79999923706055
1952-05-02,43.900001525878906
1952-05-03,41.099998474121094
1952-05-04,37.900001525878906
1952-05-05,35.09999847412109
1952-05-06,34.5
1952-05-07,34.0
1952-05-08,34.0
1952-05-09,34.5
1952-05-10,35.09999847412109
1952-05-11,44.70000076293945
1952-05-12,54.4000015258789
1952-05-13,64.0
1952-05-14,73.5999984741211
1952-05-15,76.19999694824219
1952-05-16,79.0
1952-05-17,81.5999984741211
1952-05-18,84.4000015258789
1952-05-19,88.9000015258789
1952-05-20,93.1999969482422
1952-05-21,97.6999969482422
1952-05-22,92.3000030517578
1952-05-23,86.9000015258789
1952-05-24,85.5
1952-05-25,84.4000015258789
1952-05-26,86.9000015258789
1952-05-27,82.0999984741211
1952-05-28,77.0
1952-05-29,72.19999694824219
1952-05-30,67.09999847412111
1952-05-31,62.29999923706055
1952-06-01,58.0
1952-06-02,64.59999847412111
1952-06-03,71.4000015258789
1952-06-04,76.5
1952-06-05,81.5999984741211
1952-06-06,78.19999694824219
1952-06-07,74.80000305175781
1952-06-08,71.4000015258789
1952-06-09,62.29999923706055
1952-06-10,63.099998474121094
1952-06-11,64.0
1952-06-12,64.80000305175781
1952-06-13,65.69999694824219
1952-06-14,66.5
1952-06-15,66.5
1952-06-16,63.70000076293945
1952-06-17,60.9000015258789
1952-06-18,58.0
1952-06-19,56.099998474121094
1952-06-20,54.099998474121094
1952-06-21,54.099998474121094
1952-06-22,54.099998474121094
1952-06-23,57.5
1952-06-24,60.9000015258789
1952-06-25,64.59999847412111
1952-06-26,68.0
1952-06-27,71.4000015258789
1952-06-28,72.5
1952-06-29,73.5999984741211
1952-06-30,70.19999694824219
1952-07-01,67.09999847412111
1952-07-02,64.0
1952-07-03,60.599998474121094
1952-07-04,57.20000076293945
1952-07-05,54.099998474121094
1952-07-06,51.79999923706055
1952-07-07,49.599998474121094
1952-07-08,47.599998474121094
1952-07-09,45.29999923706055
1952-07-10,48.4000015258789
1952-07-11,45.29999923706055
1952-07-12,43.0
1952-07-13,40.79999923706055
1952-07-14,40.79999923706055
1952-07-15,40.79999923706055
1952-07-16,40.79999923706055
1952-07-17,45.29999923706055
1952-07-18,42.5
1952-07-19,39.400001525878906
1952-07-20,36.5
1952-07-21,36.5
1952-07-22,36.5
1952-07-23,36.5
1952-07-24,36.0
1952-07-25,35.70000076293945
1952-07-26,35.09999847412109
1952-07-27,35.09999847412109
1952-07-28,34.0
1952-07-29,32.59999847412109
1952-07-30,31.10000038146973
1952-07-31,30.0
1952-08-01,28.899999618530284
1952-08-02,27.79999923706055
1952-08-03,27.79999923706055
1952-08-04,27.79999923706055
1952-08-05,27.79999923706055
1952-08-06,29.20000076293945
1952-08-07,30.60000038146973
1952-08-08,30.29999923706055
1952-08-09,30.29999923706055
1952-08-10,30.0
1952-08-11,30.0
1952-08-12,30.0
1952-08-13,30.0
1952-08-14,30.0
1952-08-15,30.0
1952-08-16,30.0
1952-08-17,28.899999618530284
1952-08-18,27.79999923706055
1952-08-19,25.79999923706055
1952-08-20,24.60000038146973
1952-08-21,23.399999618530284
1952-08-22,22.200000762939453
1952-08-23,21.700000762939453
1952-08-24,21.299999237060547
1952-08-25,20.600000381469727
1952-08-26,20.0
1952-08-27,19.299999237060547
1952-08-28,18.600000381469727
1952-08-29,18.0
1952-08-30,16.899999618530273
1952-08-31,15.800000190734865
1952-09-01,14.800000190734865
1952-09-02,13.699999809265135
1952-09-03,14.199999809265135
1952-09-04,14.699999809265135
1952-09-05,15.100000381469727
1952-09-06,15.100000381469727
1952-09-07,15.100000381469727
1952-09-08,15.100000381469727
1952-09-09,15.100000381469727
1952-09-10,15.100000381469727
1952-09-11,15.100000381469727
1952-09-12,15.100000381469727
1952-09-13,15.199999809265135
1952-09-14,15.300000190734865
1952-09-15,15.399999618530273
1952-09-16,15.399999618530273
1952-09-17,15.300000190734865
1952-09-18,15.100000381469727
1952-09-19,15.100000381469727
1952-09-20,15.100000381469727
1952-09-21,14.899999618530273
1952-09-22,14.699999809265135
1952-09-23,14.5
1952-09-24,14.300000190734865
1952-09-25,14.199999809265135
1952-09-26,14.0
1952-09-27,13.800000190734865
1952-09-28,13.600000381469727
1952-09-29,13.399999618530273
1952-09-30,13.199999809265135
1952-10-01,13.300000190734865
1952-10-02,13.300000190734865
1952-10-03,12.899999618530273
1952-10-04,12.399999618530273
1952-10-05,12.300000190734865
1952-10-06,12.300000190734865
1952-10-07,12.100000381469727
1952-10-08,12.0
1952-10-09,11.899999618530273
1952-10-10,11.699999809265135
1952-10-11,11.600000381469727
1952-10-12,11.5
1952-10-13,11.399999618530273
1952-10-14,11.300000190734865
1952-10-15,11.0
1952-10-16,10.699999809265137
1952-10-17,10.399999618530273
1952-10-18,10.100000381469727
1952-10-19,9.9399995803833
1952-10-20,9.770000457763672
1952-10-21,9.56999969482422
1952-10-22,9.56999969482422
1952-10-23,9.56999969482422
1952-10-24,9.56999969482422
1952-10-25,9.56999969482422
1952-10-26,9.0
1952-10-27,8.720000267028809
1952-10-28,8.439999580383299
1952-10-29,8.439999580383299
1952-10-30,8.439999580383299
1952-10-31,8.439999580383299
1952-11-01,8.270000457763674
1952-11-02,8.100000381469728
1952-11-03,7.929999828338622
1952-11-04,8.210000038146973
1952-11-05,8.130000114440918
1952-11-06,8.010000228881836
1952-11-07,7.929999828338622
1952-11-08,7.929999828338622
1952-11-09,7.929999828338622
1952-11-10,7.929999828338622
1952-11-11,7.869999885559082
1952-11-12,7.820000171661378
1952-11-13,7.760000228881836
1952-11-14,7.699999809265138
1952-11-15,7.449999809265138
1952-11-16,7.190000057220459
1952-11-17,6.940000057220459
1952-11-18,6.679999828338622
1952-11-19,6.429999828338622
1952-11-20,6.289999961853027
1952-11-21,6.119999885559082
1952-11-22,5.96999979019165
1952-11-23,5.96999979019165
1952-11-24,5.96999979019165
1952-11-25,5.96999979019165
1952-11-26,5.96999979019165
1952-11-27,6.090000152587892
1952-11-28,6.199999809265138
1952-11-29,6.309999942779541
1952-11-30,6.429999828338622
1952-12-01,6.429999828338622
1952-12-02,6.340000152587892
1952-12-03,6.260000228881836
1952-12-04,6.170000076293945
1952-12-05,6.090000152587892
1952-12-06,5.96999979019165
1952-12-07,5.96999979019165
1952-12-08,6.090000152587892
1952-12-09,6.230000019073486
1952-12-10,6.340000152587892
1952-12-11,6.260000228881836
1952-12-12,6.199999809265138
1952-12-13,6.119999885559082
1952-12-14,6.059999942779541
1952-12-15,5.96999979019165
1952-12-16,5.96999979019165
1952-12-17,5.96999979019165
1952-12-18,5.96999979019165
1952-12-19,5.96999979019165
1952-12-20,5.96999979019165
1952-12-21,5.96999979019165
1952-12-22,5.96999979019165
1952-12-23,5.96999979019165
1952-12-24,5.96999979019165
1952-12-25,5.96999979019165
1952-12-26,5.96999979019165
1952-12-27,5.96999979019165
1952-12-28,5.96999979019165
1952-12-29,5.96999979019165
1952-12-30,5.96999979019165
1952-12-31,5.96999979019165
1953-01-01,5.860000133514402
1953-01-02,5.75
1953-01-03,5.6599998474121085
1953-01-04,5.550000190734863
1953-01-05,5.489999771118164
1953-01-06,5.4099998474121085
1953-01-07,5.349999904632568
1953-01-08,5.269999980926514
1953-01-09,5.210000038146973
1953-01-10,5.130000114440918
1953-01-11,5.130000114440918
1953-01-12,5.130000114440918
1953-01-13,5.130000114440918
1953-01-14,5.130000114440918
1953-01-15,5.130000114440918
1953-01-16,5.130000114440918
1953-01-17,5.300000190734863
1953-01-18,5.46999979019165
1953-01-19,5.639999866485598
1953-01-20,5.610000133514403
1953-01-21,5.579999923706055
1953-01-22,5.550000190734863
1953-01-23,5.4099998474121085
1953-01-24,5.269999980926514
1953-01-25,5.130000114440918
1953-01-26,4.980000019073486
1953-01-27,4.840000152587892
1953-01-28,4.699999809265137
1953-01-29,4.980000019073486
1953-01-30,5.269999980926514
1953-01-31,5.550000190734863
1953-02-01,5.550000190734863
1953-02-02,5.4099998474121085
1953-02-03,5.269999980926514
1953-02-04,5.130000114440918
1953-02-05,4.980000019073486
1953-02-06,4.809999942779541
1953-02-07,4.670000076293945
1953-02-08,4.5
1953-02-09,4.360000133514403
1953-02-10,4.46999979019165
1953-02-11,4.590000152587892
1953-02-12,4.699999809265137
1953-02-13,4.730000019073486
1953-02-14,4.760000228881836
1953-02-15,4.789999961853027
1953-02-16,4.760000228881836
1953-02-17,4.730000019073486
1953-02-18,4.699999809265137
1953-02-19,4.639999866485597
1953-02-20,4.590000152587892
1953-02-21,4.53000020980835
1953-02-22,4.46999979019165
1953-02-23,4.420000076293945
1953-02-24,4.360000133514403
1953-02-25,4.300000190734863
1953-02-26,4.300000190734863
1953-02-27,4.300000190734863
1953-02-28,4.300000190734863
1953-03-01,4.300000190734863
1953-03-02,4.300000190734863
1953-03-03,4.280000209808351
1953-03-04,4.25
1953-03-05,4.25
1953-03-06,4.25
1953-03-07,4.25
1953-03-08,4.130000114440918
1953-03-09,4.190000057220459
1953-03-10,4.25
1953-03-11,4.300000190734863
1953-03-12,4.360000133514403
1953-03-13,4.389999866485597
1953-03-14,4.420000076293945
1953-03-15,4.46999979019165
1953-03-16,4.449999809265137
1953-03-17,4.389999866485597
1953-03-18,4.360000133514403
1953-03-19,4.329999923706056
1953-03-20,4.329999923706056
1953-03-21,4.300000190734863
1953-03-22,4.25
1953-03-23,4.300000190734863
1953-03-24,4.360000133514403
1953-03-25,4.420000076293945
1953-03-26,4.389999866485597
1953-03-27,4.389999866485597
1953-03-28,4.360000133514403
1953-03-29,4.360000133514403
1953-03-30,4.329999923706056
1953-03-31,4.329999923706056
1953-04-01,4.300000190734863
1953-04-02,4.329999923706056
1953-04-03,4.360000133514403
1953-04-04,4.360000133514403
1953-04-05,4.360000133514403
1953-04-06,4.360000133514403
1953-04-07,4.360000133514403
1953-04-08,4.360000133514403
1953-04-09,4.360000133514403
1953-04-10,4.360000133514403
1953-04-11,4.360000133514403
1953-04-12,4.360000133514403
1953-04-13,4.360000133514403
1953-04-14,4.360000133514403
1953-04-15,4.360000133514403
1953-04-16,4.5
1953-04-17,4.639999866485597
1953-04-18,4.809999942779541
1953-04-19,4.960000038146973
1953-04-20,5.010000228881836
1953-04-21,5.070000171661377
1953-04-22,5.130000114440918
1953-04-23,5.150000095367432
1953-04-24,5.179999828338623
1953-04-25,5.210000038146973
1953-04-26,7.670000076293945
1953-04-27,10.100000381469727
1953-04-28,10.5
1953-04-29,10.899999618530273
1953-04-30,11.300000190734865
1953-05-01,11.600000381469727
1953-05-02,12.0
1953-05-03,12.399999618530273
1953-05-04,16.799999237060547
1953-05-05,21.299999237060547
1953-05-06,25.79999923706055
1953-05-07,37.900001525878906
1953-05-08,50.4000015258789
1953-05-09,47.0
1953-05-10,43.900001525878906
1953-05-11,41.599998474121094
1953-05-12,39.400001525878906
1953-05-13,42.20000076293945
1953-05-14,44.70000076293945
1953-05-15,47.599998474121094
1953-05-16,50.4000015258789
1953-05-17,50.4000015258789
1953-05-18,56.4000015258789
1953-05-19,62.29999923706055
1953-05-20,60.9000015258789
1953-05-21,59.5
1953-05-22,58.0
1953-05-23,54.4000015258789
1953-05-24,50.4000015258789
1953-05-25,52.4000015258789
1953-05-26,54.4000015258789
1953-05-27,56.4000015258789
1953-05-28,58.29999923706055
1953-05-29,60.29999923706055
1953-05-30,62.29999923706055
1953-05-31,83.80000305175781
1953-06-01,105.0
1953-06-02,108.0
1953-06-03,112.0
1953-06-04,115.0
1953-06-05,118.0
1953-06-06,120.0
1953-06-07,122.0
1953-06-08,128.0
1953-06-09,134.0
1953-06-10,140.0
1953-06-11,146.0
1953-06-12,152.0
1953-06-13,160.0
1953-06-14,167.0
1953-06-15,174.0
1953-06-16,167.0
1953-06-17,159.0
1953-06-18,144.0
1953-06-19,129.0
1953-06-20,114.0
1953-06-21,100.0
1953-06-22,85.80000305175781
1953-06-23,83.0
1953-06-24,79.9000015258789
1953-06-25,77.0
1953-06-26,77.0
1953-06-27,77.0
1953-06-28,84.4000015258789
1953-06-29,91.5
1953-06-30,98.8000030517578
1953-07-01,98.8000030517578
1953-07-02,86.69999694824219
1953-07-03,74.80000305175781
1953-07-04,79.0
1953-07-05,83.30000305175781
1953-07-06,87.5
1953-07-07,93.4000015258789
1953-07-08,99.0999984741211
1953-07-09,105.0
1953-07-10,111.0
1953-07-11,109.0
1953-07-12,107.0
1953-07-13,105.0
1953-07-14,103.0
1953-07-15,101.0
1953-07-16,88.5999984741211
1953-07-17,76.5
1953-07-18,64.30000305175781
1953-07-19,52.099998474121094
1953-07-20,52.099998474121094
1953-07-21,52.099998474121094
1953-07-22,52.099998474121094
1953-07-23,52.099998474121094
1953-07-24,47.9000015258789
1953-07-25,43.900001525878906
1953-07-26,39.599998474121094
1953-07-27,38.5
1953-07-28,37.400001525878906
1953-07-29,36.5
1953-07-30,36.0
1953-07-31,35.09999847412109
1953-08-01,34.5
1953-08-02,33.700000762939446
1953-08-03,32.799999237060554
1953-08-04,32.0
1953-08-05,31.10000038146973
1953-08-06,31.10000038146973
1953-08-07,31.10000038146973
1953-08-08,31.10000038146973
1953-08-09,33.09999847412109
1953-08-10,35.09999847412109
1953-08-11,34.5
1953-08-12,33.700000762939446
1953-08-13,32.799999237060554
1953-08-14,31.70000076293945
1953-08-15,30.899999618530284
1953-08-16,29.70000076293945
1953-08-17,28.899999618530284
1953-08-18,27.5
1953-08-19,26.20000076293945
1953-08-20,24.79999923706055
1953-08-21,24.399999618530284
1953-08-22,24.29999923706055
1953-08-23,24.0
1953-08-24,23.79999923706055
1953-08-25,22.79999923706055
1953-08-26,21.899999618530284
1953-08-27,21.0
1953-08-28,20.0
1953-08-29,19.100000381469727
1953-08-30,18.200000762939453
1953-08-31,17.299999237060547
1953-09-01,17.799999237060547
1953-09-02,18.200000762939453
1953-09-03,15.300000190734865
1953-09-04,12.5
1953-09-05,9.68000030517578
1953-09-06,6.849999904632568
1953-09-07,4.019999980926514
1953-09-08,6.340000152587892
1953-09-09,8.670000076293945
1953-09-10,11.0
1953-09-11,13.300000190734865
1953-09-12,15.600000381469727
1953-09-13,15.600000381469727
1953-09-14,15.300000190734865
1953-09-15,15.0
1953-09-16,14.800000190734865
1953-09-17,14.399999618530273
1953-09-18,14.199999809265135
1953-09-19,14.199999809265135
1953-09-20,14.199999809265135
1953-09-21,14.0
1953-09-22,13.800000190734865
1953-09-23,13.600000381469727
1953-09-24,13.5
1953-09-25,13.5
1953-09-26,13.5
1953-09-27,13.5
1953-09-28,13.300000190734865
1953-09-29,13.100000381469727
1953-09-30,12.899999618530273
1953-10-01,12.699999809265135
1953-10-02,12.399999618530273
1953-10-03,12.100000381469727
1953-10-04,12.100000381469727
1953-10-05,12.100000381469727
1953-10-06,11.800000190734865
1953-10-07,11.600000381469727
1953-10-08,11.300000190734865
1953-10-09,11.0
1953-10-10,10.899999618530273
1953-10-11,10.800000190734863
1953-10-12,10.800000190734863
1953-10-13,10.800000190734863
1953-10-14,10.800000190734863
1953-10-15,10.899999618530273
1953-10-16,10.899999618530273
1953-10-17,11.0
1953-10-18,11.0
1953-10-19,11.0
1953-10-20,10.899999618530273
1953-10-21,10.800000190734863
1953-10-22,10.699999809265137
1953-10-23,10.600000381469727
1953-10-24,10.5
1953-10-25,10.399999618530273
1953-10-26,10.199999809265137
1953-10-27,10.100000381469727
1953-10-28,9.850000381469727
1953-10-29,9.710000038146973
1953-10-30,9.539999961853027
1953-10-31,9.399999618530273
1953-11-01,9.260000228881836
1953-11-02,9.119999885559082
1953-11-03,8.949999809265137
1953-11-04,8.8100004196167
1953-11-05,8.979999542236328
1953-11-06,9.119999885559082
1953-11-07,9.289999961853027
1953-11-08,9.289999961853027
1953-11-09,9.289999961853027
1953-11-10,9.199999809265137
1953-11-11,9.119999885559082
1953-11-12,9.0
1953-11-13,8.920000076293945
1953-11-14,8.8100004196167
1953-11-15,8.8100004196167
1953-11-16,8.8100004196167
1953-11-17,8.8100004196167
1953-11-18,8.380000114440918
1953-11-19,7.960000038146973
1953-11-20,7.960000038146973
1953-11-21,7.960000038146973
1953-11-22,7.960000038146973
1953-11-23,7.960000038146973
1953-11-24,7.960000038146973
1953-11-25,7.960000038146973
1953-11-26,7.960000038146973
1953-11-27,7.960000038146973
1953-11-28,7.820000171661378
1953-11-29,7.670000076293945
1953-11-30,7.53000020980835
1953-12-01,7.53000020980835
1953-12-02,7.53000020980835
1953-12-03,7.53000020980835
1953-12-04,7.53000020980835
1953-12-05,7.53000020980835
1953-12-06,7.449999809265138
1953-12-07,7.360000133514402
1953-12-08,7.28000020980835
1953-12-09,7.420000076293945
1953-12-10,7.53000020980835
1953-12-11,7.389999866485598
1953-12-12,7.25
1953-12-13,7.110000133514402
1953-12-14,6.96999979019165
1953-12-15,6.820000171661378
1953-12-16,6.679999828338622
1953-12-17,6.570000171661378
1953-12-18,6.460000038146973
1953-12-19,6.340000152587892
1953-12-20,6.260000228881836
1953-12-21,6.260000228881836
1953-12-22,6.260000228881836
1953-12-23,6.260000228881836
1953-12-24,6.260000228881836
1953-12-25,6.260000228881836
1953-12-26,6.260000228881836
1953-12-27,6.260000228881836
1953-12-28,6.260000228881836
1953-12-29,6.260000228881836
1953-12-30,6.260000228881836
1953-12-31,6.260000228881836
1954-01-01,6.4000000953674325
1954-01-02,6.539999961853027
1954-01-03,6.679999828338622
1954-01-04,6.820000171661378
1954-01-05,6.96999979019165
1954-01-06,7.110000133514402
1954-01-07,6.9099998474121085
1954-01-08,6.679999828338622
1954-01-09,6.460000038146973
1954-01-10,6.260000228881836
1954-01-11,5.75
1954-01-12,5.489999771118164
1954-01-13,5.300000190734863
1954-01-14,5.150000095367432
1954-01-15,5.099999904632568
1954-01-16,5.039999961853027
1954-01-17,4.980000019073486
1954-01-18,4.960000038146973
1954-01-19,4.900000095367432
1954-01-20,4.869999885559082
1954-01-21,4.840000152587892
1954-01-22,4.809999942779541
1954-01-23,4.789999961853027
1954-01-24,4.789999961853027
1954-01-25,4.760000228881836
1954-01-26,4.760000228881836
1954-01-27,4.760000228881836
1954-01-28,4.760000228881836
1954-01-29,4.760000228881836
1954-01-30,4.760000228881836
1954-01-31,4.760000228881836
1954-02-01,4.760000228881836
1954-02-02,4.980000019073486
1954-02-03,5.210000038146973
1954-02-04,5.440000057220459
1954-02-05,5.550000190734863
1954-02-06,5.639999866485598
1954-02-07,5.71999979019165
1954-02-08,5.829999923706055
1954-02-09,5.829999923706055
1954-02-10,5.829999923706055
1954-02-11,5.829999923706055
1954-02-12,5.829999923706055
1954-02-13,5.690000057220459
1954-02-14,5.579999923706055
1954-02-15,5.440000057220459
1954-02-16,5.440000057220459
1954-02-17,5.440000057220459
1954-02-18,5.440000057220459
1954-02-19,5.579999923706055
1954-02-20,5.690000057220459
1954-02-21,5.829999923706055
1954-02-22,5.829999923706055
1954-02-23,5.829999923706055
1954-02-24,5.829999923706055
1954-02-25,5.78000020980835
1954-02-26,5.71999979019165
1954-02-27,5.6599998474121085
1954-02-28,5.610000133514403
1954-03-01,5.550000190734863
1954-03-02,5.489999771118164
1954-03-03,5.440000057220459
1954-03-04,5.440000057220459
1954-03-05,5.440000057220459
1954-03-06,5.440000057220459
1954-03-07,5.440000057220459
1954-03-08,5.440000057220459
1954-03-09,5.440000057220459
1954-03-10,5.440000057220459
1954-03-11,5.440000057220459
1954-03-12,5.440000057220459
1954-03-13,5.440000057220459
1954-03-14,5.440000057220459
1954-03-15,5.440000057220459
1954-03-16,5.440000057220459
1954-03-17,5.6599998474121085
1954-03-18,5.610000133514403
1954-03-19,5.579999923706055
1954-03-20,5.519999980926514
1954-03-21,5.489999771118164
1954-03-22,5.440000057220459
1954-03-23,5.440000057220459
1954-03-24,5.440000057220459
1954-03-25,5.440000057220459
1954-03-26,5.440000057220459
1954-03-27,5.440000057220459
1954-03-28,5.440000057220459
1954-03-29,5.440000057220459
1954-03-30,5.440000057220459
1954-03-31,5.440000057220459
1954-04-01,5.440000057220459
1954-04-02,5.440000057220459
1954-04-03,5.440000057220459
1954-04-04,5.440000057220459
1954-04-05,5.440000057220459
1954-04-06,5.380000114440918
1954-04-07,5.320000171661377
1954-04-08,5.46999979019165
1954-04-09,5.639999866485598
1954-04-10,5.78000020980835
1954-04-11,5.949999809265138
1954-04-12,6.090000152587892
1954-04-13,6.090000152587892
1954-04-14,6.090000152587892
1954-04-15,6.139999866485598
1954-04-16,6.199999809265138
1954-04-17,6.260000228881836
1954-04-18,6.510000228881836
1954-04-19,6.769999980926514
1954-04-20,6.599999904632568
1954-04-21,6.260000228881836
1954-04-22,6.289999961853027
1954-04-23,6.340000152587892
1954-04-24,6.4000000953674325
1954-04-25,6.429999828338622
1954-04-26,6.369999885559082
1954-04-27,6.309999942779541
1954-04-28,6.260000228881836
1954-04-29,6.260000228881836
1954-04-30,6.260000228881836
1954-05-01,6.260000228881836
1954-05-02,6.260000228881836
1954-05-03,6.260000228881836
1954-05-04,6.679999828338622
1954-05-05,6.800000190734862
1954-05-06,6.9099998474121085
1954-05-07,6.989999771118164
1954-05-08,7.110000133514402
1954-05-09,13.100000381469727
1954-05-10,19.0
1954-05-11,31.399999618530284
1954-05-12,43.599998474121094
1954-05-13,48.70000076293945
1954-05-14,51.5
1954-05-15,59.5
1954-05-16,67.69999694824219
1954-05-17,96.0
1954-05-18,124.0
1954-05-19,158.0
1954-05-20,192.0
1954-05-21,181.0
1954-05-22,171.0
1954-05-23,146.0
1954-05-24,146.0
1954-05-25,154.0
1954-05-26,165.0
1954-05-27,176.0
1954-05-28,144.0
1954-05-29,111.0
1954-05-30,118.0
1954-05-31,125.0
1954-06-01,131.0
1954-06-02,133.0
1954-06-03,135.0
1954-06-04,137.0
1954-06-05,139.0
1954-06-06,141.0
1954-06-07,143.0
1954-06-08,139.0
1954-06-09,140.0
1954-06-10,141.0
1954-06-11,143.0
1954-06-12,148.0
1954-06-13,154.0
1954-06-14,163.0
1954-06-15,171.0
1954-06-16,155.0
1954-06-17,139.0
1954-06-18,123.0
1954-06-19,106.0
1954-06-20,90.3000030517578
1954-06-21,96.0
1954-06-22,104.0
1954-06-23,111.0
1954-06-24,123.0
1954-06-25,135.0
1954-06-26,146.0
1954-06-27,154.0
1954-06-28,154.0
1954-06-29,146.0
1954-06-30,146.0
1954-07-01,150.0
1954-07-02,155.0
1954-07-03,159.0
1954-07-04,159.0
1954-07-05,153.0
1954-07-06,148.0
1954-07-07,143.0
1954-07-08,127.0
1954-07-09,111.0
1954-07-10,108.0
1954-07-11,105.0
1954-07-12,102.0
1954-07-13,99.0999984741211
1954-07-14,96.0
1954-07-15,96.0
1954-07-16,96.0
1954-07-17,94.5999984741211
1954-07-18,93.1999969482422
1954-07-19,91.6999969482422
1954-07-20,90.3000030517578
1954-07-21,89.5
1954-07-22,88.30000305175781
1954-07-23,87.5
1954-07-24,85.0
1954-07-25,82.0999984741211
1954-07-26,69.90000152587889
1954-07-27,57.79999923706055
1954-07-28,55.79999923706055
1954-07-29,53.79999923706055
1954-07-30,51.29999923706055
1954-07-31,48.70000076293945
1954-08-01,45.29999923706055
1954-08-02,42.20000076293945
1954-08-03,40.79999923706055
1954-08-04,39.099998474121094
1954-08-05,39.099998474121094
1954-08-06,39.099998474121094
1954-08-07,38.5
1954-08-08,37.70000076293945
1954-08-09,37.099998474121094
1954-08-10,36.79999923706055
1954-08-11,36.20000076293945
1954-08-12,35.70000076293945
1954-08-13,35.09999847412109
1954-08-14,35.09999847412109
1954-08-15,35.09999847412109
1954-08-16,35.09999847412109
1954-08-17,35.09999847412109
1954-08-18,35.09999847412109
1954-08-19,34.799999237060554
1954-08-20,34.799999237060554
1954-08-21,34.5
1954-08-22,34.799999237060554
1954-08-23,35.09999847412109
1954-08-24,35.70000076293945
1954-08-25,36.20000076293945
1954-08-26,37.70000076293945
1954-08-27,39.400001525878906
1954-08-28,40.79999923706055
1954-08-29,40.79999923706055
1954-08-30,38.79999923706055
1954-08-31,37.099998474121094
1954-09-01,35.09999847412109
1954-09-02,33.09999847412109
1954-09-03,30.899999618530284
1954-09-04,28.899999618530284
1954-09-05,28.899999618530284
1954-09-06,28.10000038146973
1954-09-07,27.399999618530284
1954-09-08,26.70000076293945
1954-09-09,25.899999618530284
1954-09-10,25.60000038146973
1954-09-11,25.20000076293945
1954-09-12,24.79999923706055
1954-09-13,23.5
1954-09-14,22.100000381469727
1954-09-15,20.799999237060547
1954-09-16,19.89999961853028
1954-09-17,19.0
1954-09-18,18.600000381469727
1954-09-19,18.200000762939453
1954-09-20,21.799999237060547
1954-09-21,20.600000381469727
1954-09-22,19.39999961853028
1954-09-23,18.200000762939453
1954-09-24,17.899999618530273
1954-09-25,17.600000381469727
1954-09-26,17.299999237060547
1954-09-27,17.799999237060547
1954-09-28,18.200000762939453
1954-09-29,18.200000762939453
1954-09-30,18.200000762939453
1954-10-01,17.600000381469727
1954-10-02,16.899999618530273
1954-10-03,16.299999237060547
1954-10-04,15.399999618530273
1954-10-05,15.0
1954-10-06,14.600000381469727
1954-10-07,14.199999809265135
1954-10-08,14.0
1954-10-09,13.899999618530273
1954-10-10,13.600000381469727
1954-10-11,13.600000381469727
1954-10-12,13.399999618530273
1954-10-13,13.100000381469727
1954-10-14,12.899999618530273
1954-10-15,12.699999809265135
1954-10-16,12.399999618530273
1954-10-17,12.199999809265135
1954-10-18,12.399999618530273
1954-10-19,12.699999809265135
1954-10-20,12.899999618530273
1954-10-21,13.100000381469727
1954-10-22,13.399999618530273
1954-10-23,13.600000381469727
1954-10-24,13.600000381469727
1954-10-25,13.100000381469727
1954-10-26,12.699999809265135
1954-10-27,12.199999809265135
1954-10-28,12.199999809265135
1954-10-29,12.199999809265135
1954-10-30,12.199999809265135
1954-10-31,11.199999809265137
1954-11-01,10.300000190734863
1954-11-02,10.600000381469727
1954-11-03,10.899999618530273
1954-11-04,10.600000381469727
1954-11-05,10.300000190734863
1954-11-06,10.300000190734863
1954-11-07,10.300000190734863
1954-11-08,10.199999809265137
1954-11-09,10.100000381469727
1954-11-10,10.100000381469727
1954-11-11,9.9399995803833
1954-11-12,9.829999923706056
1954-11-13,9.710000038146973
1954-11-14,9.460000038146973
1954-11-15,9.170000076293944
1954-11-16,9.170000076293944
1954-11-17,9.170000076293944
1954-11-18,9.289999961853027
1954-11-19,9.369999885559082
1954-11-20,9.489999771118164
1954-11-21,9.489999771118164
1954-11-22,9.34000015258789
1954-11-23,9.199999809265137
1954-11-24,9.09000015258789
1954-11-25,8.8100004196167
1954-11-26,8.5
1954-11-27,8.210000038146973
1954-11-28,8.210000038146973
1954-11-29,8.210000038146973
1954-11-30,8.210000038146973
1954-12-01,8.210000038146973
1954-12-02,8.210000038146973
1954-12-03,8.210000038146973
1954-12-04,8.210000038146973
1954-12-05,8.210000038146973
1954-12-06,8.039999961853027
1954-12-07,7.869999885559082
1954-12-08,7.699999809265138
1954-12-09,7.559999942779541
1954-12-10,7.389999866485598
1954-12-11,7.25
1954-12-12,7.25
1954-12-13,7.110000133514402
1954-12-14,6.96999979019165
1954-12-15,6.820000171661378
1954-12-16,6.679999828338622
1954-12-17,6.539999961853027
1954-12-18,6.4000000953674325
1954-12-19,6.4000000953674325
1954-12-20,6.4000000953674325
1954-12-21,6.460000038146973
1954-12-22,6.539999961853027
1954-12-23,6.679999828338622
1954-12-24,6.800000190734862
1954-12-25,6.849999904632568
1954-12-26,6.96999979019165
1954-12-27,6.96999979019165
1954-12-28,6.96999979019165
1954-12-29,6.880000114440918
1954-12-30,6.800000190734862
1954-12-31,6.6500000953674325
1955-01-01,6.510000228881836
1955-01-02,6.340000152587892
1955-01-03,6.119999885559082
1955-01-04,5.889999866485598
1955-01-05,5.550000190734863
1955-01-06,5.300000190734863
1955-01-07,5.010000228881836
1955-01-08,4.760000228881836
1955-01-09,4.389999866485597
1955-01-10,4.280000209808351
1955-01-11,4.190000057220459
1955-01-12,4.079999923706056
1955-01-13,4.079999923706056
1955-01-14,4.079999923706056
1955-01-15,4.079999923706056
1955-01-16,4.079999923706056
1955-01-17,4.079999923706056
1955-01-18,4.079999923706056
1955-01-19,4.110000133514403
1955-01-20,4.110000133514403
1955-01-21,4.110000133514403
1955-01-22,4.130000114440918
1955-01-23,4.130000114440918
1955-01-24,4.1599998474121085
1955-01-25,4.190000057220459
1955-01-26,4.190000057220459
1955-01-27,4.2199997901916495
1955-01-28,4.2199997901916495
1955-01-29,4.2199997901916495
1955-01-30,4.25
1955-01-31,4.25
1955-02-01,4.25
1955-02-02,4.25
1955-02-03,4.25
1955-02-04,4.280000209808351
1955-02-05,4.300000190734863
1955-02-06,4.329999923706056
1955-02-07,4.360000133514403
1955-02-08,4.389999866485597
1955-02-09,4.420000076293945
1955-02-10,4.449999809265137
1955-02-11,4.46999979019165
1955-02-12,4.53000020980835
1955-02-13,4.590000152587892
1955-02-14,4.670000076293945
1955-02-15,4.809999942779541
1955-02-16,4.840000152587892
1955-02-17,4.869999885559082
1955-02-18,4.929999828338623
1955-02-19,4.980000019073486
1955-02-20,5.010000228881836
1955-02-21,5.039999961853027
1955-02-22,5.070000171661377
1955-02-23,5.099999904632568
1955-02-24,5.130000114440918
1955-02-25,5.150000095367432
1955-02-26,5.179999828338623
1955-02-27,5.150000095367432
1955-02-28,5.130000114440918
1955-03-01,5.099999904632568
1955-03-02,5.039999961853027
1955-03-03,5.010000228881836
1955-03-04,4.960000038146973
1955-03-05,4.960000038146973
1955-03-06,4.960000038146973
1955-03-07,4.929999828338623
1955-03-08,4.900000095367432
1955-03-09,4.869999885559082
1955-03-10,4.869999885559082
1955-03-11,4.840000152587892
1955-03-12,4.840000152587892
1955-03-13,4.809999942779541
1955-03-14,4.809999942779541
1955-03-15,4.789999961853027
1955-03-16,4.760000228881836
1955-03-17,4.760000228881836
1955-03-18,4.730000019073486
1955-03-19,4.699999809265137
1955-03-20,4.670000076293945
1955-03-21,4.639999866485597
1955-03-22,4.619999885559082
1955-03-23,4.590000152587892
1955-03-24,4.590000152587892
1955-03-25,4.590000152587892
1955-03-26,4.53000020980835
1955-03-27,4.46999979019165
1955-03-28,4.420000076293945
1955-03-29,4.389999866485597
1955-03-30,4.5
1955-03-31,4.639999866485597
1955-04-01,4.760000228881836
1955-04-02,4.699999809265137
1955-04-03,4.639999866485597
1955-04-04,4.590000152587892
1955-04-05,4.730000019073486
1955-04-06,4.869999885559082
1955-04-07,4.980000019073486
1955-04-08,5.130000114440918
1955-04-09,5.039999961853027
1955-04-10,4.980000019073486
1955-04-11,4.900000095367432
1955-04-12,4.809999942779541
1955-04-13,4.760000228881836
1955-04-14,4.670000076293945
1955-04-15,4.760000228881836
1955-04-16,4.840000152587892
1955-04-17,4.960000038146973
1955-04-18,5.039999961853027
1955-04-19,5.130000114440918
1955-04-20,5.349999904632568
1955-04-21,5.440000057220459
1955-04-22,5.300000190734863
1955-04-23,5.440000057220459
1955-04-24,5.579999923706055
1955-04-25,5.71999979019165
1955-04-26,5.579999923706055
1955-04-27,5.440000057220459
1955-04-28,5.269999980926514
1955-04-29,5.130000114440918
1955-04-30,5.320000171661377
1955-05-01,5.550000190734863
1955-05-02,5.71999979019165
1955-05-03,5.889999866485598
1955-05-04,6.059999942779541
1955-05-05,6.230000019073486
1955-05-06,6.4000000953674325
1955-05-07,9.170000076293944
1955-05-08,10.300000190734863
1955-05-09,11.5
1955-05-10,12.199999809265135
1955-05-11,12.899999618530273
1955-05-12,15.0
1955-05-13,17.100000381469727
1955-05-14,17.399999618530273
1955-05-15,17.600000381469727
1955-05-16,20.200000762939453
1955-05-17,22.79999923706055
1955-05-18,25.399999618530284
1955-05-19,33.09999847412109
1955-05-20,82.69999694824219
1955-05-21,99.0999984741211
1955-05-22,83.5
1955-05-23,68.0
1955-05-24,53.20000076293945
1955-05-25,44.70000076293945
1955-05-26,44.70000076293945
1955-05-27,44.70000076293945
1955-05-28,44.70000076293945
1955-05-29,39.099998474121094
1955-05-30,33.09999847412109
1955-05-31,55.20000076293945
1955-06-01,51.5
1955-06-02,49.79999923706055
1955-06-03,56.599998474121094
1955-06-04,63.4000015258789
1955-06-05,72.5
1955-06-06,80.69999694824219
1955-06-07,89.19999694824219
1955-06-08,97.4000015258789
1955-06-09,101.0
1955-06-10,104.0
1955-06-11,134.0
1955-06-12,157.0
1955-06-13,168.0
1955-06-14,167.0
1955-06-15,157.0
1955-06-16,140.0
1955-06-17,123.0
1955-06-18,107.0
1955-06-19,101.0
1955-06-20,98.3000030517578
1955-06-21,101.0
1955-06-22,110.0
1955-06-23,116.0
1955-06-24,113.0
1955-06-25,107.0
1955-06-26,107.0
1955-06-27,107.0
1955-06-28,107.0
1955-06-29,101.0
1955-06-30,94.3000030517578
1955-07-01,88.30000305175781
1955-07-02,73.5999984741211
1955-07-03,59.20000076293945
1955-07-04,66.0
1955-07-05,73.0999984741211
1955-07-06,79.9000015258789
1955-07-07,79.9000015258789
1955-07-08,79.5999984741211
1955-07-09,82.69999694824219
1955-07-10,88.30000305175781
1955-07-11,91.1999969482422
1955-07-12,94.3000030517578
1955-07-13,88.30000305175781
1955-07-14,82.69999694824219
1955-07-15,79.9000015258789
1955-07-16,79.9000015258789
1955-07-17,79.9000015258789
1955-07-18,75.0
1955-07-19,70.5
1955-07-20,65.69999694824219
1955-07-21,61.20000076293945
1955-07-22,59.20000076293945
1955-07-23,55.20000076293945
1955-07-24,53.0
1955-07-25,51.0
1955-07-26,48.70000076293945
1955-07-27,46.4000015258789
1955-07-28,43.29999923706055
1955-07-29,40.20000076293945
1955-07-30,37.400001525878906
1955-07-31,35.09999847412109
1955-08-01,33.09999847412109
1955-08-02,31.70000076293945
1955-08-03,31.399999618530284
1955-08-04,30.899999618530284
1955-08-05,30.60000038146973
1955-08-06,30.29999923706055
1955-08-07,29.70000076293945
1955-08-08,29.399999618530284
1955-08-09,29.20000076293945
1955-08-10,28.60000038146973
1955-08-11,28.29999923706055
1955-08-12,25.399999618530284
1955-08-13,24.60000038146973
1955-08-14,23.899999618530284
1955-08-15,23.20000076293945
1955-08-16,22.70000076293945
1955-08-17,22.200000762939453
1955-08-18,21.700000762939453
1955-08-19,21.200000762939453
1955-08-20,21.200000762939453
1955-08-21,21.799999237060547
1955-08-22,21.5
1955-08-23,20.700000762939453
1955-08-24,19.299999237060547
1955-08-25,19.0
1955-08-26,19.0
1955-08-27,19.0
1955-08-28,18.200000762939453
1955-08-29,17.399999618530273
1955-08-30,16.700000762939453
1955-08-31,15.899999618530273
1955-09-01,16.100000381469727
1955-09-02,16.299999237060547
1955-09-03,15.899999618530273
1955-09-04,16.0
1955-09-05,16.100000381469727
1955-09-06,16.200000762939453
1955-09-07,16.299999237060547
1955-09-08,16.100000381469727
1955-09-09,15.899999618530273
1955-09-10,15.600000381469727
1955-09-11,15.199999809265135
1955-09-12,14.899999618530273
1955-09-13,14.699999809265135
1955-09-14,14.600000381469727
1955-09-15,14.300000190734865
1955-09-16,14.0
1955-09-17,13.5
1955-09-18,12.899999618530273
1955-09-19,12.699999809265135
1955-09-20,12.399999618530273
1955-09-21,12.199999809265135
1955-09-22,12.199999809265135
1955-09-23,12.199999809265135
1955-09-24,11.800000190734865
1955-09-25,11.300000190734865
1955-09-26,10.899999618530273
1955-09-27,11.0
1955-09-28,11.100000381469727
1955-09-29,11.0
1955-09-30,10.899999618530273
1955-10-01,11.0
1955-10-02,11.0
1955-10-03,11.0
1955-10-04,10.899999618530273
1955-10-05,10.800000190734863
1955-10-06,10.600000381469727
1955-10-07,10.300000190734863
1955-10-08,10.899999618530273
1955-10-09,11.199999809265137
1955-10-10,13.0
1955-10-11,11.300000190734865
1955-10-12,11.5
1955-10-13,11.899999618530273
1955-10-14,11.199999809265137
1955-10-15,11.199999809265137
1955-10-16,11.100000381469727
1955-10-17,11.0
1955-10-18,11.300000190734865
1955-10-19,10.899999618530273
1955-10-20,10.600000381469727
1955-10-21,10.699999809265137
1955-10-22,10.600000381469727
1955-10-23,10.600000381469727
1955-10-24,10.600000381469727
1955-10-25,11.300000190734865
1955-10-26,22.79999923706055
1955-10-27,28.60000038146973
1955-10-28,25.399999618530284
1955-10-29,24.70000076293945
1955-10-30,23.60000038146973
1955-10-31,22.100000381469727
1955-11-01,19.799999237060547
1955-11-02,19.700000762939453
1955-11-03,19.100000381469727
1955-11-04,19.5
1955-11-05,19.100000381469727
1955-11-06,19.299999237060547
1955-11-07,19.799999237060547
1955-11-08,20.0
1955-11-09,19.799999237060547
1955-11-10,19.299999237060547
1955-11-11,19.0
1955-11-12,17.700000762939453
1955-11-13,15.600000381469727
1955-11-14,13.699999809265135
1955-11-15,12.300000190734865
1955-11-16,10.600000381469727
1955-11-17,10.5
1955-11-18,10.100000381469727
1955-11-19,9.710000038146973
1955-11-20,9.399999618530273
1955-11-21,9.289999961853027
1955-11-22,9.199999809265137
1955-11-23,9.0600004196167
1955-11-24,8.979999542236328
1955-11-25,8.829999923706055
1955-11-26,8.779999732971191
1955-11-27,8.640000343322754
1955-11-28,8.579999923706055
1955-11-29,8.5
1955-11-30,8.439999580383299
1955-12-01,8.350000381469728
1955-12-02,8.210000038146973
1955-12-03,8.159999847412111
1955-12-04,8.069999694824219
1955-12-05,7.989999771118164
1955-12-06,7.820000171661378
1955-12-07,7.730000019073486
1955-12-08,7.650000095367432
1955-12-09,7.5900001525878915
1955-12-10,7.5
1955-12-11,7.449999809265138
1955-12-12,7.420000076293945
1955-12-13,7.389999866485598
1955-12-14,7.360000133514402
1955-12-15,7.309999942779541
1955-12-16,7.25
1955-12-17,7.21999979019165
1955-12-18,7.190000057220459
1955-12-19,7.139999866485598
1955-12-20,7.110000133514402
1955-12-21,7.079999923706055
1955-12-22,7.050000190734862
1955-12-23,6.989999771118164
1955-12-24,6.940000057220459
1955-12-25,6.880000114440918
1955-12-26,6.849999904632568
1955-12-27,6.820000171661378
1955-12-28,6.820000171661378
1955-12-29,6.800000190734862
1955-12-30,6.800000190734862
1955-12-31,6.769999980926514
1956-01-01,6.769999980926514
1956-01-02,6.769999980926514
1956-01-03,6.739999771118164
1956-01-04,6.710000038146973
1956-01-05,6.679999828338622
1956-01-06,6.710000038146973
1956-01-07,6.710000038146973
1956-01-08,6.710000038146973
1956-01-09,6.739999771118164
1956-01-10,6.739999771118164
1956-01-11,6.769999980926514
1956-01-12,6.739999771118164
1956-01-13,6.739999771118164
1956-01-14,6.710000038146973
1956-01-15,6.6500000953674325
1956-01-16,6.679999828338622
1956-01-17,6.710000038146973
1956-01-18,6.679999828338622
1956-01-19,6.6500000953674325
1956-01-20,6.630000114440918
1956-01-21,6.570000171661378
1956-01-22,6.539999961853027
1956-01-23,6.510000228881836
1956-01-24,6.480000019073486
1956-01-25,6.460000038146973
1956-01-26,6.4000000953674325
1956-01-27,6.369999885559082
1956-01-28,6.309999942779541
1956-01-29,6.289999961853027
1956-01-30,6.260000228881836
1956-01-31,6.230000019073486
1956-02-01,6.199999809265138
1956-02-02,6.119999885559082
1956-02-03,6.090000152587892
1956-02-04,6.090000152587892
1956-02-05,6.03000020980835
1956-02-06,6.0
1956-02-07,5.96999979019165
1956-02-08,5.949999809265138
1956-02-09,5.949999809265138
1956-02-10,5.949999809265138
1956-02-11,5.96999979019165
1956-02-12,5.96999979019165
1956-02-13,5.96999979019165
1956-02-14,5.949999809265138
1956-02-15,5.949999809265138
1956-02-16,5.920000076293945
1956-02-17,5.889999866485598
1956-02-18,5.920000076293945
1956-02-19,5.920000076293945
1956-02-20,5.889999866485598
1956-02-21,5.860000133514402
1956-02-22,5.829999923706055
1956-02-23,5.829999923706055
1956-02-24,5.800000190734862
1956-02-25,5.78000020980835
1956-02-26,5.75
1956-02-27,5.71999979019165
1956-02-28,5.690000057220459
1956-02-29,5.690000057220459
1956-03-01,5.690000057220459
1956-03-02,5.6599998474121085
1956-03-03,5.6599998474121085
1956-03-04,5.6599998474121085
1956-03-05,5.639999866485598
1956-03-06,5.610000133514403
1956-03-07,5.639999866485598
1956-03-08,5.639999866485598
1956-03-09,5.579999923706055
1956-03-10,5.550000190734863
1956-03-11,5.519999980926514
1956-03-12,5.519999980926514
1956-03-13,5.46999979019165
1956-03-14,5.440000057220459
1956-03-15,5.380000114440918
1956-03-16,5.349999904632568
1956-03-17,5.320000171661377
1956-03-18,5.300000190734863
1956-03-19,5.269999980926514
1956-03-20,5.239999771118164
1956-03-21,5.210000038146973
1956-03-22,5.150000095367432
1956-03-23,5.150000095367432
1956-03-24,5.179999828338623
1956-03-25,5.269999980926514
1956-03-26,5.46999979019165
1956-03-27,5.800000190734862
1956-03-28,6.230000019073486
1956-03-29,6.599999904632568
1956-03-30,6.96999979019165
1956-03-31,6.96999979019165
1956-04-01,6.96999979019165
1956-04-02,6.989999771118164
1956-04-03,7.079999923706055
1956-04-04,7.309999942779541
1956-04-05,7.5
1956-04-06,6.800000190734862
1956-04-07,6.369999885559082
1956-04-08,6.369999885559082
1956-04-09,6.800000190734862
1956-04-10,7.5
1956-04-11,8.100000381469728
1956-04-12,8.979999542236328
1956-04-13,9.850000381469727
1956-04-14,10.5
1956-04-15,10.5
1956-04-16,11.699999809265135
1956-04-17,12.899999618530273
1956-04-18,15.0
1956-04-19,16.700000762939453
1956-04-20,20.39999961853028
1956-04-21,30.0
1956-04-22,30.0
1956-04-23,29.20000076293945
1956-04-24,27.79999923706055
1956-04-25,26.29999923706055
1956-04-26,24.60000038146973
1956-04-27,23.79999923706055
1956-04-28,22.70000076293945
1956-04-29,21.700000762939453
1956-04-30,20.39999961853028
1956-05-01,19.600000381469727
1956-05-02,19.299999237060547
1956-05-03,19.299999237060547
1956-05-04,19.299999237060547
1956-05-05,26.60000038146973
1956-05-06,37.400001525878906
1956-05-07,37.900001525878906
1956-05-08,38.5
1956-05-09,38.20000076293945
1956-05-10,37.70000076293945
1956-05-11,37.400001525878906
1956-05-12,37.400001525878906
1956-05-13,37.400001525878906
1956-05-14,36.5
1956-05-15,42.5
1956-05-16,57.79999923706055
1956-05-17,87.19999694824219
1956-05-18,153.0
1956-05-19,210.0
1956-05-20,233.0
1956-05-21,283.0
1956-05-22,275.0
1956-05-23,264.0
1956-05-24,255.0
1956-05-25,244.0
1956-05-26,233.0
1956-05-27,233.0
1956-05-28,236.0
1956-05-29,233.0
1956-05-30,232.0
1956-05-31,239.0
1956-06-01,251.0
1956-06-02,276.0
1956-06-03,246.0
1956-06-04,235.0
1956-06-05,236.0
1956-06-06,201.0
1956-06-07,153.0
1956-06-08,121.0
1956-06-09,114.0
1956-06-10,142.0
1956-06-11,158.0
1956-06-12,128.0
1956-06-13,114.0
1956-06-14,114.0
1956-06-15,114.0
1956-06-16,113.0
1956-06-17,114.0
1956-06-18,123.0
1956-06-19,125.0
1956-06-20,115.0
1956-06-21,108.0
1956-06-22,100.0
1956-06-23,94.3000030517578
1956-06-24,91.1999969482422
1956-06-25,89.19999694824219
1956-06-26,86.9000015258789
1956-06-27,82.69999694824219
1956-06-28,80.0999984741211
1956-06-29,78.4000015258789
1956-06-30,77.30000305175781
1956-07-01,73.0999984741211
1956-07-02,70.5
1956-07-03,68.0
1956-07-04,71.4000015258789
1956-07-05,68.0
1956-07-06,66.30000305175781
1956-07-07,65.69999694824219
1956-07-08,68.0
1956-07-09,69.40000152587889
1956-07-10,72.5
1956-07-11,77.30000305175781
1956-07-12,79.0
1956-07-13,78.4000015258789
1956-07-14,83.5
1956-07-15,88.30000305175781
1956-07-16,72.5
1956-07-17,69.40000152587889
1956-07-18,68.0
1956-07-19,66.80000305175781
1956-07-20,65.69999694824219
1956-07-21,64.80000305175781
1956-07-22,63.4000015258789
1956-07-23,57.79999923706055
1956-07-24,55.20000076293945
1956-07-25,47.0
1956-07-26,43.0
1956-07-27,43.29999923706055
1956-07-28,43.0
1956-07-29,43.0
1956-07-30,42.5
1956-07-31,39.900001525878906
1956-08-01,37.400001525878906
1956-08-02,36.5
1956-08-03,35.400001525878906
1956-08-04,34.0
1956-08-05,32.59999847412109
1956-08-06,30.60000038146973
1956-08-07,28.899999618530284
1956-08-08,28.899999618530284
1956-08-09,28.60000038146973
1956-08-10,28.29999923706055
1956-08-11,29.20000076293945
1956-08-12,28.29999923706055
1956-08-13,28.29999923706055
1956-08-14,27.20000076293945
1956-08-15,26.29999923706055
1956-08-16,26.5
1956-08-17,26.29999923706055
1956-08-18,25.5
1956-08-19,24.5
1956-08-20,23.5
1956-08-21,23.20000076293945
1956-08-22,22.70000076293945
1956-08-23,22.70000076293945
1956-08-24,22.70000076293945
1956-08-25,22.200000762939453
1956-08-26,22.5
1956-08-27,22.399999618530284
1956-08-28,22.5
1956-08-29,22.200000762939453
1956-08-30,21.5
1956-08-31,20.700000762939453
1956-09-01,20.100000381469727
1956-09-02,20.100000381469727
1956-09-03,20.100000381469727
1956-09-04,19.299999237060547
1956-09-05,18.0
1956-09-06,17.299999237060547
1956-09-07,16.399999618530273
1956-09-08,15.899999618530273
1956-09-09,15.699999809265135
1956-09-10,15.300000190734865
1956-09-11,15.699999809265135
1956-09-12,15.899999618530273
1956-09-13,16.0
1956-09-14,15.899999618530273
1956-09-15,15.699999809265135
1956-09-16,15.899999618530273
1956-09-17,15.699999809265135
1956-09-18,15.899999618530273
1956-09-19,15.600000381469727
1956-09-20,15.399999618530273
1956-09-21,15.399999618530273
1956-09-22,15.300000190734865
1956-09-23,15.100000381469727
1956-09-24,15.0
1956-09-25,14.899999618530273
1956-09-26,14.800000190734865
1956-09-27,14.699999809265135
1956-09-28,14.399999618530273
1956-09-29,14.199999809265135
1956-09-30,14.100000381469727
1956-10-01,13.5
1956-10-02,13.199999809265135
1956-10-03,13.0
1956-10-04,12.699999809265135
1956-10-05,12.399999618530273
1956-10-06,12.300000190734865
1956-10-07,12.399999618530273
1956-10-08,12.300000190734865
1956-10-09,12.199999809265135
1956-10-10,12.100000381469727
1956-10-11,11.800000190734865
1956-10-12,11.600000381469727
1956-10-13,11.600000381469727
1956-10-14,11.699999809265135
1956-10-15,12.199999809265135
1956-10-16,12.199999809265135
1956-10-17,12.399999618530273
1956-10-18,12.399999618530273
1956-10-19,12.399999618530273
1956-10-20,12.399999618530273
1956-10-21,12.399999618530273
1956-10-22,12.399999618530273
1956-10-23,12.300000190734865
1956-10-24,12.100000381469727
1956-10-25,12.100000381469727
1956-10-26,12.100000381469727
1956-10-27,12.100000381469727
1956-10-28,11.600000381469727
1956-10-29,11.300000190734865
1956-10-30,10.899999618530273
1956-10-31,10.800000190734863
1956-11-01,10.699999809265137
1956-11-02,10.699999809265137
1956-11-03,10.699999809265137
1956-11-04,10.699999809265137
1956-11-05,10.699999809265137
1956-11-06,10.399999618530273
1956-11-07,10.100000381469727
1956-11-08,9.850000381469727
1956-11-09,9.56999969482422
1956-11-10,9.260000228881836
1956-11-11,9.0600004196167
1956-11-12,8.979999542236328
1956-11-13,8.859999656677246
1956-11-14,8.829999923706055
1956-11-15,8.720000267028809
1956-11-16,8.609999656677246
1956-11-17,8.550000190734862
1956-11-18,8.550000190734862
1956-11-19,8.039999961853027
1956-11-20,7.929999828338622
1956-11-21,7.699999809265138
1956-11-22,7.559999942779541
1956-11-23,7.360000133514402
1956-11-24,7.079999923706055
1956-11-25,7.079999923706055
1956-11-26,7.079999923706055
1956-11-27,6.849999904632568
1956-11-28,6.599999904632568
1956-11-29,6.570000171661378
1956-11-30,6.510000228881836
1956-12-01,6.510000228881836
1956-12-02,6.510000228881836
1956-12-03,6.570000171661378
1956-12-04,6.510000228881836
1956-12-05,6.429999828338622
1956-12-06,6.369999885559082
1956-12-07,6.230000019073486
1956-12-08,6.059999942779541
1956-12-09,5.949999809265138
1956-12-10,6.230000019073486
1956-12-11,6.940000057220459
1956-12-12,7.650000095367432
1956-12-13,7.929999828338622
1956-12-14,8.350000381469728
1956-12-15,8.300000190734862
1956-12-16,8.210000038146973
1956-12-17,8.100000381469728
1956-12-18,7.789999961853027
1956-12-19,7.21999979019165
1956-12-20,6.940000057220459
1956-12-21,6.309999942779541
1956-12-22,6.059999942779541
1956-12-23,6.059999942779541
1956-12-24,6.059999942779541
1956-12-25,6.059999942779541
1956-12-26,6.059999942779541
1956-12-27,6.059999942779541
1956-12-28,6.059999942779541
1956-12-29,6.059999942779541
1956-12-30,6.059999942779541
1956-12-31,6.059999942779541
1957-01-01,6.059999942779541
1957-01-02,6.059999942779541
1957-01-03,6.059999942779541
1957-01-04,6.059999942779541
1957-01-05,5.949999809265138
1957-01-06,5.800000190734862
1957-01-07,5.519999980926514
1957-01-08,5.300000190734863
1957-01-09,5.039999961853027
1957-01-10,4.809999942779541
1957-01-11,4.730000019073486
1957-01-12,4.670000076293945
1957-01-13,4.590000152587892
1957-01-14,4.46999979019165
1957-01-15,4.389999866485597
1957-01-16,4.360000133514403
1957-01-17,4.329999923706056
1957-01-18,4.280000209808351
1957-01-19,4.280000209808351
1957-01-20,4.280000209808351
1957-01-21,4.300000190734863
1957-01-22,4.280000209808351
1957-01-23,4.280000209808351
1957-01-24,4.280000209808351
1957-01-25,4.280000209808351
1957-01-26,4.280000209808351
1957-01-27,4.280000209808351
1957-01-28,4.280000209808351
1957-01-29,4.280000209808351
1957-01-30,4.280000209808351
1957-01-31,4.280000209808351
1957-02-01,4.280000209808351
1957-02-02,4.730000019073486
1957-02-03,5.130000114440918
1957-02-04,5.300000190734863
1957-02-05,5.380000114440918
1957-02-06,5.579999923706055
1957-02-07,5.6599998474121085
1957-02-08,5.75
1957-02-09,5.800000190734862
1957-02-10,5.829999923706055
1957-02-11,5.829999923706055
1957-02-12,5.800000190734862
1957-02-13,5.6599998474121085
1957-02-14,5.489999771118164
1957-02-15,5.300000190734863
1957-02-16,5.099999904632568
1957-02-17,4.900000095367432
1957-02-18,4.639999866485597
1957-02-19,4.389999866485597
1957-02-20,4.25
1957-02-21,4.110000133514403
1957-02-22,3.9600000381469727
1957-02-23,3.9600000381469727
1957-02-24,4.079999923706056
1957-02-25,4.1599998474121085
1957-02-26,4.449999809265137
1957-02-27,4.639999866485597
1957-02-28,4.760000228881836
1957-03-01,4.809999942779541
1957-03-02,4.869999885559082
1957-03-03,4.960000038146973
1957-03-04,4.960000038146973
1957-03-05,4.960000038146973
1957-03-06,4.960000038146973
1957-03-07,4.869999885559082
1957-03-08,4.789999961853027
1957-03-09,4.730000019073486
1957-03-10,4.639999866485597
1957-03-11,4.53000020980835
1957-03-12,4.53000020980835
1957-03-13,4.53000020980835
1957-03-14,4.53000020980835
1957-03-15,4.53000020980835
1957-03-16,4.53000020980835
1957-03-17,4.53000020980835
1957-03-18,4.590000152587892
1957-03-19,4.639999866485597
1957-03-20,4.730000019073486
1957-03-21,4.789999961853027
1957-03-22,4.840000152587892
1957-03-23,4.869999885559082
1957-03-24,4.929999828338623
1957-03-25,4.960000038146973
1957-03-26,4.960000038146973
1957-03-27,4.960000038146973
1957-03-28,4.960000038146973
1957-03-29,4.960000038146973
1957-03-30,4.960000038146973
1957-03-31,4.960000038146973
1957-04-01,4.960000038146973
1957-04-02,4.960000038146973
1957-04-03,4.960000038146973
1957-04-04,4.960000038146973
1957-04-05,4.960000038146973
1957-04-06,4.960000038146973
1957-04-07,4.929999828338623
1957-04-08,4.960000038146973
1957-04-09,5.010000228881836
1957-04-10,5.039999961853027
1957-04-11,4.980000019073486
1957-04-12,4.960000038146973
1957-04-13,5.039999961853027
1957-04-14,5.179999828338623
1957-04-15,5.380000114440918
1957-04-16,5.380000114440918
1957-04-17,5.380000114440918
1957-04-18,5.380000114440918
1957-04-19,5.380000114440918
1957-04-20,5.4099998474121085
1957-04-21,5.489999771118164
1957-04-22,5.489999771118164
1957-04-23,5.579999923706055
1957-04-24,5.610000133514403
1957-04-25,5.75
1957-04-26,5.96999979019165
1957-04-27,6.940000057220459
1957-04-28,8.550000190734862
1957-04-29,11.899999618530273
1957-04-30,15.600000381469727
1957-05-01,23.20000076293945
1957-05-02,39.599998474121094
1957-05-03,55.20000076293945
1957-05-04,68.0
1957-05-05,68.0
1957-05-06,101.0
1957-05-07,109.0
1957-05-08,110.0
1957-05-09,110.0
1957-05-10,107.0
1957-05-11,106.0
1957-05-12,107.0
1957-05-13,108.0
1957-05-14,110.0
1957-05-15,110.0
1957-05-16,113.0
1957-05-17,114.0
1957-05-18,115.0
1957-05-19,115.0
1957-05-20,115.0
1957-05-21,110.0
1957-05-22,105.0
1957-05-23,93.4000015258789
1957-05-24,85.19999694824219
1957-05-25,85.19999694824219
1957-05-26,85.19999694824219
1957-05-27,87.19999694824219
1957-05-28,87.80000305175781
1957-05-29,86.9000015258789
1957-05-30,86.69999694824219
1957-05-31,86.4000015258789
1957-06-01,86.4000015258789
1957-06-02,86.4000015258789
1957-06-03,85.5
1957-06-04,85.19999694824219
1957-06-05,85.19999694824219
1957-06-06,85.19999694824219
1957-06-07,85.19999694824219
1957-06-08,85.19999694824219
1957-06-09,84.4000015258789
1957-06-10,83.0
1957-06-11,81.30000305175781
1957-06-12,78.4000015258789
1957-06-13,77.30000305175781
1957-06-14,76.19999694824219
1957-06-15,73.9000015258789
1957-06-16,73.5999984741211
1957-06-17,72.80000305175781
1957-06-18,71.9000015258789
1957-06-19,71.5999984741211
1957-06-20,71.0999984741211
1957-06-21,70.5
1957-06-22,69.69999694824219
1957-06-23,69.69999694824219
1957-06-24,68.5
1957-06-25,65.69999694824219
1957-06-26,62.29999923706055
1957-06-27,58.9000015258789
1957-06-28,56.099998474121094
1957-06-29,53.20000076293945
1957-06-30,50.70000076293945
1957-07-01,47.0
1957-07-02,43.599998474121094
1957-07-03,39.400001525878906
1957-07-04,39.400001525878906
1957-07-05,39.400001525878906
1957-07-06,40.5
1957-07-07,41.099998474121094
1957-07-08,40.79999923706055
1957-07-09,39.400001525878906
1957-07-10,39.099998474121094
1957-07-11,36.79999923706055
1957-07-12,34.799999237060554
1957-07-13,33.09999847412109
1957-07-14,31.70000076293945
1957-07-15,31.70000076293945
1957-07-16,31.70000076293945
1957-07-17,30.60000038146973
1957-07-18,29.20000076293945
1957-07-19,28.20000076293945
1957-07-20,28.20000076293945
1957-07-21,27.60000038146973
1957-07-22,27.0
1957-07-23,26.29999923706055
1957-07-24,25.899999618530284
1957-07-25,25.20000076293945
1957-07-26,24.5
1957-07-27,23.79999923706055
1957-07-28,23.79999923706055
1957-07-29,23.79999923706055
1957-07-30,23.20000076293945
1957-07-31,22.79999923706055
1957-08-01,22.100000381469727
1957-08-02,22.0
1957-08-03,21.899999618530284
1957-08-04,21.799999237060547
1957-08-05,21.5
1957-08-06,21.39999961853028
1957-08-07,21.100000381469727
1957-08-08,21.0
1957-08-09,20.89999961853028
1957-08-10,20.39999961853028
1957-08-11,20.100000381469727
1957-08-12,19.700000762939453
1957-08-13,19.299999237060547
1957-08-14,18.799999237060547
1957-08-15,18.39999961853028
1957-08-16,17.799999237060547
1957-08-17,17.600000381469727
1957-08-18,17.600000381469727
1957-08-19,17.299999237060547
1957-08-20,17.0
1957-08-21,17.0
1957-08-22,16.899999618530273
1957-08-23,16.700000762939453
1957-08-24,16.399999618530273
1957-08-25,16.399999618530273
1957-08-26,16.100000381469727
1957-08-27,16.0
1957-08-28,15.899999618530273
1957-08-29,15.600000381469727
1957-08-30,15.300000190734865
1957-08-31,15.0
1957-09-01,14.600000381469727
1957-09-02,14.199999809265135
1957-09-03,14.0
1957-09-04,13.699999809265135
1957-09-05,13.5
1957-09-06,13.5
1957-09-07,13.5
1957-09-08,13.600000381469727
1957-09-09,14.199999809265135
1957-09-10,14.399999618530273
1957-09-11,14.600000381469727
1957-09-12,14.600000381469727
1957-09-13,14.399999618530273
1957-09-14,13.899999618530273
1957-09-15,13.800000190734865
1957-09-16,13.300000190734865
1957-09-17,13.0
1957-09-18,12.699999809265135
1957-09-19,12.600000381469727
1957-09-20,12.300000190734865
1957-09-21,12.0
1957-09-22,12.0
1957-09-23,12.0
1957-09-24,11.899999618530273
1957-09-25,11.600000381469727
1957-09-26,11.399999618530273
1957-09-27,11.0
1957-09-28,10.800000190734863
1957-09-29,10.600000381469727
1957-09-30,10.5
1957-10-01,10.800000190734863
1957-10-02,10.699999809265137
1957-10-03,10.100000381469727
1957-10-04,11.600000381469727
1957-10-05,12.5
1957-10-06,12.0
1957-10-07,11.600000381469727
1957-10-08,11.0
1957-10-09,10.600000381469727
1957-10-10,10.300000190734863
1957-10-11,9.829999923706056
1957-10-12,9.630000114440918
1957-10-13,9.630000114440918
1957-10-14,9.539999961853027
1957-10-15,9.399999618530273
1957-10-16,9.119999885559082
1957-10-17,8.949999809265137
1957-10-18,8.859999656677246
1957-10-19,8.8100004196167
1957-10-20,8.779999732971191
1957-10-21,8.829999923706055
1957-10-22,8.829999923706055
1957-10-23,8.859999656677246
1957-10-24,8.979999542236328
1957-10-25,8.829999923706055
1957-10-26,9.399999618530273
1957-10-27,9.43000030517578
1957-10-28,9.34000015258789
1957-10-29,9.149999618530273
1957-10-30,8.720000267028809
1957-10-31,8.130000114440918
1957-11-01,7.929999828338622
1957-11-02,7.929999828338622
1957-11-03,7.929999828338622
1957-11-04,7.929999828338622
1957-11-05,7.929999828338622
1957-11-06,7.8400001525878915
1957-11-07,7.789999961853027
1957-11-08,7.5900001525878915
1957-11-09,7.449999809265138
1957-11-10,7.360000133514402
1957-11-11,7.21999979019165
1957-11-12,7.1599998474121085
1957-11-13,6.989999771118164
1957-11-14,6.849999904632568
1957-11-15,6.6500000953674325
1957-11-16,6.599999904632568
1957-11-17,6.570000171661378
1957-11-18,6.460000038146973
1957-11-19,6.369999885559082
1957-11-20,5.380000114440918
1957-11-21,5.380000114440918
1957-11-22,5.380000114440918
1957-11-23,5.610000133514403
1957-11-24,5.800000190734862
1957-11-25,6.170000076293945
1957-11-26,6.230000019073486
1957-11-27,6.369999885559082
1957-11-28,6.599999904632568
1957-11-29,6.849999904632568
1957-11-30,6.9099998474121085
1957-12-01,6.800000190734862
1957-12-02,6.570000171661378
1957-12-03,6.369999885559082
1957-12-04,6.170000076293945
1957-12-05,6.0
1957-12-06,5.889999866485598
1957-12-07,5.889999866485598
1957-12-08,5.889999866485598
1957-12-09,5.829999923706055
1957-12-10,5.78000020980835
1957-12-11,5.6599998474121085
1957-12-12,5.550000190734863
1957-12-13,5.46999979019165
1957-12-14,5.380000114440918
1957-12-15,5.380000114440918
1957-12-16,5.380000114440918
1957-12-17,5.380000114440918
1957-12-18,5.380000114440918
1957-12-19,5.380000114440918
1957-12-20,5.380000114440918
1957-12-21,5.380000114440918
1957-12-22,5.380000114440918
1957-12-23,5.380000114440918
1957-12-24,5.320000171661377
1957-12-25,5.300000190734863
1957-12-26,5.269999980926514
1957-12-27,5.239999771118164
1957-12-28,5.210000038146973
1957-12-29,5.210000038146973
1957-12-30,5.179999828338623
1957-12-31,5.150000095367432
1958-01-01,5.150000095367432
1958-01-02,5.039999961853027
1958-01-03,5.010000228881836
1958-01-04,4.980000019073486
1958-01-05,4.900000095367432
1958-01-06,4.869999885559082
1958-01-07,4.809999942779541
1958-01-08,4.760000228881836
1958-01-09,4.760000228881836
1958-01-10,4.760000228881836
1958-01-11,4.760000228881836
1958-01-12,4.760000228881836
1958-01-13,4.809999942779541
1958-01-14,4.960000038146973
1958-01-15,5.070000171661377
1958-01-16,5.300000190734863
1958-01-17,5.380000114440918
1958-01-18,5.380000114440918
1958-01-19,5.300000190734863
1958-01-20,5.070000171661377
1958-01-21,4.960000038146973
1958-01-22,4.960000038146973
1958-01-23,4.960000038146973
1958-01-24,4.960000038146973
1958-01-25,4.900000095367432
1958-01-26,4.809999942779541
1958-01-27,4.699999809265137
1958-01-28,4.699999809265137
1958-01-29,4.699999809265137
1958-01-30,4.699999809265137
1958-01-31,4.699999809265137
1958-02-01,4.760000228881836
1958-02-02,4.760000228881836
1958-02-03,4.730000019073486
1958-02-04,4.730000019073486
1958-02-05,4.670000076293945
1958-02-06,4.619999885559082
1958-02-07,4.559999942779541
1958-02-08,4.53000020980835
1958-02-09,4.53000020980835
1958-02-10,4.53000020980835
1958-02-11,4.53000020980835
1958-02-12,4.53000020980835
1958-02-13,4.53000020980835
1958-02-14,4.53000020980835
1958-02-15,4.53000020980835
1958-02-16,4.53000020980835
1958-02-17,4.53000020980835
1958-02-18,4.53000020980835
1958-02-19,4.53000020980835
1958-02-20,4.53000020980835
1958-02-21,4.53000020980835
1958-02-22,4.46999979019165
1958-02-23,4.360000133514403
1958-02-24,4.360000133514403
1958-02-25,4.420000076293945
1958-02-26,4.46999979019165
1958-02-27,4.53000020980835
1958-02-28,4.559999942779541
1958-03-01,4.559999942779541
1958-03-02,4.5
1958-03-03,4.46999979019165
1958-03-04,4.449999809265137
1958-03-05,4.360000133514403
1958-03-06,4.360000133514403
1958-03-07,4.360000133514403
1958-03-08,4.46999979019165
1958-03-09,4.46999979019165
1958-03-10,4.5
1958-03-11,4.53000020980835
1958-03-12,4.53000020980835
1958-03-13,4.53000020980835
1958-03-14,4.53000020980835
1958-03-15,4.420000076293945
1958-03-16,3.9600000381469727
1958-03-17,3.4800000190734863
1958-03-18,3.259999990463257
1958-03-19,3.259999990463257
1958-03-20,3.259999990463257
1958-03-21,3.3399999141693115
1958-03-22,3.5399999618530287
1958-03-23,3.7699999809265137
1958-03-24,3.9600000381469727
1958-03-25,4.110000133514403
1958-03-26,4.300000190734863
1958-03-27,4.449999809265137
1958-03-28,4.53000020980835
1958-03-29,4.590000152587892
1958-03-30,4.559999942779541
1958-03-31,4.449999809265137
1958-04-01,4.449999809265137
1958-04-02,4.53000020980835
1958-04-03,4.699999809265137
1958-04-04,4.869999885559082
1958-04-05,4.960000038146973
1958-04-06,4.960000038146973
1958-04-07,4.960000038146973
1958-04-08,4.960000038146973
1958-04-09,4.960000038146973
1958-04-10,4.960000038146973
1958-04-11,4.960000038146973
1958-04-12,4.960000038146973
1958-04-13,5.099999904632568
1958-04-14,5.610000133514403
1958-04-15,6.230000019073486
1958-04-16,6.849999904632568
1958-04-17,7.190000057220459
1958-04-18,6.849999904632568
1958-04-19,6.599999904632568
1958-04-20,6.429999828338622
1958-04-21,6.369999885559082
1958-04-22,6.460000038146973
1958-04-23,6.460000038146973
1958-04-24,6.4000000953674325
1958-04-25,6.289999961853027
1958-04-26,6.289999961853027
1958-04-27,6.289999961853027
1958-04-28,6.309999942779541
1958-04-29,6.429999828338622
1958-04-30,6.599999904632568
1958-05-01,6.849999904632568
1958-05-02,7.019999980926514
1958-05-03,7.360000133514402
1958-05-04,8.210000038146973
1958-05-05,10.5
1958-05-06,14.199999809265135
1958-05-07,20.100000381469727
1958-05-08,26.60000038146973
1958-05-09,33.400001525878906
1958-05-10,45.9000015258789
1958-05-11,60.0
1958-05-12,72.19999694824219
1958-05-13,79.30000305175781
1958-05-14,81.0
1958-05-15,83.30000305175781
1958-05-16,83.30000305175781
1958-05-17,83.30000305175781
1958-05-18,85.0
1958-05-19,89.80000305175781
1958-05-20,102.0
1958-05-21,113.0
1958-05-22,113.0
1958-05-23,113.0
1958-05-24,110.0
1958-05-25,109.0
1958-05-26,108.0
1958-05-27,107.0
1958-05-28,102.0
1958-05-29,99.0999984741211
1958-05-30,94.0
1958-05-31,90.9000015258789
1958-06-01,88.30000305175781
1958-06-02,82.0999984741211
1958-06-03,77.30000305175781
1958-06-04,72.19999694824219
1958-06-05,70.19999694824219
1958-06-06,68.0
1958-06-07,68.0
1958-06-08,68.0
1958-06-09,68.0
1958-06-10,68.0
1958-06-11,68.0
1958-06-12,70.5
1958-06-13,67.09999847412111
1958-06-14,57.5
1958-06-15,54.4000015258789
1958-06-16,54.4000015258789
1958-06-17,54.4000015258789
1958-06-18,54.4000015258789
1958-06-19,54.4000015258789
1958-06-20,54.4000015258789
1958-06-21,51.79999923706055
1958-06-22,49.29999923706055
1958-06-23,47.599998474121094
1958-06-24,46.70000076293945
1958-06-25,45.9000015258789
1958-06-26,45.9000015258789
1958-06-27,45.9000015258789
1958-06-28,48.099998474121094
1958-06-29,51.0
1958-06-30,52.099998474121094
1958-07-01,51.0
1958-07-02,49.29999923706055
1958-07-03,49.29999923706055
1958-07-04,49.29999923706055
1958-07-05,51.0
1958-07-06,52.70000076293945
1958-07-07,57.79999923706055
1958-07-08,62.599998474121094
1958-07-09,60.0
1958-07-10,57.5
1958-07-11,56.9000015258789
1958-07-12,60.0
1958-07-13,60.0
1958-07-14,56.099998474121094
1958-07-15,51.5
1958-07-16,49.29999923706055
1958-07-17,46.70000076293945
1958-07-18,44.5
1958-07-19,42.5
1958-07-20,39.599998474121094
1958-07-21,43.0
1958-07-22,41.099998474121094
1958-07-23,39.599998474121094
1958-07-24,37.70000076293945
1958-07-25,35.09999847412109
1958-07-26,33.400001525878906
1958-07-27,33.400001525878906
1958-07-28,33.400001525878906
1958-07-29,32.59999847412109
1958-07-30,30.0
1958-07-31,28.20000076293945
1958-08-01,26.899999618530284
1958-08-02,26.399999618530284
1958-08-03,26.399999618530284
1958-08-04,25.5
1958-08-05,24.60000038146973
1958-08-06,23.79999923706055
1958-08-07,22.899999618530284
1958-08-08,22.399999618530284
1958-08-09,21.799999237060547
1958-08-10,21.200000762939453
1958-08-11,21.0
1958-08-12,20.89999961853028
1958-08-13,20.39999961853028
1958-08-14,20.39999961853028
1958-08-15,20.100000381469727
1958-08-16,19.89999961853028
1958-08-17,19.799999237060547
1958-08-18,19.5
1958-08-19,19.299999237060547
1958-08-20,19.299999237060547
1958-08-21,19.0
1958-08-22,18.799999237060547
1958-08-23,18.39999961853028
1958-08-24,18.39999961853028
1958-08-25,18.700000762939453
1958-08-26,19.200000762939453
1958-08-27,19.799999237060547
1958-08-28,20.100000381469727
1958-08-29,20.299999237060547
1958-08-30,19.299999237060547
1958-08-31,18.100000381469727
1958-09-01,16.700000762939453
1958-09-02,16.100000381469727
1958-09-03,16.0
1958-09-04,15.899999618530273
1958-09-05,15.600000381469727
1958-09-06,15.0
1958-09-07,14.399999618530273
1958-09-08,13.5
1958-09-09,12.0
1958-09-10,11.699999809265135
1958-09-11,12.199999809265135
1958-09-12,14.100000381469727
1958-09-13,15.0
1958-09-14,15.0
1958-09-15,15.0
1958-09-16,15.0
1958-09-17,15.399999618530273
1958-09-18,15.899999618530273
1958-09-19,16.299999237060547
1958-09-20,16.700000762939453
1958-09-21,16.700000762939453
1958-09-22,15.0
1958-09-23,13.5
1958-09-24,13.0
1958-09-25,12.699999809265135
1958-09-26,12.300000190734865
1958-09-27,12.0
1958-09-28,12.0
1958-09-29,12.0
1958-09-30,12.0
1958-10-01,
1958-10-02,
1958-10-03,
1958-10-04,
1958-10-05,
1958-10-06,
1958-10-07,
1958-10-08,
1958-10-09,
1958-10-10,
1958-10-11,
1958-10-12,
1958-10-13,
1958-10-14,
1958-10-15,
1958-10-16,
1958-10-17,
1958-10-18,
1958-10-19,
1958-10-20,
1958-10-21,
1958-10-22,
1958-10-23,
1958-10-24,
1958-10-25,
1958-10-26,
1958-10-27,
1958-10-28,
1958-10-29,
1958-10-30,
1958-10-31,
1958-11-01,
1958-11-02,
1958-11-03,
1958-11-04,
1958-11-05,
1958-11-06,
1958-11-07,
1958-11-08,
1958-11-09,
1958-11-10,
1958-11-11,
1958-11-12,
1958-11-13,
1958-11-14,
1958-11-15,
1958-11-16,
1958-11-17,
1958-11-18,
1958-11-19,
1958-11-20,
1958-11-21,
1958-11-22,
1958-11-23,
1958-11-24,
1958-11-25,
1958-11-26,
1958-11-27,
1958-11-28,
1958-11-29,
1958-11-30,
1958-12-01,
1958-12-02,
1958-12-03,
1958-12-04,
1958-12-05,
1958-12-06,
1958-12-07,
1958-12-08,
1958-12-09,
1958-12-10,
1958-12-11,
1958-12-12,
1958-12-13,
1958-12-14,
1958-12-15,
1958-12-16,
1958-12-17,
1958-12-18,
1958-12-19,
1958-12-20,
1958-12-21,
1958-12-22,
1958-12-23,
1958-12-24,
1958-12-25,
1958-12-26,
1958-12-27,
1958-12-28,
1958-12-29,
1958-12-30,
1958-12-31,
1959-01-01,
1959-01-02,
1959-01-03,
1959-01-04,
1959-01-05,
1959-01-06,
1959-01-07,
1959-01-08,
1959-01-09,
1959-01-10,
1959-01-11,
1959-01-12,
1959-01-13,
1959-01-14,
1959-01-15,
1959-01-16,
1959-01-17,
1959-01-18,
1959-01-19,
1959-01-20,
1959-01-21,
1959-01-22,
1959-01-23,
1959-01-24,
1959-01-25,
1959-01-26,
1959-01-27,
1959-01-28,
1959-01-29,
1959-01-30,
1959-01-31,
1959-02-01,
1959-02-02,
1959-02-03,
1959-02-04,
1959-02-05,
1959-02-06,
1959-02-07,
1959-02-08,
1959-02-09,
1959-02-10,
1959-02-11,
1959-02-12,
1959-02-13,
1959-02-14,
1959-02-15,
1959-02-16,
1959-02-17,
1959-02-18,
1959-02-19,
1959-02-20,
1959-02-21,
1959-02-22,
1959-02-23,
1959-02-24,
1959-02-25,
1959-02-26,
1959-02-27,
1959-02-28,
1959-03-01,
1959-03-02,
1959-03-03,
1959-03-04,
1959-03-05,
1959-03-06,
1959-03-07,
1959-03-08,
1959-03-09,
1959-03-10,
1959-03-11,
1959-03-12,
1959-03-13,
1959-03-14,
1959-03-15,
1959-03-16,
1959-03-17,
1959-03-18,
1959-03-19,
1959-03-20,
1959-03-21,
1959-03-22,
1959-03-23,
1959-03-24,
1959-03-25,
1959-03-26,
1959-03-27,
1959-03-28,
1959-03-29,
1959-03-30,
1959-03-31,
1959-04-01,
1959-04-02,
1959-04-03,
1959-04-04,
1959-04-05,
1959-04-06,
1959-04-07,
1959-04-08,
1959-04-09,
1959-04-10,
1959-04-11,
1959-04-12,
1959-04-13,
1959-04-14,
1959-04-15,
1959-04-16,
1959-04-17,
1959-04-18,
1959-04-19,
1959-04-20,
1959-04-21,
1959-04-22,
1959-04-23,
1959-04-24,
1959-04-25,
1959-04-26,
1959-04-27,
1959-04-28,
1959-04-29,
1959-04-30,
1959-05-01,
1959-05-02,
1959-05-03,
1959-05-04,
1959-05-05,
1959-05-06,
1959-05-07,
1959-05-08,
1959-05-09,
1959-05-10,
1959-05-11,
1959-05-12,
1959-05-13,
1959-05-14,
1959-05-15,
1959-05-16,
1959-05-17,
1959-05-18,
1959-05-19,
1959-05-20,
1959-05-21,
1959-05-22,
1959-05-23,
1959-05-24,
1959-05-25,
1959-05-26,
1959-05-27,
1959-05-28,
1959-05-29,
1959-05-30,
1959-05-31,
1959-06-01,
1959-06-02,
1959-06-03,
1959-06-04,
1959-06-05,
1959-06-06,
1959-06-07,
1959-06-08,
1959-06-09,
1959-06-10,
1959-06-11,
1959-06-12,
1959-06-13,
1959-06-14,
1959-06-15,
1959-06-16,
1959-06-17,
1959-06-18,
1959-06-19,
1959-06-20,
1959-06-21,
1959-06-22,
1959-06-23,
1959-06-24,
1959-06-25,
1959-06-26,
1959-06-27,
1959-06-28,
1959-06-29,
1959-06-30,
1959-07-01,
1959-07-02,
1959-07-03,
1959-07-04,
1959-07-05,
1959-07-06,
1959-07-07,
1959-07-08,
1959-07-09,
1959-07-10,
1959-07-11,
1959-07-12,
1959-07-13,
1959-07-14,
1959-07-15,
1959-07-16,
1959-07-17,
1959-07-18,
1959-07-19,
1959-07-20,
1959-07-21,
1959-07-22,
1959-07-23,
1959-07-24,
1959-07-25,
1959-07-26,
1959-07-27,
1959-07-28,
1959-07-29,
1959-07-30,
1959-07-31,
1959-08-01,
1959-08-02,
1959-08-03,
1959-08-04,
1959-08-05,
1959-08-06,
1959-08-07,
1959-08-08,
1959-08-09,
1959-08-10,
1959-08-11,
1959-08-12,
1959-08-13,
1959-08-14,
1959-08-15,
1959-08-16,
1959-08-17,
1959-08-18,
1959-08-19,
1959-08-20,
1959-08-21,
1959-08-22,
1959-08-23,
1959-08-24,
1959-08-25,
1959-08-26,
1959-08-27,
1959-08-28,
1959-08-29,
1959-08-30,
1959-08-31,
1959-09-01,
1959-09-02,
1959-09-03,
1959-09-04,
1959-09-05,
1959-09-06,
1959-09-07,
1959-09-08,
1959-09-09,
1959-09-10,
1959-09-11,
1959-09-12,
1959-09-13,
1959-09-14,
1959-09-15,
1959-09-16,
1959-09-17,
1959-09-18,
1959-09-19,
1959-09-20,
1959-09-21,
1959-09-22,
1959-09-23,
1959-09-24,
1959-09-25,
1959-09-26,
1959-09-27,
1959-09-28,
1959-09-29,
1959-09-30,
1959-10-01,20.700000762939453
1959-10-02,20.39999961853028
1959-10-03,20.100000381469727
1959-10-04,19.89999961853028
1959-10-05,19.600000381469727
1959-10-06,19.39999961853028
1959-10-07,19.299999237060547
1959-10-08,18.39999961853028
1959-10-09,17.600000381469727
1959-10-10,16.700000762939453
1959-10-11,16.700000762939453
1959-10-12,16.700000762939453
1959-10-13,16.700000762939453
1959-10-14,16.700000762939453
1959-10-15,16.700000762939453
1959-10-16,16.700000762939453
1959-10-17,16.700000762939453
1959-10-18,16.700000762939453
1959-10-19,16.399999618530273
1959-10-20,16.100000381469727
1959-10-21,15.899999618530273
1959-10-22,15.600000381469727
1959-10-23,15.300000190734865
1959-10-24,15.0
1959-10-25,15.0
1959-10-26,15.0
1959-10-27,15.0
1959-10-28,15.0
1959-10-29,15.0
1959-10-30,15.0
1959-10-31,15.0
1959-11-01,15.0
1959-11-02,15.0
1959-11-03,15.0
1959-11-04,15.0
1959-11-05,15.0
1959-11-06,15.0
1959-11-07,15.0
1959-11-08,14.199999809265135
1959-11-09,13.5
1959-11-10,13.5
1959-11-11,13.5
1959-11-12,11.600000381469727
1959-11-13,9.739999771118164
1959-11-14,8.210000038146973
1959-11-15,6.9099998474121085
1959-11-16,6.570000171661378
1959-11-17,6.739999771118164
1959-11-18,6.96999979019165
1959-11-19,7.449999809265138
1959-11-20,9.0600004196167
1959-11-21,12.0
1959-11-22,12.0
1959-11-23,11.399999618530273
1959-11-24,10.600000381469727
1959-11-25,9.630000114440918
1959-11-26,9.630000114440918
1959-11-27,9.630000114440918
1959-11-28,9.630000114440918
1959-11-29,9.630000114440918
1959-11-30,9.539999961853027
1959-12-01,9.09000015258789
1959-12-02,8.890000343322754
1959-12-03,8.779999732971191
1959-12-04,8.689999580383299
1959-12-05,8.5
1959-12-06,8.5
1959-12-07,8.5
1959-12-08,8.5
1959-12-09,8.5
1959-12-10,8.5
1959-12-11,8.5
1959-12-12,8.5
1959-12-13,8.5
1959-12-14,8.5
1959-12-15,8.5
1959-12-16,8.5
1959-12-17,8.5
1959-12-18,8.5
1959-12-19,8.5
1959-12-20,8.5
1959-12-21,8.5
1959-12-22,8.5
1959-12-23,8.5
1959-12-24,8.5
1959-12-25,8.5
1959-12-26,8.5
1959-12-27,8.130000114440918
1959-12-28,7.730000019073486
1959-12-29,7.360000133514402
1959-12-30,7.1599998474121085
1959-12-31,7.079999923706055
1960-01-01,7.019999980926514
1960-01-02,6.9099998474121085
1960-01-03,6.769999980926514
1960-01-04,6.739999771118164
1960-01-05,6.679999828338622
1960-01-06,6.630000114440918
1960-01-07,6.599999904632568
1960-01-08,6.570000171661378
1960-01-09,6.570000171661378
1960-01-10,6.570000171661378
1960-01-11,6.570000171661378
1960-01-12,6.570000171661378
1960-01-13,6.570000171661378
1960-01-14,6.539999961853027
1960-01-15,6.429999828338622
1960-01-16,6.289999961853027
1960-01-17,6.119999885559082
1960-01-18,5.949999809265138
1960-01-19,5.690000057220459
1960-01-20,5.380000114440918
1960-01-21,5.349999904632568
1960-01-22,5.4099998474121085
1960-01-23,5.550000190734863
1960-01-24,5.860000133514402
1960-01-25,6.230000019073486
1960-01-26,6.800000190734862
1960-01-27,7.699999809265138
1960-01-28,8.5
1960-01-29,8.829999923706055
1960-01-30,8.949999809265137
1960-01-31,7.929999828338622
1960-02-01,6.570000171661378
1960-02-02,6.570000171661378
1960-02-03,6.539999961853027
1960-02-04,6.480000019073486
1960-02-05,6.429999828338622
1960-02-06,6.369999885559082
1960-02-07,6.369999885559082
1960-02-08,6.03000020980835
1960-02-09,5.71999979019165
1960-02-10,5.380000114440918
1960-02-11,5.380000114440918
1960-02-12,5.380000114440918
1960-02-13,5.380000114440918
1960-02-14,5.380000114440918
1960-02-15,5.380000114440918
1960-02-16,5.380000114440918
1960-02-17,5.380000114440918
1960-02-18,5.380000114440918
1960-02-19,5.380000114440918
1960-02-20,5.380000114440918
1960-02-21,5.380000114440918
1960-02-22,5.440000057220459
1960-02-23,5.489999771118164
1960-02-24,5.579999923706055
1960-02-25,5.380000114440918
1960-02-26,5.099999904632568
1960-02-27,4.389999866485597
1960-02-28,4.25
1960-02-29,4.25
1960-03-01,4.25
1960-03-02,4.25
1960-03-03,4.25
1960-03-04,4.300000190734863
1960-03-05,4.619999885559082
1960-03-06,4.980000019073486
1960-03-07,5.380000114440918
1960-03-08,5.320000171661377
1960-03-09,5.269999980926514
1960-03-10,5.239999771118164
1960-03-11,5.210000038146973
1960-03-12,5.210000038146973
1960-03-13,5.210000038146973
1960-03-14,5.130000114440918
1960-03-15,5.039999961853027
1960-03-16,4.960000038146973
1960-03-17,4.809999942779541
1960-03-18,4.670000076293945
1960-03-19,4.53000020980835
1960-03-20,4.53000020980835
1960-03-21,4.53000020980835
1960-03-22,5.099999904632568
1960-03-23,5.6599998474121085
1960-03-24,6.230000019073486
1960-03-25,6.800000190734862
1960-03-26,7.360000133514402
1960-03-27,7.360000133514402
1960-03-28,7.650000095367432
1960-03-29,7.929999828338622
1960-03-30,8.210000038146973
1960-03-31,8.5
1960-04-01,8.5
1960-04-02,8.5
1960-04-03,8.5
1960-04-04,9.0600004196167
1960-04-05,10.100000381469727
1960-04-06,11.100000381469727
1960-04-07,12.300000190734865
1960-04-08,13.5
1960-04-09,15.100000381469727
1960-04-10,16.700000762939453
1960-04-11,18.39999961853028
1960-04-12,18.39999961853028
1960-04-13,18.39999961853028
1960-04-14,18.39999961853028
1960-04-15,18.39999961853028
1960-04-16,17.600000381469727
1960-04-17,16.700000762939453
1960-04-18,16.399999618530273
1960-04-19,16.0
1960-04-20,15.699999809265135
1960-04-21,15.300000190734865
1960-04-22,15.0
1960-04-23,14.5
1960-04-24,14.0
1960-04-25,13.5
1960-04-26,13.100000381469727
1960-04-27,12.699999809265135
1960-04-28,12.399999618530273
1960-04-29,12.0
1960-04-30,12.5
1960-05-01,13.0
1960-05-02,13.5
1960-05-03,16.299999237060547
1960-05-04,19.200000762939453
1960-05-05,22.0
1960-05-06,24.899999618530284
1960-05-07,29.70000076293945
1960-05-08,34.799999237060554
1960-05-09,39.599998474121094
1960-05-10,46.70000076293945
1960-05-11,53.79999923706055
1960-05-12,60.9000015258789
1960-05-13,68.0
1960-05-14,79.9000015258789
1960-05-15,92.0
1960-05-16,74.19999694824219
1960-05-17,56.4000015258789
1960-05-18,51.5
1960-05-19,47.0
1960-05-20,43.599998474121094
1960-05-21,41.900001525878906
1960-05-22,39.599998474121094
1960-05-23,38.79999923706055
1960-05-24,38.5
1960-05-25,39.099998474121094
1960-05-26,40.79999923706055
1960-05-27,42.5
1960-05-28,43.0
1960-05-29,43.0
1960-05-30,43.0
1960-05-31,49.599998474121094
1960-06-01,78.19999694824219
1960-06-02,107.0
1960-06-03,135.0
1960-06-04,199.0
1960-06-05,139.0
1960-06-06,132.0
1960-06-07,127.0
1960-06-08,126.0
1960-06-09,132.0
1960-06-10,139.0
1960-06-11,139.0
1960-06-12,139.0
1960-06-13,139.0
1960-06-14,139.0
1960-06-15,139.0
1960-06-16,136.0
1960-06-17,125.0
1960-06-18,105.0
1960-06-19,68.0
1960-06-20,62.29999923706055
1960-06-21,61.20000076293945
1960-06-22,62.29999923706055
1960-06-23,68.0
1960-06-24,75.30000305175781
1960-06-25,78.19999694824219
1960-06-26,76.5
1960-06-27,71.4000015258789
1960-06-28,68.0
1960-06-29,69.90000152587889
1960-06-30,72.19999694824219
1960-07-01,74.5
1960-07-02,74.19999694824219
1960-07-03,72.19999694824219
1960-07-04,70.19999694824219
1960-07-05,68.0
1960-07-06,65.69999694824219
1960-07-07,64.0
1960-07-08,63.4000015258789
1960-07-09,60.0
1960-07-10,60.0
1960-07-11,57.5
1960-07-12,55.20000076293945
1960-07-13,52.70000076293945
1960-07-14,52.099998474121094
1960-07-15,51.5
1960-07-16,51.0
1960-07-17,45.0
1960-07-18,33.400001525878906
1960-07-19,32.299999237060554
1960-07-20,31.399999618530284
1960-07-21,30.60000038146973
1960-07-22,30.0
1960-07-23,29.70000076293945
1960-07-24,29.399999618530284
1960-07-25,29.399999618530284
1960-07-26,29.399999618530284
1960-07-27,29.399999618530284
1960-07-28,28.899999618530284
1960-07-29,28.29999923706055
1960-07-30,28.0
1960-07-31,28.29999923706055
1960-08-01,30.60000038146973
1960-08-02,34.0
1960-08-03,37.400001525878906
1960-08-04,37.70000076293945
1960-08-05,38.20000076293945
1960-08-06,38.5
1960-08-07,36.79999923706055
1960-08-08,33.400001525878906
1960-08-09,31.70000076293945
1960-08-10,30.0
1960-08-11,28.0
1960-08-12,25.899999618530284
1960-08-13,25.20000076293945
1960-08-14,24.5
1960-08-15,23.79999923706055
1960-08-16,23.10000038146973
1960-08-17,22.5
1960-08-18,21.799999237060547
1960-08-19,21.0
1960-08-20,20.100000381469727
1960-08-21,19.299999237060547
1960-08-22,18.39999961853028
1960-08-23,17.200000762939453
1960-08-24,15.899999618530273
1960-08-25,14.699999809265135
1960-08-26,13.5
1960-08-27,13.399999618530273
1960-08-28,13.300000190734865
1960-08-29,13.199999809265135
1960-08-30,13.100000381469727
1960-08-31,13.0
1960-09-01,12.899999618530273
1960-09-02,12.699999809265135
1960-09-03,13.100000381469727
1960-09-04,13.5
1960-09-05,18.39999961853028
1960-09-06,13.5
1960-09-07,13.300000190734865
1960-09-08,13.300000190734865
1960-09-09,13.399999618530273
1960-09-10,13.5
1960-09-11,13.199999809265135
1960-09-12,13.0
1960-09-13,12.699999809265135
1960-09-14,13.0
1960-09-15,13.300000190734865
1960-09-16,12.600000381469727
1960-09-17,11.899999618530273
1960-09-18,11.300000190734865
1960-09-19,11.399999618530273
1960-09-20,11.5
1960-09-21,11.600000381469727
1960-09-22,11.699999809265135
1960-09-23,11.800000190734865
1960-09-24,11.899999618530273
1960-09-25,11.300000190734865
1960-09-26,10.800000190734863
1960-09-27,10.600000381469727
1960-09-28,10.5
1960-09-29,10.300000190734863
1960-09-30,10.199999809265137
1960-10-01,9.56999969482422
1960-10-02,9.0600004196167
1960-10-03,8.920000076293945
1960-10-04,8.8100004196167
1960-10-05,8.609999656677246
1960-10-06,8.5
1960-10-07,8.5
1960-10-08,8.5
1960-10-09,8.5
1960-10-10,8.5
1960-10-11,8.640000343322754
1960-10-12,8.779999732971191
1960-10-13,8.920000076293945
1960-10-14,9.0600004196167
1960-10-15,8.920000076293945
1960-10-16,8.779999732971191
1960-10-17,8.5
1960-10-18,8.5
1960-10-19,8.5
1960-10-20,8.5
1960-10-21,8.210000038146973
1960-10-22,7.650000095367432
1960-10-23,7.360000133514402
1960-10-24,7.650000095367432
1960-10-25,8.069999694824219
1960-10-26,8.640000343322754
1960-10-27,9.630000114440918
1960-10-28,9.199999809265137
1960-10-29,8.920000076293945
1960-10-30,8.5
1960-10-31,8.210000038146973
1960-11-01,8.159999847412111
1960-11-02,8.039999961853027
1960-11-03,7.929999828338622
1960-11-04,7.929999828338622
1960-11-05,7.929999828338622
1960-11-06,7.929999828338622
1960-11-07,7.929999828338622
1960-11-08,7.929999828338622
1960-11-09,7.929999828338622
1960-11-10,7.929999828338622
1960-11-11,7.929999828338622
1960-11-12,7.929999828338622
1960-11-13,7.650000095367432
1960-11-14,7.21999979019165
1960-11-15,7.21999979019165
1960-11-16,7.21999979019165
1960-11-17,7.21999979019165
1960-11-18,7.21999979019165
1960-11-19,7.21999979019165
1960-11-20,7.21999979019165
1960-11-21,7.21999979019165
1960-11-22,7.21999979019165
1960-11-23,7.21999979019165
1960-11-24,7.21999979019165
1960-11-25,7.21999979019165
1960-11-26,7.21999979019165
1960-11-27,7.21999979019165
1960-11-28,7.21999979019165
1960-11-29,7.21999979019165
1960-11-30,5.6599998474121085
1960-12-01,5.6599998474121085
1960-12-02,5.6599998474121085
1960-12-03,5.6599998474121085
1960-12-04,5.6599998474121085
1960-12-05,5.6599998474121085
1960-12-06,5.6599998474121085
1960-12-07,5.6599998474121085
1960-12-08,5.6599998474121085
1960-12-09,5.6599998474121085
1960-12-10,5.6599998474121085
1960-12-11,5.6599998474121085
1960-12-12,5.6599998474121085
1960-12-13,5.6599998474121085
1960-12-14,5.6599998474121085
1960-12-15,5.6599998474121085
1960-12-16,3.910000085830689
1960-12-17,3.910000085830689
1960-12-18,3.910000085830689
1960-12-19,3.910000085830689
1960-12-20,3.910000085830689
1960-12-21,3.910000085830689
1960-12-22,3.910000085830689
1960-12-23,3.910000085830689
1960-12-24,3.910000085830689
1960-12-25,3.910000085830689
1960-12-26,3.910000085830689
1960-12-27,3.910000085830689
1960-12-28,3.910000085830689
1960-12-29,3.910000085830689
1960-12-30,3.910000085830689
1960-12-31,3.910000085830689
1961-01-01,3.880000114440918
1961-01-02,3.880000114440918
1961-01-03,3.880000114440918
1961-01-04,3.880000114440918
1961-01-05,3.880000114440918
1961-01-06,3.880000114440918
1961-01-07,3.880000114440918
1961-01-08,3.880000114440918
1961-01-09,3.880000114440918
1961-01-10,3.880000114440918
1961-01-11,3.880000114440918
1961-01-12,3.880000114440918
1961-01-13,3.880000114440918
1961-01-14,3.880000114440918
1961-01-15,3.880000114440918
1961-01-16,3.880000114440918
1961-01-17,3.880000114440918
1961-01-18,3.880000114440918
1961-01-19,3.880000114440918
1961-01-20,3.880000114440918
1961-01-21,3.880000114440918
1961-01-22,3.880000114440918
1961-01-23,3.880000114440918
1961-01-24,3.880000114440918
1961-01-25,3.880000114440918
1961-01-26,3.880000114440918
1961-01-27,3.880000114440918
1961-01-28,3.880000114440918
1961-01-29,3.880000114440918
1961-01-30,3.880000114440918
1961-01-31,3.880000114440918
1961-02-01,3.849999904632568
1961-02-02,3.849999904632568
1961-02-03,3.849999904632568
1961-02-04,3.849999904632568
1961-02-05,3.849999904632568
1961-02-06,3.849999904632568
1961-02-07,3.849999904632568
1961-02-08,3.849999904632568
1961-02-09,3.849999904632568
1961-02-10,3.849999904632568
1961-02-11,3.849999904632568
1961-02-12,3.849999904632568
1961-02-13,3.849999904632568
1961-02-14,3.849999904632568
1961-02-15,3.849999904632568
1961-02-16,3.849999904632568
1961-02-17,3.849999904632568
1961-02-18,3.849999904632568
1961-02-19,3.849999904632568
1961-02-20,3.849999904632568
1961-02-21,3.8199999332427983
1961-02-22,3.8199999332427983
1961-02-23,3.8199999332427983
1961-02-24,3.8199999332427983
1961-02-25,3.8199999332427983
1961-02-26,3.8199999332427983
1961-02-27,3.8199999332427983
1961-02-28,3.8199999332427983
1961-03-01,3.849999904632568
1961-03-02,3.849999904632568
1961-03-03,3.849999904632568
1961-03-04,3.849999904632568
1961-03-05,3.849999904632568
1961-03-06,3.849999904632568
1961-03-07,3.849999904632568
1961-03-08,3.849999904632568
1961-03-09,3.849999904632568
1961-03-10,3.849999904632568
1961-03-11,3.849999904632568
1961-03-12,3.849999904632568
1961-03-13,3.849999904632568
1961-03-14,3.849999904632568
1961-03-15,3.849999904632568
1961-03-16,4.670000076293945
1961-03-17,4.760000228881836
1961-03-18,4.789999961853027
1961-03-19,4.809999942779541
1961-03-20,4.809999942779541
1961-03-21,4.960000038146973
1961-03-22,4.960000038146973
1961-03-23,4.960000038146973
1961-03-24,4.960000038146973
1961-03-25,4.960000038146973
1961-03-26,5.039999961853027
1961-03-27,5.150000095367432
1961-03-28,5.380000114440918
1961-03-29,5.46999979019165
1961-03-30,5.71999979019165
1961-03-31,5.949999809265138
1961-04-01,6.059999942779541
1961-04-02,6.230000019073486
1961-04-03,6.369999885559082
1961-04-04,6.309999942779541
1961-04-05,6.260000228881836
1961-04-06,6.230000019073486
1961-04-07,6.119999885559082
1961-04-08,5.96999979019165
1961-04-09,5.6599998474121085
1961-04-10,5.380000114440918
1961-04-11,5.519999980926514
1961-04-12,5.78000020980835
1961-04-13,5.949999809265138
1961-04-14,6.0
1961-04-15,6.170000076293945
1961-04-16,6.289999961853027
1961-04-17,6.369999885559082
1961-04-18,6.369999885559082
1961-04-19,6.369999885559082
1961-04-20,6.369999885559082
1961-04-21,6.369999885559082
1961-04-22,6.369999885559082
1961-04-23,6.369999885559082
1961-04-24,6.369999885559082
1961-04-25,6.369999885559082
1961-04-26,6.429999828338622
1961-04-27,6.570000171661378
1961-04-28,6.570000171661378
1961-04-29,6.570000171661378
1961-04-30,6.570000171661378
1961-05-01,7.5
1961-05-02,10.800000190734863
1961-05-03,10.800000190734863
1961-05-04,10.899999618530273
1961-05-05,11.0
1961-05-06,11.0
1961-05-07,13.0
1961-05-08,15.899999618530273
1961-05-09,22.200000762939453
1961-05-10,22.399999618530284
1961-05-11,22.70000076293945
1961-05-12,23.10000038146973
1961-05-13,23.399999618530284
1961-05-14,25.5
1961-05-15,31.10000038146973
1961-05-16,41.29999923706055
1961-05-17,41.29999923706055
1961-05-18,41.29999923706055
1961-05-19,41.29999923706055
1961-05-20,41.29999923706055
1961-05-21,65.09999847412111
1961-05-22,90.9000015258789
1961-05-23,110.0
1961-05-24,136.0
1961-05-25,184.0
1961-05-26,270.0
1961-05-27,249.0
1961-05-28,232.0
1961-05-29,217.0
1961-05-30,207.0
1961-05-31,198.0
1961-06-01,201.0
1961-06-02,219.0
1961-06-03,219.0
1961-06-04,219.0
1961-06-05,219.0
1961-06-06,221.0
1961-06-07,217.0
1961-06-08,213.0
1961-06-09,193.0
1961-06-10,164.0
1961-06-11,139.0
1961-06-12,123.0
1961-06-13,124.0
1961-06-14,126.0
1961-06-15,127.0
1961-06-16,126.0
1961-06-17,123.0
1961-06-18,123.0
1961-06-19,124.0
1961-06-20,125.0
1961-06-21,123.0
1961-06-22,112.0
1961-06-23,94.9000015258789
1961-06-24,79.30000305175781
1961-06-25,79.30000305175781
1961-06-26,79.30000305175781
1961-06-27,79.30000305175781
1961-06-28,79.0
1961-06-29,78.69999694824219
1961-06-30,78.4000015258789
1961-07-01,65.09999847412111
1961-07-02,53.79999923706055
1961-07-03,43.599998474121094
1961-07-04,43.599998474121094
1961-07-05,43.599998474121094
1961-07-06,43.599998474121094
1961-07-07,43.599998474121094
1961-07-08,43.0
1961-07-09,42.5
1961-07-10,40.79999923706055
1961-07-11,39.599998474121094
1961-07-12,37.70000076293945
1961-07-13,36.79999923706055
1961-07-14,36.79999923706055
1961-07-15,36.79999923706055
1961-07-16,35.09999847412109
1961-07-17,34.5
1961-07-18,34.299999237060554
1961-07-19,34.0
1961-07-20,33.400001525878906
1961-07-21,33.400001525878906
1961-07-22,33.400001525878906
1961-07-23,33.400001525878906
1961-07-24,35.09999847412109
1961-07-25,36.79999923706055
1961-07-26,34.799999237060554
1961-07-27,33.09999847412109
1961-07-28,31.70000076293945
1961-07-29,31.70000076293945
1961-07-30,31.70000076293945
1961-07-31,31.70000076293945
1961-08-01,31.70000076293945
1961-08-02,31.70000076293945
1961-08-03,31.70000076293945
1961-08-04,31.70000076293945
1961-08-05,31.70000076293945
1961-08-06,31.70000076293945
1961-08-07,31.70000076293945
1961-08-08,31.399999618530284
1961-08-09,31.399999618530284
1961-08-10,30.899999618530284
1961-08-11,30.60000038146973
1961-08-12,30.0
1961-08-13,29.20000076293945
1961-08-14,27.20000076293945
1961-08-15,25.5
1961-08-16,22.899999618530284
1961-08-17,22.899999618530284
1961-08-18,23.20000076293945
1961-08-19,23.70000076293945
1961-08-20,23.399999618530284
1961-08-21,22.899999618530284
1961-08-22,23.10000038146973
1961-08-23,23.20000076293945
1961-08-24,23.29999923706055
1961-08-25,22.899999618530284
1961-08-26,22.200000762939453
1961-08-27,21.700000762939453
1961-08-28,21.0
1961-08-29,20.100000381469727
1961-08-30,19.5
1961-08-31,19.100000381469727
1961-09-01,19.299999237060547
1961-09-02,19.5
1961-09-03,19.5
1961-09-04,19.5
1961-09-05,19.5
1961-09-06,19.5
1961-09-07,19.5
1961-09-08,19.5
1961-09-09,19.5
1961-09-10,19.5
1961-09-11,17.799999237060547
1961-09-12,16.100000381469727
1961-09-13,16.100000381469727
1961-09-14,16.100000381469727
1961-09-15,15.699999809265135
1961-09-16,15.399999618530273
1961-09-17,15.600000381469727
1961-09-18,15.800000190734865
1961-09-19,16.100000381469727
1961-09-20,16.100000381469727
1961-09-21,16.100000381469727
1961-09-22,16.100000381469727
1961-09-23,16.100000381469727
1961-09-24,15.899999618530273
1961-09-25,15.600000381469727
1961-09-26,15.399999618530273
1961-09-27,15.300000190734865
1961-09-28,15.399999618530273
1961-09-29,15.300000190734865
1961-09-30,15.0
1961-10-01,14.899999618530273
1961-10-02,14.899999618530273
1961-10-03,14.899999618530273
1961-10-04,14.899999618530273
1961-10-05,14.600000381469727
1961-10-06,14.300000190734865
1961-10-07,14.300000190734865
1961-10-08,14.300000190734865
1961-10-09,15.100000381469727
1961-10-10,15.899999618530273
1961-10-11,17.399999618530273
1961-10-12,17.399999618530273
1961-10-13,17.399999618530273
1961-10-14,17.399999618530273
1961-10-15,17.399999618530273
1961-10-16,17.399999618530273
1961-10-17,17.399999618530273
1961-10-18,17.399999618530273
1961-10-19,17.0
1961-10-20,16.299999237060547
1961-10-21,15.399999618530273
1961-10-22,19.299999237060547
1961-10-23,22.899999618530284
1961-10-24,22.100000381469727
1961-10-25,21.200000762939453
1961-10-26,21.0
1961-10-27,21.0
1961-10-28,21.0
1961-10-29,20.39999961853028
1961-10-30,19.100000381469727
1961-10-31,17.799999237060547
1961-11-01,17.100000381469727
1961-11-02,16.700000762939453
1961-11-03,16.100000381469727
1961-11-04,15.600000381469727
1961-11-05,14.300000190734865
1961-11-06,14.199999809265135
1961-11-07,13.899999618530273
1961-11-08,13.600000381469727
1961-11-09,13.600000381469727
1961-11-10,13.600000381469727
1961-11-11,13.5
1961-11-12,13.300000190734865
1961-11-13,13.0
1961-11-14,12.899999618530273
1961-11-15,12.199999809265135
1961-11-16,11.5
1961-11-17,10.600000381469727
1961-11-18,10.199999809265137
1961-11-19,10.199999809265137
1961-11-20,10.199999809265137
1961-11-21,9.0600004196167
1961-11-22,8.5
1961-11-23,7.929999828338622
1961-11-24,7.929999828338622
1961-11-25,7.929999828338622
1961-11-26,7.929999828338622
1961-11-27,7.929999828338622
1961-11-28,7.929999828338622
1961-11-29,7.929999828338622
1961-11-30,7.929999828338622
1961-12-01,7.929999828338622
1961-12-02,7.929999828338622
1961-12-03,7.900000095367432
1961-12-04,7.789999961853027
1961-12-05,7.5
1961-12-06,7.21999979019165
1961-12-07,6.940000057220459
1961-12-08,6.369999885559082
1961-12-09,5.6599998474121085
1961-12-10,3.9600000381469727
1961-12-11,2.549999952316284
1961-12-12,2.490000009536743
1961-12-13,2.609999895095825
1961-12-14,5.380000114440918
1961-12-15,5.949999809265138
1961-12-16,6.510000228881836
1961-12-17,7.139999866485598
1961-12-18,7.050000190734862
1961-12-19,6.880000114440918
1961-12-20,6.800000190734862
1961-12-21,6.800000190734862
1961-12-22,6.940000057220459
1961-12-23,7.21999979019165
1961-12-24,7.53000020980835
1961-12-25,8.159999847412111
1961-12-26,8.829999923706055
1961-12-27,8.5
1961-12-28,7.929999828338622
1961-12-29,7.929999828338622
1961-12-30,7.929999828338622
1961-12-31,7.929999828338622
1962-01-01,7.929999828338622
1962-01-02,7.929999828338622
1962-01-03,7.929999828338622
1962-01-04,7.929999828338622
1962-01-05,7.929999828338622
1962-01-06,7.929999828338622
1962-01-07,6.6500000953674325
1962-01-08,5.099999904632568
1962-01-09,4.110000133514403
1962-01-10,2.8299999237060547
1962-01-11,3.400000095367432
1962-01-12,4.809999942779541
1962-01-13,5.380000114440918
1962-01-14,5.440000057220459
1962-01-15,5.179999828338623
1962-01-16,4.670000076293945
1962-01-17,3.8199999332427983
1962-01-18,3.109999895095825
1962-01-19,3.0
1962-01-20,2.890000104904175
1962-01-21,2.890000104904175
1962-01-22,2.9200000762939453
1962-01-23,2.970000028610228
1962-01-24,3.1700000762939453
1962-01-25,3.6800000667572017
1962-01-26,4.190000057220459
1962-01-27,5.239999771118164
1962-01-28,6.230000019073486
1962-01-29,6.880000114440918
1962-01-30,8.640000343322754
1962-01-31,8.350000381469728
1962-02-01,8.210000038146973
1962-02-02,8.5
1962-02-03,9.90999984741211
1962-02-04,9.199999809265137
1962-02-05,7.360000133514402
1962-02-06,6.369999885559082
1962-02-07,5.829999923706055
1962-02-08,5.829999923706055
1962-02-09,5.829999923706055
1962-02-10,5.829999923706055
1962-02-11,5.829999923706055
1962-02-12,5.829999923706055
1962-02-13,5.860000133514402
1962-02-14,5.949999809265138
1962-02-15,6.03000020980835
1962-02-16,6.170000076293945
1962-02-17,6.309999942779541
1962-02-18,6.309999942779541
1962-02-19,6.309999942779541
1962-02-20,5.800000190734862
1962-02-21,5.099999904632568
1962-02-22,4.53000020980835
1962-02-23,4.25
1962-02-24,3.8199999332427983
1962-02-25,3.109999895095825
1962-02-26,3.059999942779541
1962-02-27,3.059999942779541
1962-02-28,3.059999942779541
1962-03-01,3.059999942779541
1962-03-02,3.059999942779541
1962-03-03,3.0899999141693115
1962-03-04,3.0899999141693115
1962-03-05,3.0899999141693115
1962-03-06,3.059999942779541
1962-03-07,3.8199999332427983
1962-03-08,5.039999961853027
1962-03-09,5.829999923706055
1962-03-10,6.03000020980835
1962-03-11,6.309999942779541
1962-03-12,6.199999809265138
1962-03-13,6.0
1962-03-14,5.829999923706055
1962-03-15,5.829999923706055
1962-03-16,5.829999923706055
1962-03-17,5.610000133514403
1962-03-18,5.380000114440918
1962-03-19,5.380000114440918
1962-03-20,5.380000114440918
1962-03-21,5.380000114440918
1962-03-22,5.519999980926514
1962-03-23,5.6599998474121085
1962-03-24,5.829999923706055
1962-03-25,5.6599998474121085
1962-03-26,5.579999923706055
1962-03-27,5.46999979019165
1962-03-28,5.46999979019165
1962-03-29,5.46999979019165
1962-03-30,5.46999979019165
1962-03-31,5.46999979019165
1962-04-01,5.829999923706055
1962-04-02,5.949999809265138
1962-04-03,6.170000076293945
1962-04-04,6.309999942779541
1962-04-05,6.340000152587892
1962-04-06,6.570000171661378
1962-04-07,6.800000190734862
1962-04-08,6.800000190734862
1962-04-09,6.800000190734862
1962-04-10,6.800000190734862
1962-04-11,6.800000190734862
1962-04-12,6.800000190734862
1962-04-13,6.800000190734862
1962-04-14,6.800000190734862
1962-04-15,7.079999923706055
1962-04-16,7.360000133514402
1962-04-17,8.5
1962-04-18,12.699999809265135
1962-04-19,23.29999923706055
1962-04-20,23.29999923706055
1962-04-21,23.29999923706055
1962-04-22,31.10000038146973
1962-04-23,41.099998474121094
1962-04-24,41.099998474121094
1962-04-25,41.099998474121094
1962-04-26,41.099998474121094
1962-04-27,43.0
1962-04-28,45.599998474121094
1962-04-29,43.900001525878906
1962-04-30,42.5
1962-05-01,36.79999923706055
1962-05-02,31.70000076293945
1962-05-03,27.79999923706055
1962-05-04,24.5
1962-05-05,24.5
1962-05-06,24.5
1962-05-07,24.5
1962-05-08,23.79999923706055
1962-05-09,22.5
1962-05-10,22.5
1962-05-11,22.5
1962-05-12,22.5
1962-05-13,23.60000038146973
1962-05-14,24.70000076293945
1962-05-15,29.70000076293945
1962-05-16,39.099998474121094
1962-05-17,48.70000076293945
1962-05-18,50.4000015258789
1962-05-19,52.099998474121094
1962-05-20,52.099998474121094
1962-05-21,52.099998474121094
1962-05-22,52.099998474121094
1962-05-23,52.099998474121094
1962-05-24,52.099998474121094
1962-05-25,52.4000015258789
1962-05-26,52.70000076293945
1962-05-27,62.29999923706055
1962-05-28,79.30000305175781
1962-05-29,79.30000305175781
1962-05-30,79.30000305175781
1962-05-31,79.9000015258789
1962-06-01,80.69999694824219
1962-06-02,81.5999984741211
1962-06-03,82.69999694824219
1962-06-04,84.0999984741211
1962-06-05,79.30000305175781
1962-06-06,70.80000305175781
1962-06-07,58.0
1962-06-08,62.29999923706055
1962-06-09,66.80000305175781
1962-06-10,84.0999984741211
1962-06-11,84.0999984741211
1962-06-12,84.0999984741211
1962-06-13,84.0999984741211
1962-06-14,84.0999984741211
1962-06-15,86.4000015258789
1962-06-16,90.5999984741211
1962-06-17,94.9000015258789
1962-06-18,99.0999984741211
1962-06-19,94.9000015258789
1962-06-20,90.5999984741211
1962-06-21,86.4000015258789
1962-06-22,82.0999984741211
1962-06-23,79.30000305175781
1962-06-24,77.0
1962-06-25,78.69999694824219
1962-06-26,80.69999694824219
1962-06-27,84.0999984741211
1962-06-28,77.9000015258789
1962-06-29,72.5
1962-06-30,66.80000305175781
1962-07-01,65.09999847412111
1962-07-02,64.0
1962-07-03,62.9000015258789
1962-07-04,61.70000076293945
1962-07-05,61.20000076293945
1962-07-06,45.599998474121094
1962-07-07,45.9000015258789
1962-07-08,46.20000076293945
1962-07-09,46.4000015258789
1962-07-10,46.70000076293945
1962-07-11,47.0
1962-07-12,47.599998474121094
1962-07-13,48.70000076293945
1962-07-14,46.70000076293945
1962-07-15,43.900001525878906
1962-07-16,41.099998474121094
1962-07-17,38.5
1962-07-18,36.79999923706055
1962-07-19,35.70000076293945
1962-07-20,31.70000076293945
1962-07-21,31.10000038146973
1962-07-22,30.60000038146973
1962-07-23,30.899999618530284
1962-07-24,31.10000038146973
1962-07-25,31.70000076293945
1962-07-26,32.59999847412109
1962-07-27,32.799999237060554
1962-07-28,33.09999847412109
1962-07-29,34.799999237060554
1962-07-30,36.79999923706055
1962-07-31,34.0
1962-08-01,31.399999618530284
1962-08-02,30.60000038146973
1962-08-03,30.0
1962-08-04,29.70000076293945
1962-08-05,29.399999618530284
1962-08-06,28.29999923706055
1962-08-07,27.5
1962-08-08,27.20000076293945
1962-08-09,25.5
1962-08-10,24.10000038146973
1962-08-11,22.899999618530284
1962-08-12,22.100000381469727
1962-08-13,21.200000762939453
1962-08-14,21.0
1962-08-15,20.39999961853028
1962-08-16,20.0
1962-08-17,19.5
1962-08-18,19.5
1962-08-19,19.299999237060547
1962-08-20,19.100000381469727
1962-08-21,19.100000381469727
1962-08-22,19.100000381469727
1962-08-23,18.799999237060547
1962-08-24,18.5
1962-08-25,18.299999237060547
1962-08-26,18.100000381469727
1962-08-27,17.799999237060547
1962-08-28,17.700000762939453
1962-08-29,17.600000381469727
1962-08-30,17.600000381469727
1962-08-31,16.399999618530273
1962-09-01,15.0
1962-09-02,15.0
1962-09-03,15.0
1962-09-04,15.0
1962-09-05,15.0
1962-09-06,15.0
1962-09-07,15.0
1962-09-08,14.899999618530273
1962-09-09,14.699999809265135
1962-09-10,14.399999618530273
1962-09-11,13.600000381469727
1962-09-12,13.600000381469727
1962-09-13,13.600000381469727
1962-09-14,13.600000381469727
1962-09-15,13.600000381469727
1962-09-16,13.199999809265135
1962-09-17,12.899999618530273
1962-09-18,12.899999618530273
1962-09-19,12.899999618530273
1962-09-20,13.199999809265135
1962-09-21,13.300000190734865
1962-09-22,13.600000381469727
1962-09-23,13.300000190734865
1962-09-24,13.199999809265135
1962-09-25,12.899999618530273
1962-09-26,13.0
1962-09-27,13.0
1962-09-28,13.199999809265135
1962-09-29,13.300000190734865
1962-09-30,13.0
1962-10-01,11.0
1962-10-02,10.800000190734863
1962-10-03,10.5
1962-10-04,10.300000190734863
1962-10-05,10.199999809265137
1962-10-06,10.300000190734863
1962-10-07,10.300000190734863
1962-10-08,10.5
1962-10-09,10.800000190734863
1962-10-10,11.0
1962-10-11,11.600000381469727
1962-10-12,11.899999618530273
1962-10-13,11.600000381469727
1962-10-14,11.5
1962-10-15,11.0
1962-10-16,10.800000190734863
1962-10-17,10.5
1962-10-18,10.199999809265137
1962-10-19,9.90999984741211
1962-10-20,9.739999771118164
1962-10-21,10.199999809265137
1962-10-22,10.5
1962-10-23,10.100000381469727
1962-10-24,9.510000228881836
1962-10-25,9.34000015258789
1962-10-26,9.34000015258789
1962-10-27,9.510000228881836
1962-10-28,9.489999771118164
1962-10-29,9.34000015258789
1962-10-30,9.289999961853027
1962-10-31,9.0600004196167
1962-11-01,9.199999809265137
1962-11-02,9.170000076293944
1962-11-03,9.0600004196167
1962-11-04,8.920000076293945
1962-11-05,8.920000076293945
1962-11-06,8.779999732971191
1962-11-07,8.779999732971191
1962-11-08,8.779999732971191
1962-11-09,8.949999809265137
1962-11-10,9.0600004196167
1962-11-11,9.170000076293944
1962-11-12,9.34000015258789
1962-11-13,9.34000015258789
1962-11-14,9.199999809265137
1962-11-15,9.199999809265137
1962-11-16,9.170000076293944
1962-11-17,9.34000015258789
1962-11-18,9.34000015258789
1962-11-19,9.489999771118164
1962-11-20,9.739999771118164
1962-11-21,10.5
1962-11-22,10.5
1962-11-23,10.300000190734863
1962-11-24,9.739999771118164
1962-11-25,9.489999771118164
1962-11-26,9.170000076293944
1962-11-27,9.34000015258789
1962-11-28,9.199999809265137
1962-11-29,8.779999732971191
1962-11-30,8.039999961853027
1962-12-01,7.929999828338622
1962-12-02,8.039999961853027
1962-12-03,8.069999694824219
1962-12-04,8.069999694824219
1962-12-05,8.039999961853027
1962-12-06,7.929999828338622
1962-12-07,7.929999828338622
1962-12-08,8.039999961853027
1962-12-09,7.929999828338622
1962-12-10,7.929999828338622
1962-12-11,7.929999828338622
1962-12-12,7.820000171661378
1962-12-13,7.650000095367432
1962-12-14,7.5
1962-12-15,7.360000133514402
1962-12-16,7.650000095367432
1962-12-17,7.5
1962-12-18,7.360000133514402
1962-12-19,7.21999979019165
1962-12-20,7.079999923706055
1962-12-21,6.940000057220459
1962-12-22,6.510000228881836
1962-12-23,5.380000114440918
1962-12-24,3.9600000381469727
1962-12-25,3.6800000667572017
1962-12-26,3.8199999332427983
1962-12-27,5.099999904632568
1962-12-28,5.949999809265138
1962-12-29,6.230000019073486
1962-12-30,6.510000228881836
1962-12-31,6.800000190734862
1963-01-01,6.96999979019165
1963-01-02,7.079999923706055
1963-01-03,6.989999771118164
1963-01-04,6.940000057220459
1963-01-05,6.800000190734862
1963-01-06,6.739999771118164
1963-01-07,6.6500000953674325
1963-01-08,6.369999885559082
1963-01-09,4.53000020980835
1963-01-10,3.400000095367432
1963-01-11,2.9200000762939453
1963-01-12,2.9200000762939453
1963-01-13,3.400000095367432
1963-01-14,3.8199999332427983
1963-01-15,4.25
1963-01-16,4.5
1963-01-17,4.590000152587892
1963-01-18,4.670000076293945
1963-01-19,4.639999866485597
1963-01-20,4.590000152587892
1963-01-21,4.619999885559082
1963-01-22,4.639999866485597
1963-01-23,4.670000076293945
1963-01-24,4.699999809265137
1963-01-25,4.389999866485597
1963-01-26,3.400000095367432
1963-01-27,2.8299999237060547
1963-01-28,4.110000133514403
1963-01-29,4.53000020980835
1963-01-30,4.619999885559082
1963-01-31,4.619999885559082
1963-02-01,4.639999866485597
1963-02-02,4.46999979019165
1963-02-03,4.360000133514403
1963-02-04,4.670000076293945
1963-02-05,6.230000019073486
1963-02-06,6.9099998474121085
1963-02-07,8.779999732971191
1963-02-08,8.210000038146973
1963-02-09,7.650000095367432
1963-02-10,7.079999923706055
1963-02-11,6.510000228881836
1963-02-12,6.119999885559082
1963-02-13,5.949999809265138
1963-02-14,6.090000152587892
1963-02-15,6.119999885559082
1963-02-16,5.949999809265138
1963-02-17,5.800000190734862
1963-02-18,5.75
1963-02-19,5.6599998474121085
1963-02-20,5.800000190734862
1963-02-21,5.949999809265138
1963-02-22,6.119999885559082
1963-02-23,5.949999809265138
1963-02-24,5.800000190734862
1963-02-25,5.519999980926514
1963-02-26,5.46999979019165
1963-02-27,5.519999980926514
1963-02-28,5.829999923706055
1963-03-01,5.519999980926514
1963-03-02,5.380000114440918
1963-03-03,5.239999771118164
1963-03-04,5.239999771118164
1963-03-05,4.980000019073486
1963-03-06,4.960000038146973
1963-03-07,4.960000038146973
1963-03-08,4.980000019073486
1963-03-09,4.960000038146973
1963-03-10,4.980000019073486
1963-03-11,4.960000038146973
1963-03-12,4.960000038146973
1963-03-13,4.960000038146973
1963-03-14,4.980000019073486
1963-03-15,4.980000019073486
1963-03-16,4.960000038146973
1963-03-17,4.960000038146973
1963-03-18,4.809999942779541
1963-03-19,4.670000076293945
1963-03-20,4.53000020980835
1963-03-21,4.25
1963-03-22,4.1599998474121085
1963-03-23,4.110000133514403
1963-03-24,4.110000133514403
1963-03-25,4.1599998474121085
1963-03-26,4.389999866485597
1963-03-27,4.53000020980835
1963-03-28,4.980000019073486
1963-03-29,5.949999809265138
1963-03-30,6.9099998474121085
1963-03-31,7.079999923706055
1963-04-01,6.9099998474121085
1963-04-02,6.369999885559082
1963-04-03,5.920000076293945
1963-04-04,5.949999809265138
1963-04-05,5.920000076293945
1963-04-06,5.800000190734862
1963-04-07,5.920000076293945
1963-04-08,6.090000152587892
1963-04-09,6.4000000953674325
1963-04-10,6.369999885559082
1963-04-11,6.369999885559082
1963-04-12,6.369999885559082
1963-04-13,6.4000000953674325
1963-04-14,6.800000190734862
1963-04-15,7.139999866485598
1963-04-16,7.21999979019165
1963-04-17,7.25
1963-04-18,7.5
1963-04-19,7.929999828338622
1963-04-20,8.069999694824219
1963-04-21,8.159999847412111
1963-04-22,8.210000038146973
1963-04-23,8.210000038146973
1963-04-24,8.380000114440918
1963-04-25,8.779999732971191
1963-04-26,8.829999923706055
1963-04-27,8.920000076293945
1963-04-28,8.920000076293945
1963-04-29,8.829999923706055
1963-04-30,9.90999984741211
1963-05-01,15.899999618530273
1963-05-02,21.0
1963-05-03,20.39999961853028
1963-05-04,19.100000381469727
1963-05-05,19.299999237060547
1963-05-06,20.0
1963-05-07,20.0
1963-05-08,20.0
1963-05-09,20.39999961853028
1963-05-10,21.0
1963-05-11,22.70000076293945
1963-05-12,24.899999618530284
1963-05-13,28.29999923706055
1963-05-14,31.70000076293945
1963-05-15,34.0
1963-05-16,35.400001525878906
1963-05-17,36.5
1963-05-18,39.599998474121094
1963-05-19,43.0
1963-05-20,48.099998474121094
1963-05-21,56.599998474121094
1963-05-22,69.90000152587889
1963-05-23,70.80000305175781
1963-05-24,69.90000152587889
1963-05-25,70.80000305175781
1963-05-26,76.5
1963-05-27,73.5999984741211
1963-05-28,69.90000152587889
1963-05-29,76.5
1963-05-30,96.3000030517578
1963-05-31,122.0
1963-06-01,114.0
1963-06-02,110.0
1963-06-03,108.0
1963-06-04,102.0
1963-06-05,100.0
1963-06-06,115.0
1963-06-07,113.0
1963-06-08,112.0
1963-06-09,110.0
1963-06-10,105.0
1963-06-11,101.0
1963-06-12,99.0999984741211
1963-06-13,101.0
1963-06-14,105.0
1963-06-15,109.0
1963-06-16,109.0
1963-06-17,108.0
1963-06-18,105.0
1963-06-19,103.0
1963-06-20,99.0999984741211
1963-06-21,93.4000015258789
1963-06-22,88.9000015258789
1963-06-23,85.0
1963-06-24,80.0999984741211
1963-06-25,76.5
1963-06-26,73.5999984741211
1963-06-27,73.5999984741211
1963-06-28,71.4000015258789
1963-06-29,70.80000305175781
1963-06-30,71.4000015258789
1963-07-01,127.0
1963-07-02,197.0
1963-07-03,218.0
1963-07-04,231.0
1963-07-05,221.0
1963-07-06,191.0
1963-07-07,170.0
1963-07-08,132.0
1963-07-09,130.0
1963-07-10,119.0
1963-07-11,102.0
1963-07-12,93.4000015258789
1963-07-13,85.0
1963-07-14,75.5999984741211
1963-07-15,70.80000305175781
1963-07-16,67.09999847412111
1963-07-17,65.09999847412111
1963-07-18,63.70000076293945
1963-07-19,63.099998474121094
1963-07-20,60.9000015258789
1963-07-21,59.5
1963-07-22,55.5
1963-07-23,51.0
1963-07-24,42.20000076293945
1963-07-25,42.5
1963-07-26,41.099998474121094
1963-07-27,41.099998474121094
1963-07-28,39.599998474121094
1963-07-29,37.400001525878906
1963-07-30,36.79999923706055
1963-07-31,35.400001525878906
1963-08-01,33.400001525878906
1963-08-02,32.59999847412109
1963-08-03,31.70000076293945
1963-08-04,29.70000076293945
1963-08-05,27.20000076293945
1963-08-06,26.899999618530284
1963-08-07,26.60000038146973
1963-08-08,26.79999923706055
1963-08-09,26.29999923706055
1963-08-10,26.10000038146973
1963-08-11,26.10000038146973
1963-08-12,26.10000038146973
1963-08-13,26.10000038146973
1963-08-14,26.10000038146973
1963-08-15,26.10000038146973
1963-08-16,26.10000038146973
1963-08-17,25.5
1963-08-18,23.10000038146973
1963-08-19,22.100000381469727
1963-08-20,21.100000381469727
1963-08-21,20.39999961853028
1963-08-22,19.39999961853028
1963-08-23,19.0
1963-08-24,18.700000762939453
1963-08-25,18.100000381469727
1963-08-26,17.799999237060547
1963-08-27,17.600000381469727
1963-08-28,17.0
1963-08-29,17.0
1963-08-30,17.0
1963-08-31,15.0
1963-09-01,14.199999809265135
1963-09-02,14.300000190734865
1963-09-03,14.399999618530273
1963-09-04,14.199999809265135
1963-09-05,13.899999618530273
1963-09-06,13.600000381469727
1963-09-07,13.5
1963-09-08,14.199999809265135
1963-09-09,14.899999618530273
1963-09-10,14.899999618530273
1963-09-11,14.899999618530273
1963-09-12,15.0
1963-09-13,15.300000190734865
1963-09-14,18.100000381469727
1963-09-15,21.100000381469727
1963-09-16,18.700000762939453
1963-09-17,16.0
1963-09-18,16.100000381469727
1963-09-19,15.899999618530273
1963-09-20,15.100000381469727
1963-09-21,14.699999809265135
1963-09-22,14.300000190734865
1963-09-23,14.199999809265135
1963-09-24,14.300000190734865
1963-09-25,14.600000381469727
1963-09-26,14.399999618530273
1963-09-27,14.199999809265135
1963-09-28,14.199999809265135
1963-09-29,14.199999809265135
1963-09-30,14.199999809265135
1963-10-01,14.199999809265135
1963-10-02,14.199999809265135
1963-10-03,14.300000190734865
1963-10-04,13.600000381469727
1963-10-05,13.5
1963-10-06,13.300000190734865
1963-10-07,13.199999809265135
1963-10-08,12.699999809265135
1963-10-09,12.5
1963-10-10,12.199999809265135
1963-10-11,11.899999618530273
1963-10-12,11.600000381469727
1963-10-13,11.300000190734865
1963-10-14,11.0
1963-10-15,11.0
1963-10-16,10.899999618530273
1963-10-17,10.800000190734863
1963-10-18,10.800000190734863
1963-10-19,10.699999809265137
1963-10-20,10.800000190734863
1963-10-21,11.0
1963-10-22,11.199999809265137
1963-10-23,11.300000190734865
1963-10-24,11.300000190734865
1963-10-25,11.5
1963-10-26,11.5
1963-10-27,11.300000190734865
1963-10-28,11.300000190734865
1963-10-29,11.199999809265137
1963-10-30,10.899999618530273
1963-10-31,10.600000381469727
1963-11-01,10.300000190734863
1963-11-02,10.199999809265137
1963-11-03,9.90999984741211
1963-11-04,9.630000114440918
1963-11-05,9.34000015258789
1963-11-06,9.199999809265137
1963-11-07,9.0600004196167
1963-11-08,9.0600004196167
1963-11-09,9.0600004196167
1963-11-10,9.0600004196167
1963-11-11,9.0600004196167
1963-11-12,9.0600004196167
1963-11-13,9.0600004196167
1963-11-14,9.0600004196167
1963-11-15,9.170000076293944
1963-11-16,9.289999961853027
1963-11-17,9.170000076293944
1963-11-18,9.0600004196167
1963-11-19,8.829999923706055
1963-11-20,8.829999923706055
1963-11-21,8.829999923706055
1963-11-22,8.720000267028809
1963-11-23,8.609999656677246
1963-11-24,8.829999923706055
1963-11-25,9.0
1963-11-26,9.0600004196167
1963-11-27,9.34000015258789
1963-11-28,9.630000114440918
1963-11-29,9.34000015258789
1963-11-30,9.0600004196167
1963-12-01,9.0600004196167
1963-12-02,9.0600004196167
1963-12-03,9.0600004196167
1963-12-04,9.0600004196167
1963-12-05,9.0600004196167
1963-12-06,9.0600004196167
1963-12-07,9.0
1963-12-08,8.949999809265137
1963-12-09,8.979999542236328
1963-12-10,9.0
1963-12-11,9.0600004196167
1963-12-12,9.0600004196167
1963-12-13,9.0600004196167
1963-12-14,9.0600004196167
1963-12-15,9.0600004196167
1963-12-16,9.0600004196167
1963-12-17,9.0600004196167
1963-12-18,9.0600004196167
1963-12-19,9.0600004196167
1963-12-20,9.0600004196167
1963-12-21,8.5
1963-12-22,8.210000038146973
1963-12-23,7.820000171661378
1963-12-24,7.5
1963-12-25,7.079999923706055
1963-12-26,6.710000038146973
1963-12-27,6.710000038146973
1963-12-28,6.710000038146973
1963-12-29,7.360000133514402
1963-12-30,7.820000171661378
1963-12-31,7.820000171661378
1964-01-01,7.820000171661378
1964-01-02,7.820000171661378
1964-01-03,8.5
1964-01-04,9.0600004196167
1964-01-05,9.0600004196167
1964-01-06,9.0600004196167
1964-01-07,9.0600004196167
1964-01-08,9.0600004196167
1964-01-09,9.0600004196167
1964-01-10,8.920000076293945
1964-01-11,8.779999732971191
1964-01-12,8.640000343322754
1964-01-13,8.5
1964-01-14,8.5
1964-01-15,8.210000038146973
1964-01-16,8.159999847412111
1964-01-17,8.069999694824219
1964-01-18,7.929999828338622
1964-01-19,7.650000095367432
1964-01-20,7.360000133514402
1964-01-21,7.309999942779541
1964-01-22,7.309999942779541
1964-01-23,7.360000133514402
1964-01-24,7.650000095367432
1964-01-25,7.820000171661378
1964-01-26,7.5
1964-01-27,7.079999923706055
1964-01-28,6.599999904632568
1964-01-29,6.599999904632568
1964-01-30,6.599999904632568
1964-01-31,6.599999904632568
1964-02-01,6.510000228881836
1964-02-02,6.460000038146973
1964-02-03,6.230000019073486
1964-02-04,6.03000020980835
1964-02-05,5.949999809265138
1964-02-06,5.889999866485598
1964-02-07,5.800000190734862
1964-02-08,5.75
1964-02-09,5.75
1964-02-10,5.75
1964-02-11,5.75
1964-02-12,5.6599998474121085
1964-02-13,5.550000190734863
1964-02-14,5.550000190734863
1964-02-15,5.550000190734863
1964-02-16,5.380000114440918
1964-02-17,5.380000114440918
1964-02-18,5.349999904632568
1964-02-19,5.349999904632568
1964-02-20,5.380000114440918
1964-02-21,5.380000114440918
1964-02-22,5.550000190734863
1964-02-23,5.239999771118164
1964-02-24,4.960000038146973
1964-02-25,4.619999885559082
1964-02-26,4.619999885559082
1964-02-27,4.619999885559082
1964-02-28,4.619999885559082
1964-02-29,4.619999885559082
1964-03-01,4.53000020980835
1964-03-02,4.389999866485597
1964-03-03,4.329999923706056
1964-03-04,4.110000133514403
1964-03-05,3.9600000381469727
1964-03-06,3.8199999332427983
1964-03-07,3.7100000381469727
1964-03-08,3.6800000667572017
1964-03-09,3.8199999332427983
1964-03-10,3.880000114440918
1964-03-11,3.880000114440918
1964-03-12,3.880000114440918
1964-03-13,3.880000114440918
1964-03-14,3.880000114440918
1964-03-15,4.110000133514403
1964-03-16,3.9600000381469727
1964-03-17,3.9600000381469727
1964-03-18,4.110000133514403
1964-03-19,4.1599998474121085
1964-03-20,4.1599998474121085
1964-03-21,4.1599998474121085
1964-03-22,4.1599998474121085
1964-03-23,4.1599998474121085
1964-03-24,4.1599998474121085
1964-03-25,4.25
1964-03-26,4.25
1964-03-27,4.360000133514403
1964-03-28,4.46999979019165
1964-03-29,4.619999885559082
1964-03-30,4.809999942779541
1964-03-31,5.099999904632568
1964-04-01,5.099999904632568
1964-04-02,5.099999904632568
1964-04-03,5.099999904632568
1964-04-04,5.099999904632568
1964-04-05,5.099999904632568
1964-04-06,5.099999904632568
1964-04-07,5.099999904632568
1964-04-08,5.099999904632568
1964-04-09,5.269999980926514
1964-04-10,5.269999980926514
1964-04-11,5.269999980926514
1964-04-12,5.269999980926514
1964-04-13,5.269999980926514
1964-04-14,5.380000114440918
1964-04-15,5.380000114440918
1964-04-16,5.550000190734863
1964-04-17,5.550000190734863
1964-04-18,5.550000190734863
1964-04-19,5.550000190734863
1964-04-20,5.550000190734863
1964-04-21,5.550000190734863
1964-04-22,5.550000190734863
1964-04-23,5.6599998474121085
1964-04-24,5.6599998474121085
1964-04-25,5.75
1964-04-26,6.800000190734862
1964-04-27,7.360000133514402
1964-04-28,8.039999961853027
1964-04-29,8.5
1964-04-30,8.720000267028809
1964-05-01,8.779999732971191
1964-05-02,8.829999923706055
1964-05-03,15.699999809265135
1964-05-04,19.799999237060547
1964-05-05,22.70000076293945
1964-05-06,27.20000076293945
1964-05-07,27.5
1964-05-08,27.60000038146973
1964-05-09,25.5
1964-05-10,19.799999237060547
1964-05-11,17.399999618530273
1964-05-12,22.70000076293945
1964-05-13,28.29999923706055
1964-05-14,36.79999923706055
1964-05-15,39.599998474121094
1964-05-16,42.5
1964-05-17,39.599998474121094
1964-05-18,56.599998474121094
1964-05-19,85.0
1964-05-20,123.0
1964-05-21,133.0
1964-05-22,155.0
1964-05-23,142.0
1964-05-24,123.0
1964-05-25,85.0
1964-05-26,75.0
1964-05-27,69.09999847412111
1964-05-28,66.80000305175781
1964-05-29,66.80000305175781
1964-05-30,66.80000305175781
1964-05-31,68.0
1964-06-01,70.80000305175781
1964-06-02,73.5999984741211
1964-06-03,75.0
1964-06-04,160.0
1964-06-05,159.0
1964-06-06,157.0
1964-06-07,156.0
1964-06-08,155.0
1964-06-09,193.0
1964-06-10,219.0
1964-06-11,219.0
1964-06-12,219.0
1964-06-13,198.0
1964-06-14,175.0
1964-06-15,159.0
1964-06-16,153.0
1964-06-17,147.0
1964-06-18,146.0
1964-06-19,138.0
1964-06-20,138.0
1964-06-21,138.0
1964-06-22,136.0
1964-06-23,133.0
1964-06-24,130.0
1964-06-25,130.0
1964-06-26,130.0
1964-06-27,125.0
1964-06-28,117.0
1964-06-29,113.0
1964-06-30,110.0
1964-07-01,110.0
1964-07-02,110.0
1964-07-03,110.0
1964-07-04,108.0
1964-07-05,105.0
1964-07-06,99.0999984741211
1964-07-07,93.4000015258789
1964-07-08,88.9000015258789
1964-07-09,88.9000015258789
1964-07-10,88.9000015258789
1964-07-11,85.0
1964-07-12,79.30000305175781
1964-07-13,76.5
1964-07-14,73.5999984741211
1964-07-15,73.0999984741211
1964-07-16,73.0999984741211
1964-07-17,73.0999984741211
1964-07-18,73.0999984741211
1964-07-19,73.0999984741211
1964-07-20,73.0999984741211
1964-07-21,68.0
1964-07-22,64.80000305175781
1964-07-23,62.0
1964-07-24,56.599998474121094
1964-07-25,47.0
1964-07-26,42.5
1964-07-27,36.79999923706055
1964-07-28,36.20000076293945
1964-07-29,35.70000076293945
1964-07-30,34.5
1964-07-31,34.5
1964-08-01,34.5
1964-08-02,33.400001525878906
1964-08-03,31.70000076293945
1964-08-04,28.29999923706055
1964-08-05,24.899999618530284
1964-08-06,24.899999618530284
1964-08-07,24.899999618530284
1964-08-08,25.20000076293945
1964-08-09,25.20000076293945
1964-08-10,25.29999923706055
1964-08-11,25.399999618530284
1964-08-12,25.20000076293945
1964-08-13,24.899999618530284
1964-08-14,24.399999618530284
1964-08-15,24.10000038146973
1964-08-16,22.70000076293945
1964-08-17,21.799999237060547
1964-08-18,21.39999961853028
1964-08-19,21.39999961853028
1964-08-20,21.39999961853028
1964-08-21,21.200000762939453
1964-08-22,21.0
1964-08-23,20.39999961853028
1964-08-24,19.100000381469727
1964-08-25,21.0
1964-08-26,22.100000381469727
1964-08-27,22.899999618530284
1964-08-28,21.0
1964-08-29,19.100000381469727
1964-08-30,19.100000381469727
1964-08-31,19.100000381469727
1964-09-01,19.100000381469727
1964-09-02,18.100000381469727
1964-09-03,15.399999618530273
1964-09-04,15.399999618530273
1964-09-05,15.399999618530273
1964-09-06,15.300000190734865
1964-09-07,15.100000381469727
1964-09-08,15.100000381469727
1964-09-09,15.100000381469727
1964-09-10,15.100000381469727
1964-09-11,14.899999618530273
1964-09-12,14.600000381469727
1964-09-13,14.600000381469727
1964-09-14,14.600000381469727
1964-09-15,14.600000381469727
1964-09-16,14.399999618530273
1964-09-17,14.300000190734865
1964-09-18,14.300000190734865
1964-09-19,14.300000190734865
1964-09-20,14.399999618530273
1964-09-21,14.600000381469727
1964-09-22,14.600000381469727
1964-09-23,14.600000381469727
1964-09-24,14.600000381469727
1964-09-25,14.399999618530273
1964-09-26,14.300000190734865
1964-09-27,15.0
1964-09-28,15.399999618530273
1964-09-29,15.399999618530273
1964-09-30,15.399999618530273
1964-10-01,15.399999618530273
1964-10-02,15.399999618530273
1964-10-03,15.399999618530273
1964-10-04,15.100000381469727
1964-10-05,14.899999618530273
1964-10-06,14.699999809265135
1964-10-07,14.399999618530273
1964-10-08,14.300000190734865
1964-10-09,14.300000190734865
1964-10-10,14.300000190734865
1964-10-11,14.300000190734865
1964-10-12,14.300000190734865
1964-10-13,14.300000190734865
1964-10-14,14.300000190734865
1964-10-15,14.300000190734865
1964-10-16,14.300000190734865
1964-10-17,14.300000190734865
1964-10-18,14.300000190734865
1964-10-19,14.300000190734865
1964-10-20,14.300000190734865
1964-10-21,14.300000190734865
1964-10-22,14.300000190734865
1964-10-23,14.300000190734865
1964-10-24,13.600000381469727
1964-10-25,12.899999618530273
1964-10-26,12.899999618530273
1964-10-27,12.899999618530273
1964-10-28,12.899999618530273
1964-10-29,12.5
1964-10-30,11.899999618530273
1964-10-31,11.5
1964-11-01,11.5
1964-11-02,11.5
1964-11-03,11.5
1964-11-04,11.300000190734865
1964-11-05,11.199999809265137
1964-11-06,11.0
1964-11-07,11.0
1964-11-08,10.699999809265137
1964-11-09,10.399999618530273
1964-11-10,10.399999618530273
1964-11-11,10.300000190734863
1964-11-12,10.199999809265137
1964-11-13,9.970000267028807
1964-11-14,9.739999771118164
1964-11-15,9.739999771118164
1964-11-16,9.739999771118164
1964-11-17,9.630000114440918
1964-11-18,9.56999969482422
1964-11-19,9.510000228881836
1964-11-20,9.399999618530273
1964-11-21,9.289999961853027
1964-11-22,9.289999961853027
1964-11-23,9.289999961853027
1964-11-24,9.289999961853027
1964-11-25,9.289999961853027
1964-11-26,9.289999961853027
1964-11-27,9.229999542236328
1964-11-28,9.170000076293944
1964-11-29,9.119999885559082
1964-11-30,9.0600004196167
1964-12-01,3.9600000381469727
1964-12-02,3.9600000381469727
1964-12-03,3.9600000381469727
1964-12-04,3.9600000381469727
1964-12-05,3.9600000381469727
1964-12-06,3.9600000381469727
1964-12-07,3.9600000381469727
1964-12-08,3.9600000381469727
1964-12-09,3.9600000381469727
1964-12-10,3.9600000381469727
1964-12-11,3.9600000381469727
1964-12-12,3.9600000381469727
1964-12-13,3.9600000381469727
1964-12-14,3.9600000381469727
1964-12-15,3.9600000381469727
1964-12-16,3.9600000381469727
1964-12-17,3.9600000381469727
1964-12-18,3.9600000381469727
1964-12-19,3.9600000381469727
1964-12-20,3.9600000381469727
1964-12-21,3.9600000381469727
1964-12-22,3.9600000381469727
1964-12-23,3.9600000381469727
1964-12-24,3.9600000381469727
1964-12-25,3.9600000381469727
1964-12-26,3.9600000381469727
1964-12-27,3.9600000381469727
1964-12-28,3.9600000381469727
1964-12-29,3.9600000381469727
1964-12-30,3.9600000381469727
1964-12-31,3.9600000381469727
1965-01-01,3.8199999332427983
1965-01-02,3.8199999332427983
1965-01-03,3.8199999332427983
1965-01-04,3.8199999332427983
1965-01-05,3.8199999332427983
1965-01-06,3.8199999332427983
1965-01-07,3.8199999332427983
1965-01-08,3.8199999332427983
1965-01-09,3.8199999332427983
1965-01-10,3.8199999332427983
1965-01-11,3.8199999332427983
1965-01-12,3.8199999332427983
1965-01-13,3.8199999332427983
1965-01-14,3.8199999332427983
1965-01-15,3.8199999332427983
1965-01-16,3.8199999332427983
1965-01-17,3.8199999332427983
1965-01-18,3.8199999332427983
1965-01-19,3.8199999332427983
1965-01-20,3.8199999332427983
1965-01-21,3.8199999332427983
1965-01-22,3.8199999332427983
1965-01-23,3.8199999332427983
1965-01-24,3.8199999332427983
1965-01-25,3.8199999332427983
1965-01-26,3.8199999332427983
1965-01-27,3.8199999332427983
1965-01-28,3.8199999332427983
1965-01-29,3.8199999332427983
1965-01-30,3.8199999332427983
1965-01-31,3.8199999332427983
1965-02-01,4.809999942779541
1965-02-02,4.809999942779541
1965-02-03,4.809999942779541
1965-02-04,4.809999942779541
1965-02-05,4.809999942779541
1965-02-06,4.809999942779541
1965-02-07,4.809999942779541
1965-02-08,4.809999942779541
1965-02-09,4.809999942779541
1965-02-10,4.809999942779541
1965-02-11,4.300000190734863
1965-02-12,4.809999942779541
1965-02-13,4.809999942779541
1965-02-14,4.809999942779541
1965-02-15,4.809999942779541
1965-02-16,4.809999942779541
1965-02-17,4.809999942779541
1965-02-18,4.809999942779541
1965-02-19,4.809999942779541
1965-02-20,4.809999942779541
1965-02-21,4.809999942779541
1965-02-22,4.809999942779541
1965-02-23,4.809999942779541
1965-02-24,4.809999942779541
1965-02-25,4.809999942779541
1965-02-26,4.809999942779541
1965-02-27,4.809999942779541
1965-02-28,4.809999942779541
1965-03-01,4.110000133514403
1965-03-02,4.110000133514403
1965-03-03,4.110000133514403
1965-03-04,4.110000133514403
1965-03-05,4.110000133514403
1965-03-06,4.110000133514403
1965-03-07,4.110000133514403
1965-03-08,4.110000133514403
1965-03-09,4.110000133514403
1965-03-10,4.110000133514403
1965-03-11,4.110000133514403
1965-03-12,4.110000133514403
1965-03-13,4.110000133514403
1965-03-14,4.110000133514403
1965-03-15,4.110000133514403
1965-03-16,4.110000133514403
1965-03-17,4.110000133514403
1965-03-18,4.110000133514403
1965-03-19,4.110000133514403
1965-03-20,4.110000133514403
1965-03-21,4.110000133514403
1965-03-22,4.110000133514403
1965-03-23,4.110000133514403
1965-03-24,4.110000133514403
1965-03-25,4.110000133514403
1965-03-26,4.110000133514403
1965-03-27,4.110000133514403
1965-03-28,4.110000133514403
1965-03-29,4.110000133514403
1965-03-30,4.110000133514403
1965-03-31,4.110000133514403
1965-04-01,4.980000019073486
1965-04-02,4.980000019073486
1965-04-03,4.980000019073486
1965-04-04,5.210000038146973
1965-04-05,5.380000114440918
1965-04-06,5.6599998474121085
1965-04-07,6.03000020980835
1965-04-08,6.119999885559082
1965-04-09,6.230000019073486
1965-04-10,6.510000228881836
1965-04-11,6.800000190734862
1965-04-12,7.079999923706055
1965-04-13,7.360000133514402
1965-04-14,7.699999809265138
1965-04-15,8.100000381469728
1965-04-16,8.5
1965-04-17,8.380000114440918
1965-04-18,8.270000457763674
1965-04-19,8.609999656677246
1965-04-20,8.949999809265137
1965-04-21,9.289999961853027
1965-04-22,9.399999618530273
1965-04-23,9.510000228881836
1965-04-24,12.699999809265135
1965-04-25,15.699999809265135
1965-04-26,18.100000381469727
1965-04-27,20.5
1965-04-28,22.899999618530284
1965-04-29,26.10000038146973
1965-04-30,29.399999618530284
1965-05-01,28.29999923706055
1965-05-02,27.20000076293945
1965-05-03,26.5
1965-05-04,25.79999923706055
1965-05-05,24.899999618530284
1965-05-06,24.899999618530284
1965-05-07,24.899999618530284
1965-05-08,24.899999618530284
1965-05-09,27.20000076293945
1965-05-10,29.399999618530284
1965-05-11,39.599998474121094
1965-05-12,52.099998474121094
1965-05-13,55.5
1965-05-14,59.20000076293945
1965-05-15,56.599998474121094
1965-05-16,54.4000015258789
1965-05-17,52.099998474121094
1965-05-18,49.599998474121094
1965-05-19,47.0
1965-05-20,47.0
1965-05-21,47.0
1965-05-22,47.0
1965-05-23,47.0
1965-05-24,47.0
1965-05-25,48.099998474121094
1965-05-26,48.70000076293945
1965-05-27,49.79999923706055
1965-05-28,51.0
1965-05-29,52.099998474121094
1965-05-30,70.80000305175781
1965-05-31,88.9000015258789
1965-06-01,92.3000030517578
1965-06-02,96.0
1965-06-03,99.0999984741211
1965-06-04,108.0
1965-06-05,117.0
1965-06-06,117.0
1965-06-07,117.0
1965-06-08,120.0
1965-06-09,123.0
1965-06-10,125.0
1965-06-11,128.0
1965-06-12,130.0
1965-06-13,147.0
1965-06-14,165.0
1965-06-15,173.0
1965-06-16,178.0
1965-06-17,185.0
1965-06-18,185.0
1965-06-19,185.0
1965-06-20,181.0
1965-06-21,176.0
1965-06-22,142.0
1965-06-23,108.0
1965-06-24,92.3000030517578
1965-06-25,119.0
1965-06-26,148.0
1965-06-27,136.0
1965-06-28,126.0
1965-06-29,113.0
1965-06-30,96.8000030517578
1965-07-01,89.19999694824219
1965-07-02,82.4000015258789
1965-07-03,87.80000305175781
1965-07-04,93.4000015258789
1965-07-05,96.8000030517578
1965-07-06,94.9000015258789
1965-07-07,93.4000015258789
1965-07-08,91.6999969482422
1965-07-09,91.6999969482422
1965-07-10,91.6999969482422
1965-07-11,85.0
1965-07-12,77.9000015258789
1965-07-13,73.5999984741211
1965-07-14,69.40000152587889
1965-07-15,65.69999694824219
1965-07-16,62.29999923706055
1965-07-17,61.4000015258789
1965-07-18,61.4000015258789
1965-07-19,61.4000015258789
1965-07-20,57.5
1965-07-21,54.099998474121094
1965-07-22,52.4000015258789
1965-07-23,50.70000076293945
1965-07-24,47.599998474121094
1965-07-25,44.5
1965-07-26,43.29999923706055
1965-07-27,42.20000076293945
1965-07-28,41.099998474121094
1965-07-29,40.20000076293945
1965-07-30,39.099998474121094
1965-07-31,38.20000076293945
1965-08-01,38.20000076293945
1965-08-02,38.20000076293945
1965-08-03,37.70000076293945
1965-08-04,37.099998474121094
1965-08-05,36.5
1965-08-06,36.0
1965-08-07,37.400001525878906
1965-08-08,38.79999923706055
1965-08-09,37.400001525878906
1965-08-10,36.0
1965-08-11,34.5
1965-08-12,34.5
1965-08-13,34.5
1965-08-14,34.5
1965-08-15,34.0
1965-08-16,33.400001525878906
1965-08-17,31.10000038146973
1965-08-18,28.899999618530284
1965-08-19,26.899999618530284
1965-08-20,25.10000038146973
1965-08-21,24.60000038146973
1965-08-22,24.60000038146973
1965-08-23,24.60000038146973
1965-08-24,24.20000076293945
1965-08-25,23.79999923706055
1965-08-26,23.79999923706055
1965-08-27,23.79999923706055
1965-08-28,23.79999923706055
1965-08-29,23.20000076293945
1965-08-30,22.70000076293945
1965-08-31,22.399999618530284
1965-09-01,22.100000381469727
1965-09-02,21.899999618530284
1965-09-03,21.200000762939453
1965-09-04,20.700000762939453
1965-09-05,20.700000762939453
1965-09-06,20.700000762939453
1965-09-07,19.700000762939453
1965-09-08,18.700000762939453
1965-09-09,18.700000762939453
1965-09-10,18.700000762939453
1965-09-11,18.700000762939453
1965-09-12,18.5
1965-09-13,18.299999237060547
1965-09-14,18.299999237060547
1965-09-15,18.200000762939453
1965-09-16,18.100000381469727
1965-09-17,18.0
1965-09-18,17.700000762939453
1965-09-19,18.100000381469727
1965-09-20,18.700000762939453
1965-09-21,19.299999237060547
1965-09-22,19.799999237060547
1965-09-23,20.299999237060547
1965-09-24,20.299999237060547
1965-09-25,20.299999237060547
1965-09-26,20.299999237060547
1965-09-27,20.299999237060547
1965-09-28,20.100000381469727
1965-09-29,20.0
1965-09-30,19.89999961853028
1965-10-01,19.299999237060547
1965-10-02,18.700000762939453
1965-10-03,19.100000381469727
1965-10-04,19.700000762939453
1965-10-05,20.0
1965-10-06,20.39999961853028
1965-10-07,20.700000762939453
1965-10-08,20.799999237060547
1965-10-09,21.100000381469727
1965-10-10,21.100000381469727
1965-10-11,21.100000381469727
1965-10-12,21.200000762939453
1965-10-13,21.39999961853028
1965-10-14,21.5
1965-10-15,21.5
1965-10-16,21.5
1965-10-17,21.100000381469727
1965-10-18,20.700000762939453
1965-10-19,19.700000762939453
1965-10-20,19.0
1965-10-21,18.299999237060547
1965-10-22,18.0
1965-10-23,17.700000762939453
1965-10-24,17.700000762939453
1965-10-25,17.700000762939453
1965-10-26,17.600000381469727
1965-10-27,17.399999618530273
1965-10-28,17.299999237060547
1965-10-29,17.0
1965-10-30,16.700000762939453
1965-10-31,16.700000762939453
1965-11-01,16.700000762939453
1965-11-02,16.700000762939453
1965-11-03,16.700000762939453
1965-11-04,16.700000762939453
1965-11-05,16.399999618530273
1965-11-06,16.299999237060547
1965-11-07,16.100000381469727
1965-11-08,16.0
1965-11-09,15.899999618530273
1965-11-10,15.699999809265135
1965-11-11,15.600000381469727
1965-11-12,15.300000190734865
1965-11-13,15.0
1965-11-14,14.699999809265135
1965-11-15,14.399999618530273
1965-11-16,13.300000190734865
1965-11-17,13.399999618530273
1965-11-18,13.5
1965-11-19,13.300000190734865
1965-11-20,13.199999809265135
1965-11-21,13.0
1965-11-22,12.899999618530273
1965-11-23,12.600000381469727
1965-11-24,12.5
1965-11-25,12.300000190734865
1965-11-26,12.199999809265135
1965-11-27,12.0
1965-11-28,11.800000190734865
1965-11-29,11.5
1965-11-30,11.5
1965-12-01,11.5
1965-12-02,11.5
1965-12-03,11.600000381469727
1965-12-04,11.800000190734865
1965-12-05,11.300000190734865
1965-12-06,10.899999618530273
1965-12-07,10.800000190734863
1965-12-08,10.699999809265137
1965-12-09,10.600000381469727
1965-12-10,10.5
1965-12-11,10.300000190734863
1965-12-12,10.300000190734863
1965-12-13,10.300000190734863
1965-12-14,9.630000114440918
1965-12-15,9.0600004196167
1965-12-16,9.0600004196167
1965-12-17,9.0600004196167
1965-12-18,9.0600004196167
1965-12-19,9.0600004196167
1965-12-20,9.0600004196167
1965-12-21,9.34000015258789
1965-12-22,9.770000457763672
1965-12-23,10.100000381469727
1965-12-24,10.300000190734863
1965-12-25,10.300000190734863
1965-12-26,10.300000190734863
1965-12-27,10.300000190734863
1965-12-28,10.5
1965-12-29,10.600000381469727
1965-12-30,10.800000190734863
1965-12-31,11.300000190734865
1966-01-01,10.199999809265137
1966-01-02,9.0600004196167
1966-01-03,7.929999828338622
1966-01-04,7.360000133514402
1966-01-05,7.360000133514402
1966-01-06,7.360000133514402
1966-01-07,7.360000133514402
1966-01-08,7.360000133514402
1966-01-09,7.650000095367432
1966-01-10,7.820000171661378
1966-01-11,8.350000381469728
1966-01-12,8.779999732971191
1966-01-13,8.779999732971191
1966-01-14,8.779999732971191
1966-01-15,8.779999732971191
1966-01-16,8.350000381469728
1966-01-17,8.069999694824219
1966-01-18,8.069999694824219
1966-01-19,7.929999828338622
1966-01-20,7.650000095367432
1966-01-21,6.510000228881836
1966-01-22,6.03000020980835
1966-01-23,6.03000020980835
1966-01-24,6.03000020980835
1966-01-25,6.03000020980835
1966-01-26,6.090000152587892
1966-01-27,6.090000152587892
1966-01-28,6.090000152587892
1966-01-29,6.090000152587892
1966-01-30,6.369999885559082
1966-01-31,6.800000190734862
1966-02-01,6.940000057220459
1966-02-02,7.050000190734862
1966-02-03,7.050000190734862
1966-02-04,7.050000190734862
1966-02-05,7.050000190734862
1966-02-06,6.940000057220459
1966-02-07,6.800000190734862
1966-02-08,6.739999771118164
1966-02-09,6.6500000953674325
1966-02-10,6.570000171661378
1966-02-11,6.570000171661378
1966-02-12,6.570000171661378
1966-02-13,6.6500000953674325
1966-02-14,6.710000038146973
1966-02-15,6.800000190734862
1966-02-16,6.800000190734862
1966-02-17,6.800000190734862
1966-02-18,6.800000190734862
1966-02-19,6.800000190734862
1966-02-20,6.369999885559082
1966-02-21,5.889999866485598
1966-02-22,5.889999866485598
1966-02-23,5.889999866485598
1966-02-24,5.889999866485598
1966-02-25,5.800000190734862
1966-02-26,5.6599998474121085
1966-02-27,5.6599998474121085
1966-02-28,5.6599998474121085
1966-03-01,5.610000133514403
1966-03-02,5.519999980926514
1966-03-03,5.46999979019165
1966-03-04,5.380000114440918
1966-03-05,5.269999980926514
1966-03-06,5.269999980926514
1966-03-07,5.269999980926514
1966-03-08,5.269999980926514
1966-03-09,5.269999980926514
1966-03-10,5.269999980926514
1966-03-11,5.269999980926514
1966-03-12,5.269999980926514
1966-03-13,5.269999980926514
1966-03-14,5.269999980926514
1966-03-15,5.269999980926514
1966-03-16,5.269999980926514
1966-03-17,5.269999980926514
1966-03-18,5.269999980926514
1966-03-19,5.269999980926514
1966-03-20,5.269999980926514
1966-03-21,5.269999980926514
1966-03-22,5.269999980926514
1966-03-23,5.269999980926514
1966-03-24,5.269999980926514
1966-03-25,5.269999980926514
1966-03-26,5.269999980926514
1966-03-27,5.380000114440918
1966-03-28,5.46999979019165
1966-03-29,5.519999980926514
1966-03-30,5.6599998474121085
1966-03-31,5.889999866485598
1966-04-01,6.940000057220459
1966-04-02,8.069999694824219
1966-04-03,9.34000015258789
1966-04-04,10.600000381469727
1966-04-05,10.800000190734863
1966-04-06,10.800000190734863
1966-04-07,10.899999618530273
1966-04-08,11.600000381469727
1966-04-09,12.0
1966-04-10,13.600000381469727
1966-04-11,15.0
1966-04-12,14.699999809265135
1966-04-13,14.600000381469727
1966-04-14,14.399999618530273
1966-04-15,14.199999809265135
1966-04-16,14.0
1966-04-17,13.5
1966-04-18,12.899999618530273
1966-04-19,12.699999809265135
1966-04-20,12.699999809265135
1966-04-21,12.600000381469727
1966-04-22,12.5
1966-04-23,12.300000190734865
1966-04-24,12.300000190734865
1966-04-25,12.300000190734865
1966-04-26,12.5
1966-04-27,12.699999809265135
1966-04-28,12.899999618530273
1966-04-29,12.899999618530273
1966-04-30,12.899999618530273
1966-05-01,13.300000190734865
1966-05-02,13.699999809265135
1966-05-03,13.899999618530273
1966-05-04,14.0
1966-05-05,14.0
1966-05-06,42.5
1966-05-07,73.0999984741211
1966-05-08,77.9000015258789
1966-05-09,82.69999694824219
1966-05-10,85.19999694824219
1966-05-11,87.80000305175781
1966-05-12,92.9000015258789
1966-05-13,98.3000030517578
1966-05-14,92.9000015258789
1966-05-15,87.80000305175781
1966-05-16,82.69999694824219
1966-05-17,72.19999694824219
1966-05-18,62.0
1966-05-19,51.79999923706055
1966-05-20,50.099998474121094
1966-05-21,48.4000015258789
1966-05-22,50.4000015258789
1966-05-23,52.4000015258789
1966-05-24,62.29999923706055
1966-05-25,76.5
1966-05-26,87.80000305175781
1966-05-27,102.0
1966-05-28,115.0
1966-05-29,150.0
1966-05-30,185.0
1966-05-31,189.0
1966-06-01,192.0
1966-06-02,195.0
1966-06-03,174.0
1966-06-04,155.0
1966-06-05,153.0
1966-06-06,153.0
1966-06-07,153.0
1966-06-08,135.0
1966-06-09,116.0
1966-06-10,89.19999694824219
1966-06-11,87.80000305175781
1966-06-12,87.80000305175781
1966-06-13,87.80000305175781
1966-06-14,88.9000015258789
1966-06-15,90.3000030517578
1966-06-16,91.6999969482422
1966-06-17,92.3000030517578
1966-06-18,92.9000015258789
1966-06-19,90.0
1966-06-20,87.19999694824219
1966-06-21,84.4000015258789
1966-06-22,81.5999984741211
1966-06-23,75.9000015258789
1966-06-24,70.19999694824219
1966-06-25,64.59999847412111
1966-06-26,62.29999923706055
1966-06-27,60.29999923706055
1966-06-28,61.70000076293945
1966-06-29,63.099998474121094
1966-06-30,64.59999847412111
1966-07-01,66.30000305175781
1966-07-02,68.0
1966-07-03,80.4000015258789
1966-07-04,92.9000015258789
1966-07-05,85.0
1966-07-06,77.0
1966-07-07,75.5999984741211
1966-07-08,74.19999694824219
1966-07-09,73.0999984741211
1966-07-10,70.80000305175781
1966-07-11,68.5
1966-07-12,64.0
1966-07-13,59.70000076293945
1966-07-14,55.5
1966-07-15,54.099998474121094
1966-07-16,52.4000015258789
1966-07-17,50.70000076293945
1966-07-18,49.0
1966-07-19,47.29999923706055
1966-07-20,45.9000015258789
1966-07-21,44.5
1966-07-22,42.20000076293945
1966-07-23,39.599998474121094
1966-07-24,39.099998474121094
1966-07-25,38.79999923706055
1966-07-26,37.099998474121094
1966-07-27,35.09999847412109
1966-07-28,33.09999847412109
1966-07-29,32.299999237060554
1966-07-30,31.399999618530284
1966-07-31,31.399999618530284
1966-08-01,31.399999618530284
1966-08-02,31.10000038146973
1966-08-03,30.899999618530284
1966-08-04,30.899999618530284
1966-08-05,30.60000038146973
1966-08-06,30.60000038146973
1966-08-07,28.60000038146973
1966-08-08,26.899999618530284
1966-08-09,26.29999923706055
1966-08-10,25.60000038146973
1966-08-11,25.10000038146973
1966-08-12,24.60000038146973
1966-08-13,24.20000076293945
1966-08-14,23.60000038146973
1966-08-15,23.10000038146973
1966-08-16,22.70000076293945
1966-08-17,22.200000762939453
1966-08-18,21.899999618530284
1966-08-19,21.100000381469727
1966-08-20,20.299999237060547
1966-08-21,19.5
1966-08-22,18.700000762939453
1966-08-23,18.299999237060547
1966-08-24,17.799999237060547
1966-08-25,17.299999237060547
1966-08-26,17.299999237060547
1966-08-27,17.299999237060547
1966-08-28,17.799999237060547
1966-08-29,18.299999237060547
1966-08-30,18.700000762939453
1966-08-31,18.39999961853028
1966-09-01,18.0
1966-09-02,17.700000762939453
1966-09-03,17.299999237060547
1966-09-04,17.0
1966-09-05,16.700000762939453
1966-09-06,16.700000762939453
1966-09-07,16.700000762939453
1966-09-08,16.700000762939453
1966-09-09,16.299999237060547
1966-09-10,16.0
1966-09-11,15.300000190734865
1966-09-12,15.0
1966-09-13,14.699999809265135
1966-09-14,14.600000381469727
1966-09-15,14.399999618530273
1966-09-16,14.0
1966-09-17,13.699999809265135
1966-09-18,13.600000381469727
1966-09-19,13.5
1966-09-20,13.5
1966-09-21,13.5
1966-09-22,13.5
1966-09-23,13.5
1966-09-24,13.5
1966-09-25,13.5
1966-09-26,13.5
1966-09-27,13.399999618530273
1966-09-28,13.300000190734865
1966-09-29,13.199999809265135
1966-09-30,13.300000190734865
1966-10-01,13.0
1966-10-02,12.699999809265135
1966-10-03,12.300000190734865
1966-10-04,12.199999809265135
1966-10-05,11.899999618530273
1966-10-06,11.800000190734865
1966-10-07,11.5
1966-10-08,11.199999809265137
1966-10-09,11.199999809265137
1966-10-10,11.199999809265137
1966-10-11,11.100000381469727
1966-10-12,11.0
1966-10-13,10.899999618530273
1966-10-14,10.800000190734863
1966-10-15,10.600000381469727
1966-10-16,10.600000381469727
1966-10-17,10.600000381469727
1966-10-18,10.600000381469727
1966-10-19,10.600000381469727
1966-10-20,10.600000381469727
1966-10-21,10.600000381469727
1966-10-22,10.600000381469727
1966-10-23,10.5
1966-10-24,10.300000190734863
1966-10-25,10.300000190734863
1966-10-26,10.100000381469727
1966-10-27,10.100000381469727
1966-10-28,9.630000114440918
1966-10-29,9.489999771118164
1966-10-30,9.489999771118164
1966-10-31,9.489999771118164
1966-11-01,9.399999618530273
1966-11-02,9.289999961853027
1966-11-03,9.199999809265137
1966-11-04,9.199999809265137
1966-11-05,9.199999809265137
1966-11-06,9.199999809265137
1966-11-07,9.199999809265137
1966-11-08,9.119999885559082
1966-11-09,9.0
1966-11-10,8.920000076293945
1966-11-11,8.920000076293945
1966-11-12,8.920000076293945
1966-11-13,8.920000076293945
1966-11-14,8.920000076293945
1966-11-15,9.0
1966-11-16,9.0600004196167
1966-11-17,9.0600004196167
1966-11-18,9.0600004196167
1966-11-19,9.0
1966-11-20,8.949999809265137
1966-11-21,8.920000076293945
1966-11-22,8.779999732971191
1966-11-23,8.640000343322754
1966-11-24,8.5
1966-11-25,8.350000381469728
1966-11-26,8.180000305175781
1966-11-27,7.989999771118164
1966-11-28,7.820000171661378
1966-11-29,7.619999885559082
1966-11-30,7.420000076293945
1966-12-01,7.25
1966-12-02,7.050000190734862
1966-12-03,7.050000190734862
1966-12-04,7.050000190734862
1966-12-05,7.050000190734862
1966-12-06,7.079999923706055
1966-12-07,7.019999980926514
1966-12-08,6.6500000953674325
1966-12-09,6.170000076293945
1966-12-10,6.170000076293945
1966-12-11,6.369999885559082
1966-12-12,6.800000190734862
1966-12-13,7.650000095367432
1966-12-14,7.929999828338622
1966-12-15,7.820000171661378
1966-12-16,7.079999923706055
1966-12-17,6.570000171661378
1966-12-18,6.570000171661378
1966-12-19,6.570000171661378
1966-12-20,6.679999828338622
1966-12-21,6.739999771118164
1966-12-22,6.800000190734862
1966-12-23,6.800000190734862
1966-12-24,6.800000190734862
1966-12-25,6.800000190734862
1966-12-26,6.800000190734862
1966-12-27,6.739999771118164
1966-12-28,6.679999828338622
1966-12-29,6.570000171661378
1966-12-30,6.570000171661378
1966-12-31,6.570000171661378
1967-01-01,6.059999942779541
1967-01-02,5.46999979019165
1967-01-03,5.46999979019165
1967-01-04,5.46999979019165
1967-01-05,5.46999979019165
1967-01-06,5.6599998474121085
1967-01-07,5.889999866485598
1967-01-08,5.6599998474121085
1967-01-09,5.46999979019165
1967-01-10,5.46999979019165
1967-01-11,5.46999979019165
1967-01-12,5.46999979019165
1967-01-13,5.46999979019165
1967-01-14,5.46999979019165
1967-01-15,5.46999979019165
1967-01-16,5.46999979019165
1967-01-17,5.46999979019165
1967-01-18,5.46999979019165
1967-01-19,5.46999979019165
1967-01-20,5.46999979019165
1967-01-21,5.46999979019165
1967-01-22,5.6599998474121085
1967-01-23,5.889999866485598
1967-01-24,5.75
1967-01-25,5.610000133514403
1967-01-26,5.46999979019165
1967-01-27,5.46999979019165
1967-01-28,5.46999979019165
1967-01-29,5.46999979019165
1967-01-30,5.46999979019165
1967-01-31,5.46999979019165
1967-02-01,5.239999771118164
1967-02-02,5.070000171661377
1967-02-03,5.070000171661377
1967-02-04,5.070000171661377
1967-02-05,5.239999771118164
1967-02-06,5.380000114440918
1967-02-07,5.440000057220459
1967-02-08,5.440000057220459
1967-02-09,5.46999979019165
1967-02-10,5.46999979019165
1967-02-11,5.46999979019165
1967-02-12,5.4099998474121085
1967-02-13,5.349999904632568
1967-02-14,5.269999980926514
1967-02-15,5.380000114440918
1967-02-16,5.46999979019165
1967-02-17,5.380000114440918
1967-02-18,5.269999980926514
1967-02-19,5.46999979019165
1967-02-20,5.6599998474121085
1967-02-21,5.6599998474121085
1967-02-22,5.6599998474121085
1967-02-23,5.78000020980835
1967-02-24,5.889999866485598
1967-02-25,5.690000057220459
1967-02-26,5.46999979019165
1967-02-27,5.269999980926514
1967-02-28,5.070000171661377
1967-03-01,4.869999885559082
1967-03-02,4.869999885559082
1967-03-03,4.869999885559082
1967-03-04,4.869999885559082
1967-03-05,4.760000228881836
1967-03-06,4.670000076293945
1967-03-07,4.46999979019165
1967-03-08,4.300000190734863
1967-03-09,4.130000114440918
1967-03-10,3.9600000381469727
1967-03-11,4.1599998474121085
1967-03-12,4.360000133514403
1967-03-13,4.53000020980835
1967-03-14,4.53000020980835
1967-03-15,4.53000020980835
1967-03-16,4.900000095367432
1967-03-17,5.269999980926514
1967-03-18,4.809999942779541
1967-03-19,4.389999866485597
1967-03-20,4.420000076293945
1967-03-21,4.46999979019165
1967-03-22,4.53000020980835
1967-03-23,4.670000076293945
1967-03-24,4.809999942779541
1967-03-25,4.980000019073486
1967-03-26,4.929999828338623
1967-03-27,4.869999885559082
1967-03-28,4.760000228881836
1967-03-29,4.639999866485597
1967-03-30,4.53000020980835
1967-03-31,4.53000020980835
1967-04-01,4.53000020980835
1967-04-02,4.590000152587892
1967-04-03,4.670000076293945
1967-04-04,4.869999885559082
1967-04-05,5.070000171661377
1967-04-06,5.150000095367432
1967-04-07,5.269999980926514
1967-04-08,5.269999980926514
1967-04-09,5.269999980926514
1967-04-10,5.380000114440918
1967-04-11,5.46999979019165
1967-04-12,5.46999979019165
1967-04-13,5.46999979019165
1967-04-14,5.380000114440918
1967-04-15,5.320000171661377
1967-04-16,5.269999980926514
1967-04-17,5.179999828338623
1967-04-18,5.070000171661377
1967-04-19,4.960000038146973
1967-04-20,4.869999885559082
1967-04-21,4.929999828338623
1967-04-22,4.980000019073486
1967-04-23,5.039999961853027
1967-04-24,5.070000171661377
1967-04-25,5.210000038146973
1967-04-26,5.380000114440918
1967-04-27,5.46999979019165
1967-04-28,5.6599998474121085
1967-04-29,5.889999866485598
1967-04-30,6.0
1967-05-01,6.119999885559082
1967-05-02,6.340000152587892
1967-05-03,6.570000171661378
1967-05-04,6.940000057220459
1967-05-05,7.309999942779541
1967-05-06,8.380000114440918
1967-05-07,9.489999771118164
1967-05-08,11.300000190734865
1967-05-09,13.199999809265135
1967-05-10,12.800000190734865
1967-05-11,12.399999618530273
1967-05-12,12.0
1967-05-13,12.5
1967-05-14,13.600000381469727
1967-05-15,15.0
1967-05-16,16.100000381469727
1967-05-17,16.700000762939453
1967-05-18,26.60000038146973
1967-05-19,39.900001525878906
1967-05-20,51.0
1967-05-21,65.09999847412111
1967-05-22,82.0999984741211
1967-05-23,97.6999969482422
1967-05-24,115.0
1967-05-25,99.0999984741211
1967-05-26,95.0999984741211
1967-05-27,93.4000015258789
1967-05-28,92.3000030517578
1967-05-29,127.0
1967-05-30,168.0
1967-05-31,183.0
1967-06-01,199.0
1967-06-02,214.0
1967-06-03,204.0
1967-06-04,194.0
1967-06-05,177.0
1967-06-06,160.0
1967-06-07,168.0
1967-06-08,176.0
1967-06-09,185.0
1967-06-10,191.0
1967-06-11,200.0
1967-06-12,204.0
1967-06-13,164.0
1967-06-14,123.0
1967-06-15,138.0
1967-06-16,153.0
1967-06-17,173.0
1967-06-18,194.0
1967-06-19,214.0
1967-06-20,208.0
1967-06-21,200.0
1967-06-22,194.0
1967-06-23,173.0
1967-06-24,153.0
1967-06-25,146.0
1967-06-26,139.0
1967-06-27,146.0
1967-06-28,153.0
1967-06-29,146.0
1967-06-30,139.0
1967-07-01,127.0
1967-07-02,115.0
1967-07-03,115.0
1967-07-04,115.0
1967-07-05,111.0
1967-07-06,107.0
1967-07-07,103.0
1967-07-08,89.19999694824219
1967-07-09,83.30000305175781
1967-07-10,77.30000305175781
1967-07-11,77.0
1967-07-12,76.69999694824219
1967-07-13,76.5
1967-07-14,76.5
1967-07-15,76.5
1967-07-16,71.4000015258789
1967-07-17,66.5
1967-07-18,63.099998474121094
1967-07-19,59.70000076293945
1967-07-20,57.20000076293945
1967-07-21,54.70000076293945
1967-07-22,52.099998474121094
1967-07-23,49.79999923706055
1967-07-24,47.599998474121094
1967-07-25,45.599998474121094
1967-07-26,43.900001525878906
1967-07-27,42.5
1967-07-28,41.099998474121094
1967-07-29,39.400001525878906
1967-07-30,38.5
1967-07-31,37.70000076293945
1967-08-01,36.79999923706055
1967-08-02,35.09999847412109
1967-08-03,33.400001525878906
1967-08-04,32.0
1967-08-05,30.60000038146973
1967-08-06,30.899999618530284
1967-08-07,31.10000038146973
1967-08-08,31.10000038146973
1967-08-09,30.0
1967-08-10,28.60000038146973
1967-08-11,28.0
1967-08-12,27.70000076293945
1967-08-13,27.10000038146973
1967-08-14,26.399999618530284
1967-08-15,25.79999923706055
1967-08-16,25.5
1967-08-17,25.29999923706055
1967-08-18,24.899999618530284
1967-08-19,24.399999618530284
1967-08-20,24.29999923706055
1967-08-21,24.20000076293945
1967-08-22,24.0
1967-08-23,23.60000038146973
1967-08-24,23.20000076293945
1967-08-25,22.299999237060547
1967-08-26,21.299999237060547
1967-08-27,21.200000762939453
1967-08-28,21.0
1967-08-29,20.89999961853028
1967-08-30,20.39999961853028
1967-08-31,20.100000381469727
1967-09-01,19.700000762939453
1967-09-02,19.299999237060547
1967-09-03,18.89999961853028
1967-09-04,18.5
1967-09-05,18.200000762939453
1967-09-06,17.799999237060547
1967-09-07,17.5
1967-09-08,17.0
1967-09-09,16.5
1967-09-10,16.5
1967-09-11,16.5
1967-09-12,16.5
1967-09-13,16.200000762939453
1967-09-14,15.899999618530273
1967-09-15,15.800000190734865
1967-09-16,15.100000381469727
1967-09-17,14.600000381469727
1967-09-18,14.100000381469727
1967-09-19,13.600000381469727
1967-09-20,13.5
1967-09-21,13.300000190734865
1967-09-22,13.5
1967-09-23,13.600000381469727
1967-09-24,13.800000190734865
1967-09-25,14.0
1967-09-26,14.199999809265135
1967-09-27,13.800000190734865
1967-09-28,13.300000190734865
1967-09-29,13.300000190734865
1967-09-30,12.5
1967-10-01,12.600000381469727
1967-10-02,12.800000190734865
1967-10-03,13.0
1967-10-04,12.699999809265135
1967-10-05,12.5
1967-10-06,12.0
1967-10-07,11.600000381469727
1967-10-08,11.300000190734865
1967-10-09,11.0
1967-10-10,10.800000190734863
1967-10-11,10.899999618530273
1967-10-12,11.0
1967-10-13,10.899999618530273
1967-10-14,10.800000190734863
1967-10-15,10.800000190734863
1967-10-16,10.800000190734863
1967-10-17,10.699999809265137
1967-10-18,10.600000381469727
1967-10-19,10.5
1967-10-20,10.300000190734863
1967-10-21,10.199999809265137
1967-10-22,11.199999809265137
1967-10-23,12.0
1967-10-24,13.0
1967-10-25,12.699999809265135
1967-10-26,12.5
1967-10-27,12.0
1967-10-28,11.600000381469727
1967-10-29,10.899999618530273
1967-10-30,10.199999809265137
1967-10-31,10.300000190734863
1967-11-01,10.399999618530273
1967-11-02,10.5
1967-11-03,9.770000457763672
1967-11-04,9.0600004196167
1967-11-05,8.859999656677246
1967-11-06,8.670000076293945
1967-11-07,8.5
1967-11-08,8.640000343322754
1967-11-09,8.779999732971191
1967-11-10,8.779999732971191
1967-11-11,8.779999732971191
1967-11-12,8.670000076293945
1967-11-13,8.579999923706055
1967-11-14,8.5
1967-11-15,8.350000381469728
1967-11-16,8.210000038146973
1967-11-17,7.960000038146973
1967-11-18,7.699999809265138
1967-11-19,7.699999809265138
1967-11-20,7.699999809265138
1967-11-21,7.699999809265138
1967-11-22,7.5900001525878915
1967-11-23,7.449999809265138
1967-11-24,7.309999942779541
1967-11-25,7.190000057220459
1967-11-26,7.110000133514402
1967-11-27,7.019999980926514
1967-11-28,6.940000057220459
1967-11-29,6.800000190734862
1967-11-30,6.679999828338622
1967-12-01,6.679999828338622
1967-12-02,6.679999828338622
1967-12-03,6.769999980926514
1967-12-04,6.849999904632568
1967-12-05,6.940000057220459
1967-12-06,6.940000057220459
1967-12-07,6.940000057220459
1967-12-08,6.800000190734862
1967-12-09,6.679999828338622
1967-12-10,6.460000038146973
1967-12-11,6.289999961853027
1967-12-12,6.170000076293945
1967-12-13,6.0
1967-12-14,5.889999866485598
1967-12-15,5.800000190734862
1967-12-16,5.71999979019165
1967-12-17,5.639999866485598
1967-12-18,5.579999923706055
1967-12-19,5.519999980926514
1967-12-20,5.46999979019165
1967-12-21,5.440000057220459
1967-12-22,5.4099998474121085
1967-12-23,5.380000114440918
1967-12-24,5.380000114440918
1967-12-25,5.380000114440918
1967-12-26,5.380000114440918
1967-12-27,5.380000114440918
1967-12-28,5.380000114440918
1967-12-29,5.46999979019165
1967-12-30,5.579999923706055
1967-12-31,5.579999923706055
1968-01-01,5.519999980926514
1968-01-02,5.46999979019165
1968-01-03,5.440000057220459
1968-01-04,5.4099998474121085
1968-01-05,5.380000114440918
1968-01-06,5.380000114440918
1968-01-07,5.380000114440918
1968-01-08,5.380000114440918
1968-01-09,5.380000114440918
1968-01-10,5.440000057220459
1968-01-11,5.519999980926514
1968-01-12,5.579999923706055
1968-01-13,5.6599998474121085
1968-01-14,5.949999809265138
1968-01-15,6.429999828338622
1968-01-16,6.340000152587892
1968-01-17,6.230000019073486
1968-01-18,6.289999961853027
1968-01-19,6.369999885559082
1968-01-20,6.429999828338622
1968-01-21,6.340000152587892
1968-01-22,6.230000019073486
1968-01-23,6.230000019073486
1968-01-24,6.230000019073486
1968-01-25,6.369999885559082
1968-01-26,6.510000228881836
1968-01-27,6.630000114440918
1968-01-28,6.369999885559082
1968-01-29,6.289999961853027
1968-01-30,6.230000019073486
1968-01-31,6.090000152587892
1968-02-01,5.949999809265138
1968-02-02,5.889999866485598
1968-02-03,5.860000133514402
1968-02-04,5.829999923706055
1968-02-05,5.829999923706055
1968-02-06,5.829999923706055
1968-02-07,5.829999923706055
1968-02-08,5.829999923706055
1968-02-09,5.6599998474121085
1968-02-10,5.46999979019165
1968-02-11,5.46999979019165
1968-02-12,5.46999979019165
1968-02-13,5.46999979019165
1968-02-14,5.46999979019165
1968-02-15,5.46999979019165
1968-02-16,5.550000190734863
1968-02-17,5.639999866485598
1968-02-18,5.300000190734863
1968-02-19,4.960000038146973
1968-02-20,5.130000114440918
1968-02-21,5.300000190734863
1968-02-22,5.099999904632568
1968-02-23,4.929999828338623
1968-02-24,4.789999961853027
1968-02-25,4.789999961853027
1968-02-26,4.789999961853027
1968-02-27,4.789999961853027
1968-02-28,4.869999885559082
1968-02-29,4.960000038146973
1968-03-01,4.960000038146973
1968-03-02,4.960000038146973
1968-03-03,4.960000038146973
1968-03-04,4.960000038146973
1968-03-05,4.960000038146973
1968-03-06,4.980000019073486
1968-03-07,5.039999961853027
1968-03-08,5.099999904632568
1968-03-09,5.130000114440918
1968-03-10,5.039999961853027
1968-03-11,4.960000038146973
1968-03-12,5.039999961853027
1968-03-13,5.130000114440918
1968-03-14,5.130000114440918
1968-03-15,5.130000114440918
1968-03-16,5.130000114440918
1968-03-17,5.179999828338623
1968-03-18,5.210000038146973
1968-03-19,5.300000190734863
1968-03-20,5.380000114440918
1968-03-21,5.46999979019165
1968-03-22,5.46999979019165
1968-03-23,5.46999979019165
1968-03-24,5.440000057220459
1968-03-25,5.4099998474121085
1968-03-26,5.380000114440918
1968-03-27,5.440000057220459
1968-03-28,5.46999979019165
1968-03-29,5.46999979019165
1968-03-30,5.46999979019165
1968-03-31,5.46999979019165
1968-04-01,5.46999979019165
1968-04-02,5.46999979019165
1968-04-03,5.440000057220459
1968-04-04,5.380000114440918
1968-04-05,5.320000171661377
1968-04-06,5.300000190734863
1968-04-07,5.300000190734863
1968-04-08,5.300000190734863
1968-04-09,5.300000190734863
1968-04-10,5.300000190734863
1968-04-11,5.300000190734863
1968-04-12,5.380000114440918
1968-04-13,5.46999979019165
1968-04-14,5.519999980926514
1968-04-15,5.579999923706055
1968-04-16,5.639999866485598
1968-04-17,5.639999866485598
1968-04-18,5.639999866485598
1968-04-19,5.639999866485598
1968-04-20,5.639999866485598
1968-04-21,5.71999979019165
1968-04-22,5.78000020980835
1968-04-23,5.829999923706055
1968-04-24,6.03000020980835
1968-04-25,6.03000020980835
1968-04-26,6.03000020980835
1968-04-27,6.03000020980835
1968-04-28,7.190000057220459
1968-04-29,8.350000381469728
1968-04-30,9.510000228881836
1968-05-01,11.399999618530273
1968-05-02,13.300000190734865
1968-05-03,13.300000190734865
1968-05-04,13.300000190734865
1968-05-05,14.199999809265135
1968-05-06,15.100000381469727
1968-05-07,16.0
1968-05-08,15.699999809265135
1968-05-09,15.300000190734865
1968-05-10,16.399999618530273
1968-05-11,17.5
1968-05-12,17.700000762939453
1968-05-13,18.0
1968-05-14,18.200000762939453
1968-05-15,25.79999923706055
1968-05-16,33.400001525878906
1968-05-17,35.09999847412109
1968-05-18,36.79999923706055
1968-05-19,44.20000076293945
1968-05-20,51.29999923706055
1968-05-21,58.29999923706055
1968-05-22,76.19999694824219
1968-05-23,94.0
1968-05-24,91.5
1968-05-25,88.9000015258789
1968-05-26,87.19999694824219
1968-05-27,85.5
1968-05-28,83.80000305175781
1968-05-29,83.80000305175781
1968-05-30,83.80000305175781
1968-05-31,71.0999984741211
1968-06-01,58.29999923706055
1968-06-02,82.0999984741211
1968-06-03,106.0
1968-06-04,130.0
1968-06-05,119.0
1968-06-06,107.0
1968-06-07,99.4000015258789
1968-06-08,99.4000015258789
1968-06-09,103.0
1968-06-10,107.0
1968-06-11,111.0
1968-06-12,105.0
1968-06-13,99.4000015258789
1968-06-14,93.1999969482422
1968-06-15,86.9000015258789
1968-06-16,84.69999694824219
1968-06-17,82.0999984741211
1968-06-18,79.9000015258789
1968-06-19,92.3000030517578
1968-06-20,105.0
1968-06-21,100.0
1968-06-22,96.0
1968-06-23,86.0999984741211
1968-06-24,76.19999694824219
1968-06-25,77.30000305175781
1968-06-26,78.19999694824219
1968-06-27,88.9000015258789
1968-06-28,99.4000015258789
1968-06-29,89.80000305175781
1968-06-30,80.0999984741211
1968-07-01,70.19999694824219
1968-07-02,71.5999984741211
1968-07-03,73.0999984741211
1968-07-04,74.5
1968-07-05,89.80000305175781
1968-07-06,105.0
1968-07-07,94.9000015258789
1968-07-08,85.0
1968-07-09,74.5
1968-07-10,72.5
1968-07-11,70.19999694824219
1968-07-12,64.30000305175781
1968-07-13,58.29999923706055
1968-07-14,54.70000076293945
1968-07-15,51.0
1968-07-16,47.599998474121094
1968-07-17,44.70000076293945
1968-07-18,41.599998474121094
1968-07-19,41.900001525878906
1968-07-20,41.900001525878906
1968-07-21,42.20000076293945
1968-07-22,42.5
1968-07-23,42.5
1968-07-24,42.5
1968-07-25,40.5
1968-07-26,38.20000076293945
1968-07-27,38.20000076293945
1968-07-28,38.20000076293945
1968-07-29,38.20000076293945
1968-07-30,35.70000076293945
1968-07-31,32.799999237060554
1968-08-01,32.299999237060554
1968-08-02,32.0
1968-08-03,31.399999618530284
1968-08-04,30.899999618530284
1968-08-05,30.0
1968-08-06,29.20000076293945
1968-08-07,28.899999618530284
1968-08-08,28.60000038146973
1968-08-09,27.5
1968-08-10,26.29999923706055
1968-08-11,25.899999618530284
1968-08-12,25.5
1968-08-13,25.10000038146973
1968-08-14,24.60000038146973
1968-08-15,25.0
1968-08-16,25.29999923706055
1968-08-17,25.70000076293945
1968-08-18,25.10000038146973
1968-08-19,24.60000038146973
1968-08-20,24.29999923706055
1968-08-21,23.899999618530284
1968-08-22,23.60000038146973
1968-08-23,23.399999618530284
1968-08-24,23.20000076293945
1968-08-25,23.0
1968-08-26,22.79999923706055
1968-08-27,22.60000038146973
1968-08-28,22.200000762939453
1968-08-29,21.799999237060547
1968-08-30,21.200000762939453
1968-08-31,20.600000381469727
1968-09-01,20.100000381469727
1968-09-02,19.600000381469727
1968-09-03,18.89999961853028
1968-09-04,18.200000762939453
1968-09-05,18.0
1968-09-06,17.700000762939453
1968-09-07,17.700000762939453
1968-09-08,17.700000762939453
1968-09-09,17.700000762939453
1968-09-10,18.0
1968-09-11,18.200000762939453
1968-09-12,18.299999237060547
1968-09-13,18.39999961853028
1968-09-14,18.100000381469727
1968-09-15,17.799999237060547
1968-09-16,17.5
1968-09-17,17.200000762939453
1968-09-18,17.0
1968-09-19,16.700000762939453
1968-09-20,16.899999618530273
1968-09-21,17.100000381469727
1968-09-22,17.299999237060547
1968-09-23,17.5
1968-09-24,17.799999237060547
1968-09-25,18.200000762939453
1968-09-26,18.299999237060547
1968-09-27,18.5
1968-09-28,18.600000381469727
1968-09-29,18.600000381469727
1968-09-30,18.600000381469727
1968-10-01,18.600000381469727
1968-10-02,18.5
1968-10-03,18.39999961853028
1968-10-04,18.5
1968-10-05,18.600000381469727
1968-10-06,17.600000381469727
1968-10-07,16.700000762939453
1968-10-08,16.700000762939453
1968-10-09,16.700000762939453
1968-10-10,16.299999237060547
1968-10-11,15.899999618530273
1968-10-12,15.600000381469727
1968-10-13,15.300000190734865
1968-10-14,15.0
1968-10-15,15.300000190734865
1968-10-16,13.300000190734865
1968-10-17,13.199999809265135
1968-10-18,13.100000381469727
1968-10-19,13.0
1968-10-20,13.0
1968-10-21,13.0
1968-10-22,13.0
1968-10-23,13.0
1968-10-24,13.0
1968-10-25,12.800000190734865
1968-10-26,12.699999809265135
1968-10-27,12.5
1968-10-28,12.300000190734865
1968-10-29,12.199999809265135
1968-10-30,12.0
1968-10-31,12.0
1968-11-01,11.899999618530273
1968-11-02,11.899999618530273
1968-11-03,11.699999809265135
1968-11-04,11.5
1968-11-05,11.399999618530273
1968-11-06,11.199999809265137
1968-11-07,11.100000381469727
1968-11-08,11.0
1968-11-09,10.899999618530273
1968-11-10,10.699999809265137
1968-11-11,10.399999618530273
1968-11-12,10.199999809265137
1968-11-13,10.199999809265137
1968-11-14,10.199999809265137
1968-11-15,10.100000381469727
1968-11-16,9.9399995803833
1968-11-17,9.800000190734863
1968-11-18,9.65999984741211
1968-11-19,9.510000228881836
1968-11-20,9.510000228881836
1968-11-21,9.510000228881836
1968-11-22,9.56999969482422
1968-11-23,9.65999984741211
1968-11-24,9.510000228881836
1968-11-25,9.399999618530273
1968-11-26,9.229999542236328
1968-11-27,9.0600004196167
1968-11-28,8.859999656677246
1968-11-29,8.8100004196167
1968-11-30,8.75
1968-12-01,8.380000114440918
1968-12-02,8.5
1968-12-03,8.609999656677246
1968-12-04,8.720000267028809
1968-12-05,8.859999656677246
1968-12-06,8.640000343322754
1968-12-07,8.5
1968-12-08,8.550000190734862
1968-12-09,8.720000267028809
1968-12-10,8.859999656677246
1968-12-11,8.640000343322754
1968-12-12,8.5
1968-12-13,8.210000038146973
1968-12-14,7.929999828338622
1968-12-15,7.929999828338622
1968-12-16,7.650000095367432
1968-12-17,7.5900001525878915
1968-12-18,7.5
1968-12-19,7.079999923706055
1968-12-20,6.230000019073486
1968-12-21,5.610000133514403
1968-12-22,5.519999980926514
1968-12-23,5.519999980926514
1968-12-24,5.519999980926514
1968-12-25,5.6599998474121085
1968-12-26,4.809999942779541
1968-12-27,3.6800000667572017
1968-12-28,3.059999942779541
1968-12-29,3.1700000762939453
1968-12-30,3.9600000381469727
1968-12-31,5.239999771118164
1969-01-01,5.239999771118164
1969-01-02,5.489999771118164
1969-01-03,6.309999942779541
1969-01-04,7.559999942779541
1969-01-05,8.779999732971191
1969-01-06,8.829999923706055
1969-01-07,8.210000038146973
1969-01-08,7.869999885559082
1969-01-09,7.449999809265138
1969-01-10,6.630000114440918
1969-01-11,5.519999980926514
1969-01-12,5.519999980926514
1969-01-13,6.230000019073486
1969-01-14,6.880000114440918
1969-01-15,7.110000133514402
1969-01-16,7.019999980926514
1969-01-17,6.769999980926514
1969-01-18,6.429999828338622
1969-01-19,6.139999866485598
1969-01-20,5.96999979019165
1969-01-21,6.03000020980835
1969-01-22,6.03000020980835
1969-01-23,5.949999809265138
1969-01-24,5.829999923706055
1969-01-25,5.800000190734862
1969-01-26,5.78000020980835
1969-01-27,5.71999979019165
1969-01-28,5.6599998474121085
1969-01-29,5.690000057220459
1969-01-30,5.75
1969-01-31,5.860000133514402
1969-02-01,5.889999866485598
1969-02-02,5.949999809265138
1969-02-03,6.0
1969-02-04,6.139999866485598
1969-02-05,6.199999809265138
1969-02-06,6.119999885559082
1969-02-07,5.860000133514402
1969-02-08,5.71999979019165
1969-02-09,5.639999866485598
1969-02-10,5.489999771118164
1969-02-11,5.4099998474121085
1969-02-12,5.380000114440918
1969-02-13,5.349999904632568
1969-02-14,5.320000171661377
1969-02-15,5.320000171661377
1969-02-16,5.239999771118164
1969-02-17,5.099999904632568
1969-02-18,4.960000038146973
1969-02-19,4.840000152587892
1969-02-20,4.619999885559082
1969-02-21,4.670000076293945
1969-02-22,4.789999961853027
1969-02-23,4.869999885559082
1969-02-24,4.869999885559082
1969-02-25,4.960000038146973
1969-02-26,4.960000038146973
1969-02-27,4.929999828338623
1969-02-28,4.929999828338623
1969-03-01,4.960000038146973
1969-03-02,4.960000038146973
1969-03-03,4.960000038146973
1969-03-04,4.960000038146973
1969-03-05,4.960000038146973
1969-03-06,4.980000019073486
1969-03-07,5.010000228881836
1969-03-08,5.039999961853027
1969-03-09,4.960000038146973
1969-03-10,4.869999885559082
1969-03-11,4.809999942779541
1969-03-12,4.789999961853027
1969-03-13,4.789999961853027
1969-03-14,4.789999961853027
1969-03-15,4.809999942779541
1969-03-16,4.840000152587892
1969-03-17,4.869999885559082
1969-03-18,4.929999828338623
1969-03-19,4.960000038146973
1969-03-20,4.900000095367432
1969-03-21,4.840000152587892
1969-03-22,4.789999961853027
1969-03-23,4.760000228881836
1969-03-24,4.699999809265137
1969-03-25,4.869999885559082
1969-03-26,5.039999961853027
1969-03-27,4.929999828338623
1969-03-28,4.809999942779541
1969-03-29,4.699999809265137
1969-03-30,4.789999961853027
1969-03-31,5.039999961853027
1969-04-01,4.980000019073486
1969-04-02,4.960000038146973
1969-04-03,4.980000019073486
1969-04-04,5.010000228881836
1969-04-05,5.039999961853027
1969-04-06,5.269999980926514
1969-04-07,5.550000190734863
1969-04-08,5.920000076293945
1969-04-09,6.230000019073486
1969-04-10,6.539999961853027
1969-04-11,8.640000343322754
1969-04-12,11.399999618530273
1969-04-13,13.5
1969-04-14,15.300000190734865
1969-04-15,16.100000381469727
1969-04-16,16.899999618530273
1969-04-17,19.0
1969-04-18,20.600000381469727
1969-04-19,19.799999237060547
1969-04-20,19.100000381469727
1969-04-21,18.799999237060547
1969-04-22,30.60000038146973
1969-04-23,42.5
1969-04-24,41.29999923706055
1969-04-25,40.20000076293945
1969-04-26,39.599998474121094
1969-04-27,39.599998474121094
1969-04-28,39.599998474121094
1969-04-29,39.599998474121094
1969-04-30,37.70000076293945
1969-05-01,35.70000076293945
1969-05-02,34.0
1969-05-03,32.799999237060554
1969-05-04,33.400001525878906
1969-05-05,34.0
1969-05-06,37.400001525878906
1969-05-07,42.5
1969-05-08,49.79999923706055
1969-05-09,56.599998474121094
1969-05-10,70.80000305175781
1969-05-11,103.0
1969-05-12,111.0
1969-05-13,119.0
1969-05-14,128.0
1969-05-15,119.0
1969-05-16,111.0
1969-05-17,103.0
1969-05-18,85.0
1969-05-19,69.09999847412111
1969-05-20,68.0
1969-05-21,67.40000152587889
1969-05-22,66.30000305175781
1969-05-23,67.69999694824219
1969-05-24,69.90000152587889
1969-05-25,90.5999984741211
1969-05-26,119.0
1969-05-27,122.0
1969-05-28,124.0
1969-05-29,119.0
1969-05-30,114.0
1969-05-31,110.0
1969-06-01,120.0
1969-06-02,128.0
1969-06-03,133.0
1969-06-04,140.0
1969-06-05,156.0
1969-06-06,173.0
1969-06-07,159.0
1969-06-08,149.0
1969-06-09,140.0
1969-06-10,127.0
1969-06-11,114.0
1969-06-12,102.0
1969-06-13,90.5999984741211
1969-06-14,82.0999984741211
1969-06-15,75.0
1969-06-16,68.5
1969-06-17,68.19999694824219
1969-06-18,68.0
1969-06-19,68.80000305175781
1969-06-20,69.90000152587889
1969-06-21,70.80000305175781
1969-06-22,81.5999984741211
1969-06-23,97.4000015258789
1969-06-24,111.0
1969-06-25,121.0
1969-06-26,124.0
1969-06-27,125.0
1969-06-28,124.0
1969-06-29,123.0
1969-06-30,121.0
1969-07-01,119.0
1969-07-02,118.0
1969-07-03,118.0
1969-07-04,110.0
1969-07-05,105.0
1969-07-06,97.4000015258789
1969-07-07,91.1999969482422
1969-07-08,86.4000015258789
1969-07-09,80.0999984741211
1969-07-10,75.5999984741211
1969-07-11,75.5999984741211
1969-07-12,75.5999984741211
1969-07-13,69.09999847412111
1969-07-14,61.70000076293945
1969-07-15,56.4000015258789
1969-07-16,51.79999923706055
1969-07-17,49.29999923706055
1969-07-18,46.70000076293945
1969-07-19,44.5
1969-07-20,44.5
1969-07-21,44.5
1969-07-22,44.5
1969-07-23,44.5
1969-07-24,44.5
1969-07-25,43.0
1969-07-26,41.599998474121094
1969-07-27,40.79999923706055
1969-07-28,39.599998474121094
1969-07-29,39.599998474121094
1969-07-30,39.599998474121094
1969-07-31,39.599998474121094
1969-08-01,39.099998474121094
1969-08-02,37.70000076293945
1969-08-03,36.0
1969-08-04,34.0
1969-08-05,31.70000076293945
1969-08-06,29.20000076293945
1969-08-07,29.20000076293945
1969-08-08,29.20000076293945
1969-08-09,29.20000076293945
1969-08-10,26.29999923706055
1969-08-11,23.79999923706055
1969-08-12,23.399999618530284
1969-08-13,23.0
1969-08-14,22.60000038146973
1969-08-15,22.200000762939453
1969-08-16,22.0
1969-08-17,21.799999237060547
1969-08-18,21.600000381469727
1969-08-19,21.100000381469727
1969-08-20,20.600000381469727
1969-08-21,19.600000381469727
1969-08-22,18.600000381469727
1969-08-23,18.0
1969-08-24,17.100000381469727
1969-08-25,16.700000762939453
1969-08-26,17.299999237060547
1969-08-27,17.799999237060547
1969-08-28,17.5
1969-08-29,17.100000381469727
1969-08-30,16.799999237060547
1969-08-31,16.700000762939453
1969-09-01,16.299999237060547
1969-09-02,15.899999618530273
1969-09-03,15.899999618530273
1969-09-04,15.899999618530273
1969-09-05,16.0
1969-09-06,16.200000762939453
1969-09-07,15.5
1969-09-08,14.600000381469727
1969-09-09,14.0
1969-09-10,13.800000190734865
1969-09-11,13.600000381469727
1969-09-12,13.5
1969-09-13,13.300000190734865
1969-09-14,14.300000190734865
1969-09-15,14.800000190734865
1969-09-16,14.399999618530273
1969-09-17,14.100000381469727
1969-09-18,13.800000190734865
1969-09-19,13.5
1969-09-20,13.399999618530273
1969-09-21,13.399999618530273
1969-09-22,13.300000190734865
1969-09-23,13.300000190734865
1969-09-24,13.199999809265135
1969-09-25,13.100000381469727
1969-09-26,12.800000190734865
1969-09-27,12.800000190734865
1969-09-28,13.100000381469727
1969-09-29,13.300000190734865
1969-09-30,13.300000190734865
1969-10-01,13.5
1969-10-02,13.600000381469727
1969-10-03,13.800000190734865
1969-10-04,14.0
1969-10-05,13.300000190734865
1969-10-06,13.0
1969-10-07,13.0
1969-10-08,13.0
1969-10-09,12.699999809265135
1969-10-10,12.5
1969-10-11,12.300000190734865
1969-10-12,12.100000381469727
1969-10-13,11.899999618530273
1969-10-14,11.699999809265135
1969-10-15,11.699999809265135
1969-10-16,11.699999809265135
1969-10-17,11.5
1969-10-18,11.399999618530273
1969-10-19,10.899999618530273
1969-10-20,10.5
1969-10-21,10.199999809265137
1969-10-22,10.199999809265137
1969-10-23,10.199999809265137
1969-10-24,10.100000381469727
1969-10-25,9.9399995803833
1969-10-26,9.800000190734863
1969-10-27,9.65999984741211
1969-10-28,9.510000228881836
1969-10-29,9.119999885559082
1969-10-30,9.119999885559082
1969-10-31,8.829999923706055
1969-11-01,8.859999656677246
1969-11-02,9.119999885559082
1969-11-03,9.399999618530273
1969-11-04,9.850000381469727
1969-11-05,10.300000190734863
1969-11-06,10.100000381469727
1969-11-07,9.800000190734863
1969-11-08,9.630000114440918
1969-11-09,9.460000038146973
1969-11-10,9.289999961853027
1969-11-11,9.119999885559082
1969-11-12,9.119999885559082
1969-11-13,9.119999885559082
1969-11-14,8.979999542236328
1969-11-15,8.859999656677246
1969-11-16,8.350000381469728
1969-11-17,7.869999885559082
1969-11-18,7.820000171661378
1969-11-19,7.730000019073486
1969-11-20,7.650000095367432
1969-11-21,7.480000019073486
1969-11-22,7.190000057220459
1969-11-23,6.599999904632568
1969-11-24,5.71999979019165
1969-11-25,5.269999980926514
1969-11-26,5.269999980926514
1969-11-27,5.300000190734863
1969-11-28,5.349999904632568
1969-11-29,5.550000190734863
1969-11-30,4.980000019073486
1969-12-01,4.5
1969-12-02,4.619999885559082
1969-12-03,4.929999828338623
1969-12-04,5.519999980926514
1969-12-05,6.0
1969-12-06,5.96999979019165
1969-12-07,5.210000038146973
1969-12-08,4.869999885559082
1969-12-09,5.380000114440918
1969-12-10,5.71999979019165
1969-12-11,7.019999980926514
1969-12-12,7.789999961853027
1969-12-13,7.989999771118164
1969-12-14,7.5900001525878915
1969-12-15,6.880000114440918
1969-12-16,6.510000228881836
1969-12-17,6.460000038146973
1969-12-18,6.630000114440918
1969-12-19,6.679999828338622
1969-12-20,6.739999771118164
1969-12-21,6.6500000953674325
1969-12-22,6.539999961853027
1969-12-23,6.170000076293945
1969-12-24,4.730000019073486
1969-12-25,4.110000133514403
1969-12-26,4.110000133514403
1969-12-27,3.7100000381469727
1969-12-28,3.6800000667572017
1969-12-29,4.329999923706056
1969-12-30,4.619999885559082
1969-12-31,4.670000076293945
1970-01-01,5.070000171661377
1970-01-02,4.789999961853027
1970-01-03,4.53000020980835
1970-01-04,4.25
1970-01-05,4.130000114440918
1970-01-06,4.130000114440918
1970-01-07,4.019999980926514
1970-01-08,3.880000114440918
1970-01-09,3.910000085830689
1970-01-10,4.449999809265137
1970-01-11,4.809999942779541
1970-01-12,5.179999828338623
1970-01-13,5.4099998474121085
1970-01-14,5.71999979019165
1970-01-15,6.230000019073486
1970-01-16,6.03000020980835
1970-01-17,4.869999885559082
1970-01-18,4.699999809265137
1970-01-19,4.639999866485597
1970-01-20,5.300000190734863
1970-01-21,5.800000190734862
1970-01-22,6.119999885559082
1970-01-23,6.340000152587892
1970-01-24,6.4000000953674325
1970-01-25,6.230000019073486
1970-01-26,6.289999961853027
1970-01-27,5.860000133514402
1970-01-28,5.610000133514403
1970-01-29,5.6599998474121085
1970-01-30,5.690000057220459
1970-01-31,5.4099998474121085
1970-02-01,5.489999771118164
1970-02-02,5.6599998474121085
1970-02-03,5.550000190734863
1970-02-04,5.690000057220459
1970-02-05,5.489999771118164
1970-02-06,5.489999771118164
1970-02-07,5.489999771118164
1970-02-08,5.380000114440918
1970-02-09,5.320000171661377
1970-02-10,5.300000190734863
1970-02-11,5.71999979019165
1970-02-12,5.380000114440918
1970-02-13,5.099999904632568
1970-02-14,4.869999885559082
1970-02-15,4.869999885559082
1970-02-16,4.869999885559082
1970-02-17,5.550000190734863
1970-02-18,6.059999942779541
1970-02-19,6.739999771118164
1970-02-20,6.739999771118164
1970-02-21,6.739999771118164
1970-02-22,5.440000057220459
1970-02-23,4.869999885559082
1970-02-24,5.349999904632568
1970-02-25,5.71999979019165
1970-02-26,5.440000057220459
1970-02-27,5.210000038146973
1970-02-28,4.869999885559082
1970-03-01,4.869999885559082
1970-03-02,4.869999885559082
1970-03-03,4.869999885559082
1970-03-04,5.300000190734863
1970-03-05,5.71999979019165
1970-03-06,5.239999771118164
1970-03-07,4.869999885559082
1970-03-08,4.869999885559082
1970-03-09,4.869999885559082
1970-03-10,4.809999942779541
1970-03-11,4.760000228881836
1970-03-12,4.699999809265137
1970-03-13,4.809999942779541
1970-03-14,4.869999885559082
1970-03-15,4.869999885559082
1970-03-16,4.869999885559082
1970-03-17,4.869999885559082
1970-03-18,4.869999885559082
1970-03-19,4.869999885559082
1970-03-20,4.869999885559082
1970-03-21,4.869999885559082
1970-03-22,4.789999961853027
1970-03-23,4.619999885559082
1970-03-24,4.53000020980835
1970-03-25,4.449999809265137
1970-03-26,4.730000019073486
1970-03-27,5.239999771118164
1970-03-28,5.71999979019165
1970-03-29,4.809999942779541
1970-03-30,4.360000133514403
1970-03-31,4.46999979019165
1970-04-01,4.590000152587892
1970-04-02,4.789999961853027
1970-04-03,4.760000228881836
1970-04-04,4.699999809265137
1970-04-05,4.789999961853027
1970-04-06,4.869999885559082
1970-04-07,4.869999885559082
1970-04-08,4.869999885559082
1970-04-09,5.380000114440918
1970-04-10,5.71999979019165
1970-04-11,5.71999979019165
1970-04-12,5.71999979019165
1970-04-13,5.71999979019165
1970-04-14,5.269999980926514
1970-04-15,4.869999885559082
1970-04-16,4.869999885559082
1970-04-17,4.869999885559082
1970-04-18,4.869999885559082
1970-04-19,4.869999885559082
1970-04-20,4.869999885559082
1970-04-21,4.869999885559082
1970-04-22,4.960000038146973
1970-04-23,5.130000114440918
1970-04-24,4.869999885559082
1970-04-25,4.960000038146973
1970-04-26,4.929999828338623
1970-04-27,4.869999885559082
1970-04-28,4.869999885559082
1970-04-29,4.869999885559082
1970-04-30,4.869999885559082
1970-05-01,4.869999885559082
1970-05-02,4.869999885559082
1970-05-03,5.6599998474121085
1970-05-04,6.739999771118164
1970-05-05,8.239999771118164
1970-05-06,10.199999809265137
1970-05-07,13.600000381469727
1970-05-08,18.39999961853028
1970-05-09,18.600000381469727
1970-05-10,18.799999237060547
1970-05-11,19.100000381469727
1970-05-12,19.39999961853028
1970-05-13,22.899999618530284
1970-05-14,27.5
1970-05-15,33.09999847412109
1970-05-16,41.599998474121094
1970-05-17,43.29999923706055
1970-05-18,46.4000015258789
1970-05-19,45.29999923706055
1970-05-20,44.70000076293945
1970-05-21,48.4000015258789
1970-05-22,52.099998474121094
1970-05-23,60.29999923706055
1970-05-24,68.5
1970-05-25,77.9000015258789
1970-05-26,88.9000015258789
1970-05-27,80.0999984741211
1970-05-28,72.5
1970-05-29,67.69999694824219
1970-05-30,68.80000305175781
1970-05-31,70.19999694824219
1970-06-01,72.19999694824219
1970-06-02,74.19999694824219
1970-06-03,97.0999984741211
1970-06-04,125.0
1970-06-05,131.0
1970-06-06,135.0
1970-06-07,137.0
1970-06-08,130.0
1970-06-09,123.0
1970-06-10,120.0
1970-06-11,118.0
1970-06-12,73.5999984741211
1970-06-13,81.30000305175781
1970-06-14,91.6999969482422
1970-06-15,101.0
1970-06-16,108.0
1970-06-17,114.0
1970-06-18,105.0
1970-06-19,94.5999984741211
1970-06-20,91.1999969482422
1970-06-21,87.80000305175781
1970-06-22,84.69999694824219
1970-06-23,77.5999984741211
1970-06-24,70.19999694824219
1970-06-25,64.0
1970-06-26,61.70000076293945
1970-06-27,60.0
1970-06-28,62.0
1970-06-29,64.0
1970-06-30,62.9000015258789
1970-07-01,61.70000076293945
1970-07-02,60.9000015258789
1970-07-03,57.79999923706055
1970-07-04,56.4000015258789
1970-07-05,56.4000015258789
1970-07-06,56.4000015258789
1970-07-07,56.4000015258789
1970-07-08,62.599998474121094
1970-07-09,73.0999984741211
1970-07-10,73.0999984741211
1970-07-11,52.70000076293945
1970-07-12,45.599998474121094
1970-07-13,38.79999923706055
1970-07-14,36.79999923706055
1970-07-15,34.5
1970-07-16,33.09999847412109
1970-07-17,32.0
1970-07-18,30.899999618530284
1970-07-19,29.399999618530284
1970-07-20,29.399999618530284
1970-07-21,29.399999618530284
1970-07-22,29.399999618530284
1970-07-23,29.20000076293945
1970-07-24,27.20000076293945
1970-07-25,25.0
1970-07-26,25.0
1970-07-27,25.0
1970-07-28,25.60000038146973
1970-07-29,26.10000038146973
1970-07-30,25.60000038146973
1970-07-31,25.0
1970-08-01,24.60000038146973
1970-08-02,24.60000038146973
1970-08-03,23.79999923706055
1970-08-04,23.0
1970-08-05,22.60000038146973
1970-08-06,22.299999237060547
1970-08-07,22.0
1970-08-08,21.600000381469727
1970-08-09,21.299999237060547
1970-08-10,21.0
1970-08-11,19.89999961853028
1970-08-12,19.0
1970-08-13,18.700000762939453
1970-08-14,18.600000381469727
1970-08-15,17.799999237060547
1970-08-16,17.600000381469727
1970-08-17,17.5
1970-08-18,17.299999237060547
1970-08-19,17.100000381469727
1970-08-20,16.899999618530273
1970-08-21,16.700000762939453
1970-08-22,16.700000762939453
1970-08-23,16.399999618530273
1970-08-24,16.200000762939453
1970-08-25,16.0
1970-08-26,15.699999809265135
1970-08-27,15.300000190734865
1970-08-28,15.300000190734865
1970-08-29,15.300000190734865
1970-08-30,15.100000381469727
1970-08-31,15.100000381469727
1970-09-01,15.0
1970-09-02,15.0
1970-09-03,14.0
1970-09-04,14.600000381469727
1970-09-05,14.399999618530273
1970-09-06,14.100000381469727
1970-09-07,13.800000190734865
1970-09-08,13.699999809265135
1970-09-09,13.5
1970-09-10,13.300000190734865
1970-09-11,13.300000190734865
1970-09-12,13.300000190734865
1970-09-13,13.300000190734865
1970-09-14,13.300000190734865
1970-09-15,13.300000190734865
1970-09-16,13.300000190734865
1970-09-17,13.300000190734865
1970-09-18,13.300000190734865
1970-09-19,13.300000190734865
1970-09-20,13.300000190734865
1970-09-21,13.300000190734865
1970-09-22,13.300000190734865
1970-09-23,13.300000190734865
1970-09-24,13.300000190734865
1970-09-25,12.899999618530273
1970-09-26,12.699999809265135
1970-09-27,12.399999618530273
1970-09-28,12.0
1970-09-29,11.800000190734865
1970-09-30,11.399999618530273
1970-10-01,11.0
1970-10-02,10.899999618530273
1970-10-03,10.600000381469727
1970-10-04,10.5
1970-10-05,10.5
1970-10-06,10.5
1970-10-07,10.5
1970-10-08,10.800000190734863
1970-10-09,10.300000190734863
1970-10-10,10.199999809265137
1970-10-11,10.199999809265137
1970-10-12,10.199999809265137
1970-10-13,10.0
1970-10-14,9.800000190734863
1970-10-15,9.770000457763672
1970-10-16,9.630000114440918
1970-10-17,9.399999618530273
1970-10-18,9.369999885559082
1970-10-19,9.260000228881836
1970-10-20,9.119999885559082
1970-10-21,9.119999885559082
1970-10-22,9.119999885559082
1970-10-23,9.119999885559082
1970-10-24,9.119999885559082
1970-10-25,9.119999885559082
1970-10-26,9.119999885559082
1970-10-27,9.119999885559082
1970-10-28,9.119999885559082
1970-10-29,9.119999885559082
1970-10-30,9.119999885559082
1970-10-31,8.670000076293945
1970-11-01,8.210000038146973
1970-11-02,7.869999885559082
1970-11-03,7.869999885559082
1970-11-04,7.869999885559082
1970-11-05,7.869999885559082
1970-11-06,7.869999885559082
1970-11-07,7.869999885559082
1970-11-08,7.820000171661378
1970-11-09,7.760000228881836
1970-11-10,7.699999809265138
1970-11-11,7.650000095367432
1970-11-12,7.5
1970-11-13,7.449999809265138
1970-11-14,7.420000076293945
1970-11-15,7.389999866485598
1970-11-16,7.28000020980835
1970-11-17,7.190000057220459
1970-11-18,7.190000057220459
1970-11-19,6.849999904632568
1970-11-20,6.800000190734862
1970-11-21,6.739999771118164
1970-11-22,6.739999771118164
1970-11-23,6.739999771118164
1970-11-24,6.710000038146973
1970-11-25,6.630000114440918
1970-11-26,6.599999904632568
1970-11-27,6.539999961853027
1970-11-28,6.539999961853027
1970-11-29,6.539999961853027
1970-11-30,6.539999961853027
1970-12-01,6.539999961853027
1970-12-02,6.429999828338622
1970-12-03,6.340000152587892
1970-12-04,6.340000152587892
1970-12-05,6.340000152587892
1970-12-06,6.230000019073486
1970-12-07,6.119999885559082
1970-12-08,6.0
1970-12-09,5.920000076293945
1970-12-10,5.610000133514403
1970-12-11,5.380000114440918
1970-12-12,5.150000095367432
1970-12-13,4.869999885559082
1970-12-14,4.869999885559082
1970-12-15,4.869999885559082
1970-12-16,4.869999885559082
1970-12-17,4.869999885559082
1970-12-18,4.869999885559082
1970-12-19,4.869999885559082
1970-12-20,4.869999885559082
1970-12-21,5.010000228881836
1970-12-22,5.150000095367432
1970-12-23,5.099999904632568
1970-12-24,5.179999828338623
1970-12-25,5.610000133514403
1970-12-26,6.090000152587892
1970-12-27,6.119999885559082
1970-12-28,6.230000019073486
1970-12-29,6.460000038146973
1970-12-30,6.510000228881836
1970-12-31,6.539999961853027
1971-01-01,5.920000076293945
1971-01-02,5.099999904632568
1971-01-03,4.929999828338623
1971-01-04,4.53000020980835
1971-01-05,4.53000020980835
1971-01-06,4.559999942779541
1971-01-07,5.380000114440918
1971-01-08,5.889999866485598
1971-01-09,5.039999961853027
1971-01-10,4.929999828338623
1971-01-11,4.670000076293945
1971-01-12,4.619999885559082
1971-01-13,4.639999866485597
1971-01-14,4.670000076293945
1971-01-15,5.039999961853027
1971-01-16,5.610000133514403
1971-01-17,6.230000019073486
1971-01-18,6.800000190734862
1971-01-19,7.079999923706055
1971-01-20,7.1599998474121085
1971-01-21,6.800000190734862
1971-01-22,6.539999961853027
1971-01-23,6.510000228881836
1971-01-24,6.739999771118164
1971-01-25,6.800000190734862
1971-01-26,6.599999904632568
1971-01-27,6.340000152587892
1971-01-28,5.6599998474121085
1971-01-29,4.869999885559082
1971-01-30,4.840000152587892
1971-01-31,4.809999942779541
1971-02-01,4.840000152587892
1971-02-02,4.869999885559082
1971-02-03,4.900000095367432
1971-02-04,4.840000152587892
1971-02-05,4.590000152587892
1971-02-06,4.300000190734863
1971-02-07,4.25
1971-02-08,4.329999923706056
1971-02-09,4.5
1971-02-10,4.730000019073486
1971-02-11,5.099999904632568
1971-02-12,5.6599998474121085
1971-02-13,5.78000020980835
1971-02-14,5.610000133514403
1971-02-15,5.380000114440918
1971-02-16,5.179999828338623
1971-02-17,4.980000019073486
1971-02-18,4.789999961853027
1971-02-19,4.670000076293945
1971-02-20,4.760000228881836
1971-02-21,5.039999961853027
1971-02-22,5.210000038146973
1971-02-23,4.760000228881836
1971-02-24,4.619999885559082
1971-02-25,4.53000020980835
1971-02-26,4.590000152587892
1971-02-27,4.670000076293945
1971-02-28,4.809999942779541
1971-03-01,4.730000019073486
1971-03-02,4.590000152587892
1971-03-03,4.53000020980835
1971-03-04,4.639999866485597
1971-03-05,4.789999961853027
1971-03-06,4.329999923706056
1971-03-07,4.110000133514403
1971-03-08,4.53000020980835
1971-03-09,4.730000019073486
1971-03-10,4.869999885559082
1971-03-11,4.840000152587892
1971-03-12,4.789999961853027
1971-03-13,4.760000228881836
1971-03-14,4.699999809265137
1971-03-15,4.699999809265137
1971-03-16,4.699999809265137
1971-03-17,4.699999809265137
1971-03-18,4.730000019073486
1971-03-19,4.789999961853027
1971-03-20,4.789999961853027
1971-03-21,4.789999961853027
1971-03-22,4.789999961853027
1971-03-23,4.809999942779541
1971-03-24,4.869999885559082
1971-03-25,4.869999885559082
1971-03-26,4.869999885559082
1971-03-27,4.809999942779541
1971-03-28,4.789999961853027
1971-03-29,4.840000152587892
1971-03-30,4.869999885559082
1971-03-31,4.869999885559082
1971-04-01,4.869999885559082
1971-04-02,4.869999885559082
1971-04-03,4.869999885559082
1971-04-04,4.869999885559082
1971-04-05,4.869999885559082
1971-04-06,5.639999866485598
1971-04-07,6.599999904632568
1971-04-08,6.630000114440918
1971-04-09,6.710000038146973
1971-04-10,6.710000038146973
1971-04-11,6.710000038146973
1971-04-12,6.710000038146973
1971-04-13,6.710000038146973
1971-04-14,6.940000057220459
1971-04-15,6.940000057220459
1971-04-16,6.940000057220459
1971-04-17,6.96999979019165
1971-04-18,7.050000190734862
1971-04-19,8.670000076293945
1971-04-20,10.300000190734863
1971-04-21,10.399999618530273
1971-04-22,10.600000381469727
1971-04-23,13.699999809265135
1971-04-24,17.600000381469727
1971-04-25,22.5
1971-04-26,28.60000038146973
1971-04-27,37.900001525878906
1971-04-28,43.0
1971-04-29,49.599998474121094
1971-04-30,53.79999923706055
1971-05-01,58.0
1971-05-02,63.099998474121094
1971-05-03,68.0
1971-05-04,69.09999847412111
1971-05-05,70.5
1971-05-06,71.4000015258789
1971-05-07,79.30000305175781
1971-05-08,88.9000015258789
1971-05-09,93.1999969482422
1971-05-10,96.5999984741211
1971-05-11,104.0
1971-05-12,108.0
1971-05-13,99.4000015258789
1971-05-14,91.5
1971-05-15,86.0999984741211
1971-05-16,81.0
1971-05-17,76.69999694824219
1971-05-18,71.0999984741211
1971-05-19,66.0
1971-05-20,60.0
1971-05-21,55.79999923706055
1971-05-22,64.80000305175781
1971-05-23,80.4000015258789
1971-05-24,102.0
1971-05-25,107.0
1971-05-26,113.0
1971-05-27,123.0
1971-05-28,137.0
1971-05-29,141.0
1971-05-30,146.0
1971-05-31,150.0
1971-06-01,140.0
1971-06-02,131.0
1971-06-03,132.0
1971-06-04,133.0
1971-06-05,138.0
1971-06-06,144.0
1971-06-07,150.0
1971-06-08,160.0
1971-06-09,173.0
1971-06-10,145.0
1971-06-11,119.0
1971-06-12,116.0
1971-06-13,114.0
1971-06-14,111.0
1971-06-15,108.0
1971-06-16,104.0
1971-06-17,97.6999969482422
1971-06-18,94.5999984741211
1971-06-19,91.5
1971-06-20,89.19999694824219
1971-06-21,86.4000015258789
1971-06-22,85.80000305175781
1971-06-23,85.19999694824219
1971-06-24,84.0999984741211
1971-06-25,83.30000305175781
1971-06-26,82.0999984741211
1971-06-27,81.5999984741211
1971-06-28,81.30000305175781
1971-06-29,75.9000015258789
1971-06-30,72.19999694824219
1971-07-01,68.0
1971-07-02,64.0
1971-07-03,62.599998474121094
1971-07-04,61.20000076293945
1971-07-05,60.0
1971-07-06,56.9000015258789
1971-07-07,54.099998474121094
1971-07-08,51.79999923706055
1971-07-09,49.599998474121094
1971-07-10,50.099998474121094
1971-07-11,51.0
1971-07-12,51.79999923706055
1971-07-13,53.79999923706055
1971-07-14,56.4000015258789
1971-07-15,57.20000076293945
1971-07-16,58.599998474121094
1971-07-17,57.79999923706055
1971-07-18,57.20000076293945
1971-07-19,56.4000015258789
1971-07-20,55.79999923706055
1971-07-21,53.79999923706055
1971-07-22,53.0
1971-07-23,52.099998474121094
1971-07-24,51.5
1971-07-25,51.5
1971-07-26,51.0
1971-07-27,50.099998474121094
1971-07-28,48.70000076293945
1971-07-29,47.0
1971-07-30,44.70000076293945
1971-07-31,43.599998474121094
1971-08-01,42.20000076293945
1971-08-02,40.79999923706055
1971-08-03,39.099998474121094
1971-08-04,37.900001525878906
1971-08-05,36.5
1971-08-06,35.09999847412109
1971-08-07,34.799999237060554
1971-08-08,34.299999237060554
1971-08-09,33.700000762939446
1971-08-10,33.09999847412109
1971-08-11,32.59999847412109
1971-08-12,32.0
1971-08-13,31.10000038146973
1971-08-14,30.0
1971-08-15,28.899999618530284
1971-08-16,27.79999923706055
1971-08-17,26.79999923706055
1971-08-18,26.10000038146973
1971-08-19,25.79999923706055
1971-08-20,25.60000038146973
1971-08-21,25.20000076293945
1971-08-22,24.899999618530284
1971-08-23,24.60000038146973
1971-08-24,24.0
1971-08-25,23.5
1971-08-26,23.29999923706055
1971-08-27,23.10000038146973
1971-08-28,22.899999618530284
1971-08-29,22.70000076293945
1971-08-30,22.5
1971-08-31,22.0
1971-09-01,21.5
1971-09-02,21.39999961853028
1971-09-03,21.299999237060547
1971-09-04,20.100000381469727
1971-09-05,19.0
1971-09-06,17.700000762939453
1971-09-07,17.799999237060547
1971-09-08,17.899999618530273
1971-09-09,17.399999618530273
1971-09-10,17.0
1971-09-11,16.899999618530273
1971-09-12,16.700000762939453
1971-09-13,16.5
1971-09-14,16.299999237060547
1971-09-15,16.100000381469727
1971-09-16,16.0
1971-09-17,15.800000190734865
1971-09-18,15.699999809265135
1971-09-19,15.0
1971-09-20,14.300000190734865
1971-09-21,13.899999618530273
1971-09-22,13.5
1971-09-23,13.300000190734865
1971-09-24,13.100000381469727
1971-09-25,13.0
1971-09-26,12.899999618530273
1971-09-27,12.899999618530273
1971-09-28,13.0
1971-09-29,13.100000381469727
1971-09-30,13.300000190734865
1971-10-01,13.5
1971-10-02,13.399999618530273
1971-10-03,13.300000190734865
1971-10-04,13.199999809265135
1971-10-05,13.0
1971-10-06,12.699999809265135
1971-10-07,12.699999809265135
1971-10-08,12.600000381469727
1971-10-09,12.5
1971-10-10,12.300000190734865
1971-10-11,12.600000381469727
1971-10-12,12.800000190734865
1971-10-13,13.100000381469727
1971-10-14,13.0
1971-10-15,12.899999618530273
1971-10-16,12.800000190734865
1971-10-17,12.800000190734865
1971-10-18,12.800000190734865
1971-10-19,12.699999809265135
1971-10-20,12.699999809265135
1971-10-21,12.699999809265135
1971-10-22,12.600000381469727
1971-10-23,12.5
1971-10-24,12.300000190734865
1971-10-25,12.199999809265135
1971-10-26,11.699999809265135
1971-10-27,11.300000190734865
1971-10-28,11.199999809265137
1971-10-29,11.0
1971-10-30,10.600000381469727
1971-10-31,10.300000190734863
1971-11-01,10.100000381469727
1971-11-02,10.199999809265137
1971-11-03,10.300000190734863
1971-11-04,10.5
1971-11-05,10.699999809265137
1971-11-06,10.899999618530273
1971-11-07,11.100000381469727
1971-11-08,11.300000190734865
1971-11-09,11.100000381469727
1971-11-10,10.800000190734863
1971-11-11,10.5
1971-11-12,10.199999809265137
1971-11-13,10.100000381469727
1971-11-14,9.9399995803833
1971-11-15,9.800000190734863
1971-11-16,9.630000114440918
1971-11-17,9.539999961853027
1971-11-18,9.369999885559082
1971-11-19,9.289999961853027
1971-11-20,9.170000076293944
1971-11-21,9.0600004196167
1971-11-22,9.029999732971193
1971-11-23,8.829999923706055
1971-11-24,8.670000076293945
1971-11-25,8.520000457763674
1971-11-26,8.520000457763674
1971-11-27,8.520000457763674
1971-11-28,8.520000457763674
1971-11-29,8.520000457763674
1971-11-30,8.300000190734862
1971-12-01,8.010000228881836
1971-12-02,7.869999885559082
1971-12-03,7.760000228881836
1971-12-04,7.670000076293945
1971-12-05,7.5900001525878915
1971-12-06,7.5
1971-12-07,7.360000133514402
1971-12-08,7.28000020980835
1971-12-09,6.800000190734862
1971-12-10,6.289999961853027
1971-12-11,6.119999885559082
1971-12-12,6.289999961853027
1971-12-13,6.510000228881836
1971-12-14,6.710000038146973
1971-12-15,6.800000190734862
1971-12-16,6.849999904632568
1971-12-17,6.849999904632568
1971-12-18,6.989999771118164
1971-12-19,7.28000020980835
1971-12-20,7.309999942779541
1971-12-21,7.1599998474121085
1971-12-22,7.050000190734862
1971-12-23,7.019999980926514
1971-12-24,6.820000171661378
1971-12-25,6.769999980926514
1971-12-26,6.460000038146973
1971-12-27,6.260000228881836
1971-12-28,6.170000076293945
1971-12-29,6.510000228881836
1971-12-30,6.630000114440918
1971-12-31,6.710000038146973
1972-01-01,6.570000171661378
1972-01-02,6.480000019073486
1972-01-03,6.480000019073486
1972-01-04,6.4000000953674325
1972-01-05,6.230000019073486
1972-01-06,6.199999809265138
1972-01-07,6.429999828338622
1972-01-08,6.510000228881836
1972-01-09,6.510000228881836
1972-01-10,6.510000228881836
1972-01-11,6.460000038146973
1972-01-12,6.289999961853027
1972-01-13,5.860000133514402
1972-01-14,5.579999923706055
1972-01-15,5.380000114440918
1972-01-16,5.440000057220459
1972-01-17,5.78000020980835
1972-01-18,6.0
1972-01-19,5.889999866485598
1972-01-20,5.550000190734863
1972-01-21,5.380000114440918
1972-01-22,5.320000171661377
1972-01-23,5.71999979019165
1972-01-24,5.690000057220459
1972-01-25,5.610000133514403
1972-01-26,5.039999961853027
1972-01-27,4.760000228881836
1972-01-28,4.760000228881836
1972-01-29,4.929999828338623
1972-01-30,5.300000190734863
1972-01-31,5.380000114440918
1972-02-01,5.550000190734863
1972-02-02,5.71999979019165
1972-02-03,5.75
1972-02-04,5.75
1972-02-05,5.71999979019165
1972-02-06,5.75
1972-02-07,5.78000020980835
1972-02-08,5.920000076293945
1972-02-09,5.920000076293945
1972-02-10,5.920000076293945
1972-02-11,5.78000020980835
1972-02-12,5.610000133514403
1972-02-13,5.489999771118164
1972-02-14,5.210000038146973
1972-02-15,5.269999980926514
1972-02-16,5.320000171661377
1972-02-17,5.380000114440918
1972-02-18,5.579999923706055
1972-02-19,5.78000020980835
1972-02-20,6.090000152587892
1972-02-21,6.369999885559082
1972-02-22,6.369999885559082
1972-02-23,6.369999885559082
1972-02-24,6.139999866485598
1972-02-25,5.889999866485598
1972-02-26,5.949999809265138
1972-02-27,5.96999979019165
1972-02-28,5.78000020980835
1972-02-29,5.579999923706055
1972-03-01,5.690000057220459
1972-03-02,5.639999866485598
1972-03-03,5.579999923706055
1972-03-04,5.550000190734863
1972-03-05,5.519999980926514
1972-03-06,5.489999771118164
1972-03-07,5.440000057220459
1972-03-08,5.380000114440918
1972-03-09,5.889999866485598
1972-03-10,6.369999885559082
1972-03-11,6.739999771118164
1972-03-12,7.139999866485598
1972-03-13,7.5
1972-03-14,8.159999847412111
1972-03-15,8.779999732971191
1972-03-16,10.800000190734863
1972-03-17,10.300000190734863
1972-03-18,14.399999618530273
1972-03-19,16.100000381469727
1972-03-20,17.799999237060547
1972-03-21,19.5
1972-03-22,22.60000038146973
1972-03-23,25.60000038146973
1972-03-24,25.5
1972-03-25,25.399999618530284
1972-03-26,22.5
1972-03-27,19.5
1972-03-28,18.100000381469727
1972-03-29,16.700000762939453
1972-03-30,13.100000381469727
1972-03-31,9.539999961853027
1972-04-01,9.289999961853027
1972-04-02,9.029999732971193
1972-04-03,8.779999732971191
1972-04-04,8.520000457763674
1972-04-05,8.270000457763674
1972-04-06,8.010000228881836
1972-04-07,7.760000228881836
1972-04-08,7.8400001525878915
1972-04-09,7.929999828338622
1972-04-10,8.010000228881836
1972-04-11,8.100000381469728
1972-04-12,8.159999847412111
1972-04-13,8.409999847412111
1972-04-14,8.380000114440918
1972-04-15,8.350000381469728
1972-04-16,8.300000190734862
1972-04-17,8.270000457763674
1972-04-18,8.350000381469728
1972-04-19,8.409999847412111
1972-04-20,8.409999847412111
1972-04-21,8.409999847412111
1972-04-22,8.520000457763674
1972-04-23,8.670000076293945
1972-04-24,8.779999732971191
1972-04-25,8.859999656677246
1972-04-26,8.920000076293945
1972-04-27,11.600000381469727
1972-04-28,14.300000190734865
1972-04-29,14.600000381469727
1972-04-30,14.899999618530273
1972-05-01,15.100000381469727
1972-05-02,15.699999809265135
1972-05-03,16.299999237060547
1972-05-04,17.200000762939453
1972-05-05,18.100000381469727
1972-05-06,18.5
1972-05-07,19.100000381469727
1972-05-08,19.5
1972-05-09,21.5
1972-05-10,23.5
1972-05-11,45.9000015258789
1972-05-12,68.0
1972-05-13,70.80000305175781
1972-05-14,73.9000015258789
1972-05-15,85.0
1972-05-16,123.0
1972-05-17,123.0
1972-05-18,119.0
1972-05-19,118.0
1972-05-20,121.0
1972-05-21,125.0
1972-05-22,128.0
1972-05-23,131.0
1972-05-24,134.0
1972-05-25,124.0
1972-05-26,113.0
1972-05-27,111.0
1972-05-28,109.0
1972-05-29,107.0
1972-05-30,102.0
1972-05-31,96.5999984741211
1972-06-01,194.0
1972-06-02,292.0
1972-06-03,261.0
1972-06-04,261.0
1972-06-05,246.0
1972-06-06,232.0
1972-06-07,215.0
1972-06-08,207.0
1972-06-09,202.0
1972-06-10,210.0
1972-06-11,221.0
1972-06-12,227.0
1972-06-13,221.0
1972-06-14,204.0
1972-06-15,193.0
1972-06-16,178.0
1972-06-17,164.0
1972-06-18,150.0
1972-06-19,138.0
1972-06-20,135.0
1972-06-21,131.0
1972-06-22,122.0
1972-06-23,113.0
1972-06-24,111.0
1972-06-25,109.0
1972-06-26,107.0
1972-06-27,102.0
1972-06-28,96.8000030517578
1972-06-29,96.0
1972-06-30,94.9000015258789
1972-07-01,89.19999694824219
1972-07-02,83.30000305175781
1972-07-03,77.5999984741211
1972-07-04,68.19999694824219
1972-07-05,73.30000305175781
1972-07-06,73.30000305175781
1972-07-07,73.30000305175781
1972-07-08,71.5999984741211
1972-07-09,69.90000152587889
1972-07-10,68.19999694824219
1972-07-11,66.0
1972-07-12,65.09999847412111
1972-07-13,65.09999847412111
1972-07-14,65.09999847412111
1972-07-15,63.70000076293945
1972-07-16,62.0
1972-07-17,60.599998474121094
1972-07-18,70.80000305175781
1972-07-19,59.70000076293945
1972-07-20,62.29999923706055
1972-07-21,61.4000015258789
1972-07-22,62.9000015258789
1972-07-23,64.0
1972-07-24,65.40000152587889
1972-07-25,62.29999923706055
1972-07-26,64.30000305175781
1972-07-27,62.9000015258789
1972-07-28,63.70000076293945
1972-07-29,60.599998474121094
1972-07-30,57.20000076293945
1972-07-31,54.099998474121094
1972-08-01,54.9000015258789
1972-08-02,47.0
1972-08-03,56.9000015258789
1972-08-04,41.29999923706055
1972-08-05,41.099998474121094
1972-08-06,41.099998474121094
1972-08-07,40.79999923706055
1972-08-08,47.0
1972-08-09,40.20000076293945
1972-08-10,39.900001525878906
1972-08-11,39.599998474121094
1972-08-12,39.400001525878906
1972-08-13,38.79999923706055
1972-08-14,38.5
1972-08-15,37.400001525878906
1972-08-16,32.799999237060554
1972-08-17,32.299999237060554
1972-08-18,31.70000076293945
1972-08-19,30.60000038146973
1972-08-20,29.399999618530284
1972-08-21,28.29999923706055
1972-08-22,32.299999237060554
1972-08-23,27.20000076293945
1972-08-24,26.79999923706055
1972-08-25,26.5
1972-08-26,27.899999618530284
1972-08-27,29.20000076293945
1972-08-28,30.60000038146973
1972-08-29,30.0
1972-08-30,30.60000038146973
1972-08-31,30.29999923706055
1972-09-01,30.0
1972-09-02,30.0
1972-09-03,29.70000076293945
1972-09-04,29.70000076293945
1972-09-05,22.899999618530284
1972-09-06,22.60000038146973
1972-09-07,22.299999237060547
1972-09-08,22.100000381469727
1972-09-09,22.100000381469727
1972-09-10,22.100000381469727
1972-09-11,22.100000381469727
1972-09-12,23.10000038146973
1972-09-13,22.100000381469727
1972-09-14,21.899999618530284
1972-09-15,21.700000762939453
1972-09-16,20.700000762939453
1972-09-17,19.700000762939453
1972-09-18,18.700000762939453
1972-09-19,21.100000381469727
1972-09-20,20.600000381469727
1972-09-21,20.0
1972-09-22,19.5
1972-09-23,19.299999237060547
1972-09-24,19.0
1972-09-25,18.700000762939453
1972-09-26,18.799999237060547
1972-09-27,18.89999961853028
1972-09-28,18.700000762939453
1972-09-29,18.5
1972-09-30,18.5
1972-10-01,18.39999961853028
1972-10-02,18.299999237060547
1972-10-03,18.299999237060547
1972-10-04,18.299999237060547
1972-10-05,18.299999237060547
1972-10-06,17.799999237060547
1972-10-07,17.799999237060547
1972-10-08,17.799999237060547
1972-10-09,17.799999237060547
1972-10-10,17.600000381469727
1972-10-11,17.299999237060547
1972-10-12,17.700000762939453
1972-10-13,17.0
1972-10-14,17.0
1972-10-15,17.0
1972-10-16,17.0
1972-10-17,17.0
1972-10-18,16.700000762939453
1972-10-19,16.700000762939453
1972-10-20,16.700000762939453
1972-10-21,16.700000762939453
1972-10-22,16.700000762939453
1972-10-23,16.700000762939453
1972-10-24,16.299999237060547
1972-10-25,16.5
1972-10-26,16.5
1972-10-27,16.5
1972-10-28,16.100000381469727
1972-10-29,15.699999809265135
1972-10-30,15.300000190734865
1972-10-31,13.0
1972-11-01,14.399999618530273
1972-11-02,14.199999809265135
1972-11-03,13.899999618530273
1972-11-04,13.899999618530273
1972-11-05,13.800000190734865
1972-11-06,13.800000190734865
1972-11-07,13.300000190734865
1972-11-08,13.600000381469727
1972-11-09,13.600000381469727
1972-11-10,13.600000381469727
1972-11-11,13.399999618530273
1972-11-12,13.100000381469727
1972-11-13,12.899999618530273
1972-11-14,11.699999809265135
1972-11-15,12.199999809265135
1972-11-16,11.800000190734865
1972-11-17,11.5
1972-11-18,11.399999618530273
1972-11-19,11.199999809265137
1972-11-20,11.0
1972-11-21,10.800000190734863
1972-11-22,11.0
1972-11-23,11.0
1972-11-24,10.899999618530273
1972-11-25,10.899999618530273
1972-11-26,10.800000190734863
1972-11-27,10.800000190734863
1972-11-28,9.68000030517578
1972-11-29,10.600000381469727
1972-11-30,10.100000381469727
1972-12-01,9.630000114440918
1972-12-02,5.380000114440918
1972-12-03,4.789999961853027
1972-12-04,3.8199999332427983
1972-12-05,3.509999990463257
1972-12-06,3.4800000190734863
1972-12-07,3.4300000667572017
1972-12-08,3.4500000476837163
1972-12-09,3.5999999046325684
1972-12-10,7.5
1972-12-11,7.929999828338622
1972-12-12,8.439999580383299
1972-12-13,8.779999732971191
1972-12-14,9.260000228881836
1972-12-15,9.630000114440918
1972-12-16,10.100000381469727
1972-12-17,10.600000381469727
1972-12-18,10.800000190734863
1972-12-19,11.199999809265137
1972-12-20,11.600000381469727
1972-12-21,11.600000381469727
1972-12-22,11.0
1972-12-23,10.199999809265137
1972-12-24,9.34000015258789
1972-12-25,9.630000114440918
1972-12-26,9.90999984741211
1972-12-27,8.779999732971191
1972-12-28,8.779999732971191
1972-12-29,8.779999732971191
1972-12-30,8.779999732971191
1972-12-31,8.779999732971191
1973-01-01,8.779999732971191
1973-01-02,8.779999732971191
1973-01-03,8.720000267028809
1973-01-04,6.170000076293945
1973-01-05,5.099999904632568
1973-01-06,5.039999961853027
1973-01-07,4.900000095367432
1973-01-08,4.809999942779541
1973-01-09,4.760000228881836
1973-01-10,4.670000076293945
1973-01-11,5.610000133514403
1973-01-12,6.599999904632568
1973-01-13,7.650000095367432
1973-01-14,9.0600004196167
1973-01-15,10.800000190734863
1973-01-16,12.600000381469727
1973-01-17,15.300000190734865
1973-01-18,13.300000190734865
1973-01-19,11.899999618530273
1973-01-20,10.100000381469727
1973-01-21,8.779999732971191
1973-01-22,8.350000381469728
1973-01-23,7.929999828338622
1973-01-24,7.5
1973-01-25,7.21999979019165
1973-01-26,6.800000190734862
1973-01-27,6.510000228881836
1973-01-28,6.230000019073486
1973-01-29,5.949999809265138
1973-01-30,6.170000076293945
1973-01-31,6.369999885559082
1973-02-01,6.630000114440918
1973-02-02,6.940000057220459
1973-02-03,6.570000171661378
1973-02-04,6.170000076293945
1973-02-05,5.860000133514402
1973-02-06,5.610000133514403
1973-02-07,5.239999771118164
1973-02-08,4.960000038146973
1973-02-09,5.179999828338623
1973-02-10,5.550000190734863
1973-02-11,5.889999866485598
1973-02-12,6.230000019073486
1973-02-13,5.71999979019165
1973-02-14,5.380000114440918
1973-02-15,5.440000057220459
1973-02-16,5.610000133514403
1973-02-17,5.75
1973-02-18,5.75
1973-02-19,5.75
1973-02-20,5.75
1973-02-21,6.940000057220459
1973-02-22,6.710000038146973
1973-02-23,6.739999771118164
1973-02-24,6.769999980926514
1973-02-25,6.769999980926514
1973-02-26,6.800000190734862
1973-02-27,6.539999961853027
1973-02-28,6.570000171661378
1973-03-01,6.599999904632568
1973-03-02,6.630000114440918
1973-03-03,6.630000114440918
1973-03-04,6.6500000953674325
1973-03-05,6.679999828338622
1973-03-06,6.710000038146973
1973-03-07,6.6500000953674325
1973-03-08,6.630000114440918
1973-03-09,6.570000171661378
1973-03-10,6.510000228881836
1973-03-11,6.460000038146973
1973-03-12,6.429999828338622
1973-03-13,6.369999885559082
1973-03-14,6.170000076293945
1973-03-15,6.230000019073486
1973-03-16,6.369999885559082
1973-03-17,7.079999923706055
1973-03-18,7.360000133514402
1973-03-19,6.800000190734862
1973-03-20,6.289999961853027
1973-03-21,6.369999885559082
1973-03-22,6.480000019073486
1973-03-23,6.570000171661378
1973-03-24,6.679999828338622
1973-03-25,6.769999980926514
1973-03-26,6.880000114440918
1973-03-27,6.96999979019165
1973-03-28,7.019999980926514
1973-03-29,7.050000190734862
1973-03-30,7.110000133514402
1973-03-31,7.1599998474121085
1973-04-01,7.21999979019165
1973-04-02,7.25
1973-04-03,7.309999942779541
1973-04-04,7.21999979019165
1973-04-05,7.139999866485598
1973-04-06,7.050000190734862
1973-04-07,7.019999980926514
1973-04-08,7.019999980926514
1973-04-09,6.989999771118164
1973-04-10,6.96999979019165
1973-04-11,7.869999885559082
1973-04-12,8.779999732971191
1973-04-13,9.68000030517578
1973-04-14,10.600000381469727
1973-04-15,11.5
1973-04-16,12.399999618530273
1973-04-17,13.300000190734865
1973-04-18,10.899999618530273
1973-04-19,8.550000190734862
1973-04-20,8.689999580383299
1973-04-21,8.829999923706055
1973-04-22,8.949999809265137
1973-04-23,9.09000015258789
1973-04-24,9.229999542236328
1973-04-25,9.56999969482422
1973-04-26,9.90999984741211
1973-04-27,9.90999984741211
1973-04-28,9.90999984741211
1973-04-29,9.90999984741211
1973-04-30,9.90999984741211
1973-05-01,10.399999618530273
1973-05-02,10.800000190734863
1973-05-03,11.300000190734865
1973-05-04,11.699999809265135
1973-05-05,13.600000381469727
1973-05-06,15.399999618530273
1973-05-07,17.200000762939453
1973-05-08,19.0
1973-05-09,19.100000381469727
1973-05-10,19.200000762939453
1973-05-11,19.299999237060547
1973-05-12,19.39999961853028
1973-05-13,25.0
1973-05-14,30.60000038146973
1973-05-15,31.10000038146973
1973-05-16,48.70000076293945
1973-05-17,66.0
1973-05-18,82.0999984741211
1973-05-19,98.0
1973-05-20,90.5999984741211
1973-05-21,83.0
1973-05-22,75.5999984741211
1973-05-23,70.80000305175781
1973-05-24,66.0
1973-05-25,85.80000305175781
1973-05-26,94.3000030517578
1973-05-27,87.19999694824219
1973-05-28,80.4000015258789
1973-05-29,73.30000305175781
1973-05-30,84.69999694824219
1973-05-31,95.6999969482422
1973-06-01,101.0
1973-06-02,105.0
1973-06-03,98.3000030517578
1973-06-04,91.1999969482422
1973-06-05,84.4000015258789
1973-06-06,96.8000030517578
1973-06-07,109.0
1973-06-08,117.0
1973-06-09,124.0
1973-06-10,113.0
1973-06-11,103.0
1973-06-12,91.6999969482422
1973-06-13,86.4000015258789
1973-06-14,80.69999694824219
1973-06-15,83.80000305175781
1973-06-16,86.69999694824219
1973-06-17,80.69999694824219
1973-06-18,75.0
1973-06-19,69.09999847412111
1973-06-20,72.5
1973-06-21,75.9000015258789
1973-06-22,88.0999984741211
1973-06-23,100.0
1973-06-24,99.6999969482422
1973-06-25,99.0999984741211
1973-06-26,98.8000030517578
1973-06-27,92.3000030517578
1973-06-28,85.80000305175781
1973-06-29,80.4000015258789
1973-06-30,75.0
1973-07-01,69.40000152587889
1973-07-02,64.0
1973-07-03,58.599998474121094
1973-07-04,58.9000015258789
1973-07-05,58.9000015258789
1973-07-06,59.20000076293945
1973-07-07,59.20000076293945
1973-07-08,55.20000076293945
1973-07-09,51.0
1973-07-10,47.0
1973-07-11,47.599998474121094
1973-07-12,47.9000015258789
1973-07-13,44.5
1973-07-14,40.79999923706055
1973-07-15,40.5
1973-07-16,40.20000076293945
1973-07-17,39.900001525878906
1973-07-18,39.400001525878906
1973-07-19,38.5
1973-07-20,37.900001525878906
1973-07-21,37.099998474121094
1973-07-22,36.0
1973-07-23,34.5
1973-07-24,33.400001525878906
1973-07-25,32.0
1973-07-26,30.60000038146973
1973-07-27,29.20000076293945
1973-07-28,27.899999618530284
1973-07-29,27.29999923706055
1973-07-30,26.60000038146973
1973-07-31,26.10000038146973
1973-08-01,26.0
1973-08-02,25.899999618530284
1973-08-03,25.79999923706055
1973-08-04,25.70000076293945
1973-08-05,25.10000038146973
1973-08-06,24.60000038146973
1973-08-07,24.10000038146973
1973-08-08,23.79999923706055
1973-08-09,23.60000038146973
1973-08-10,23.29999923706055
1973-08-11,23.10000038146973
1973-08-12,22.70000076293945
1973-08-13,22.399999618530284
1973-08-14,22.100000381469727
1973-08-15,21.600000381469727
1973-08-16,21.100000381469727
1973-08-17,20.600000381469727
1973-08-18,20.0
1973-08-19,19.100000381469727
1973-08-20,18.200000762939453
1973-08-21,17.299999237060547
1973-08-22,17.100000381469727
1973-08-23,16.799999237060547
1973-08-24,16.600000381469727
1973-08-25,16.299999237060547
1973-08-26,16.0
1973-08-27,15.600000381469727
1973-08-28,15.300000190734865
1973-08-29,15.5
1973-08-30,15.699999809265135
1973-08-31,16.0
1973-09-01,16.200000762939453
1973-09-02,16.5
1973-09-03,16.700000762939453
1973-09-04,16.899999618530273
1973-09-05,17.100000381469727
1973-09-06,17.399999618530273
1973-09-07,17.600000381469727
1973-09-08,17.799999237060547
1973-09-09,17.600000381469727
1973-09-10,17.299999237060547
1973-09-11,17.0
1973-09-12,16.600000381469727
1973-09-13,16.100000381469727
1973-09-14,15.699999809265135
1973-09-15,15.199999809265135
1973-09-16,14.800000190734865
1973-09-17,14.399999618530273
1973-09-18,13.899999618530273
1973-09-19,13.300000190734865
1973-09-20,13.199999809265135
1973-09-21,13.100000381469727
1973-09-22,13.0
1973-09-23,12.899999618530273
1973-09-24,12.800000190734865
1973-09-25,12.699999809265135
1973-09-26,12.699999809265135
1973-09-27,12.699999809265135
1973-09-28,12.600000381469727
1973-09-29,12.600000381469727
1973-09-30,12.5
1973-10-01,12.5
1973-10-02,12.5
1973-10-03,12.300000190734865
1973-10-04,12.199999809265135
1973-10-05,12.100000381469727
1973-10-06,12.0
1973-10-07,11.800000190734865
1973-10-08,11.699999809265135
1973-10-09,11.600000381469727
1973-10-10,11.600000381469727
1973-10-11,11.5
1973-10-12,11.399999618530273
1973-10-13,11.300000190734865
1973-10-14,11.199999809265137
1973-10-15,11.100000381469727
1973-10-16,11.0
1973-10-17,11.0
1973-10-18,10.899999618530273
1973-10-19,10.800000190734863
1973-10-20,10.800000190734863
1973-10-21,10.699999809265137
1973-10-22,10.600000381469727
1973-10-23,10.600000381469727
1973-10-24,10.5
1973-10-25,10.399999618530273
1973-10-26,10.399999618530273
1973-10-27,10.300000190734863
1973-10-28,10.300000190734863
1973-10-29,10.199999809265137
1973-10-30,10.100000381469727
1973-10-31,10.100000381469727
1973-11-01,10.100000381469727
1973-11-02,10.100000381469727
1973-11-03,8.439999580383299
1973-11-04,7.699999809265138
1973-11-05,6.989999771118164
1973-11-06,6.429999828338622
1973-11-07,5.949999809265138
1973-11-08,5.949999809265138
1973-11-09,7.079999923706055
1973-11-10,9.199999809265137
1973-11-11,10.300000190734863
1973-11-12,11.199999809265137
1973-11-13,10.100000381469727
1973-11-14,10.0
1973-11-15,9.880000114440918
1973-11-16,9.739999771118164
1973-11-17,9.600000381469727
1973-11-18,9.489999771118164
1973-11-19,9.34000015258789
1973-11-20,9.199999809265137
1973-11-21,9.0600004196167
1973-11-22,8.920000076293945
1973-11-23,8.779999732971191
1973-11-24,8.640000343322754
1973-11-25,8.5
1973-11-26,8.350000381469728
1973-11-27,8.210000038146973
1973-11-28,8.5
1973-11-29,8.640000343322754
1973-11-30,8.069999694824219
1973-12-01,7.789999961853027
1973-12-02,7.670000076293945
1973-12-03,7.5900001525878915
1973-12-04,7.480000019073486
1973-12-05,7.559999942779541
1973-12-06,7.650000095367432
1973-12-07,7.730000019073486
1973-12-08,7.8400001525878915
1973-12-09,7.929999828338622
1973-12-10,8.010000228881836
1973-12-11,8.100000381469728
1973-12-12,8.039999961853027
1973-12-13,7.989999771118164
1973-12-14,7.900000095367432
1973-12-15,7.820000171661378
1973-12-16,7.730000019073486
1973-12-17,7.650000095367432
1973-12-18,7.619999885559082
1973-12-19,7.559999942779541
1973-12-20,7.53000020980835
1973-12-21,7.5
1973-12-22,7.449999809265138
1973-12-23,7.420000076293945
1973-12-24,7.389999866485598
1973-12-25,7.329999923706055
1973-12-26,7.309999942779541
1973-12-27,6.849999904632568
1973-12-28,6.170000076293945
1973-12-29,5.71999979019165
1973-12-30,4.840000152587892
1973-12-31,4.559999942779541
1974-01-01,4.360000133514403
1974-01-02,4.050000190734863
1974-01-03,3.7699999809265137
1974-01-04,3.4800000190734863
1974-01-05,3.369999885559082
1974-01-06,3.3399999141693115
1974-01-07,3.2300000190734863
1974-01-08,3.109999895095825
1974-01-09,3.0299999713897705
1974-01-10,2.940000057220459
1974-01-11,2.890000104904175
1974-01-12,2.799999952316284
1974-01-13,5.239999771118164
1974-01-14,9.0600004196167
1974-01-15,15.300000190734865
1974-01-16,27.20000076293945
1974-01-17,27.5
1974-01-18,24.899999618530284
1974-01-19,19.299999237060547
1974-01-20,15.600000381469727
1974-01-21,13.0
1974-01-22,8.350000381469728
1974-01-23,8.640000343322754
1974-01-24,8.609999656677246
1974-01-25,8.579999923706055
1974-01-26,8.159999847412111
1974-01-27,7.869999885559082
1974-01-28,7.5
1974-01-29,6.510000228881836
1974-01-30,5.519999980926514
1974-01-31,5.610000133514403
1974-02-01,5.6599998474121085
1974-02-02,5.78000020980835
1974-02-03,5.860000133514402
1974-02-04,5.6599998474121085
1974-02-05,5.550000190734863
1974-02-06,5.550000190734863
1974-02-07,5.519999980926514
1974-02-08,5.519999980926514
1974-02-09,5.519999980926514
1974-02-10,5.519999980926514
1974-02-11,5.489999771118164
1974-02-12,5.489999771118164
1974-02-13,5.46999979019165
1974-02-14,5.46999979019165
1974-02-15,5.440000057220459
1974-02-16,5.4099998474121085
1974-02-17,5.380000114440918
1974-02-18,5.380000114440918
1974-02-19,5.349999904632568
1974-02-20,5.349999904632568
1974-02-21,5.349999904632568
1974-02-22,5.349999904632568
1974-02-23,5.349999904632568
1974-02-24,5.349999904632568
1974-02-25,5.349999904632568
1974-02-26,5.349999904632568
1974-02-27,5.300000190734863
1974-02-28,5.210000038146973
1974-03-01,5.239999771118164
1974-03-02,5.210000038146973
1974-03-03,5.130000114440918
1974-03-04,5.150000095367432
1974-03-05,5.179999828338623
1974-03-06,5.099999904632568
1974-03-07,5.099999904632568
1974-03-08,5.039999961853027
1974-03-09,5.070000171661377
1974-03-10,5.039999961853027
1974-03-11,5.039999961853027
1974-03-12,5.039999961853027
1974-03-13,5.070000171661377
1974-03-14,5.130000114440918
1974-03-15,5.130000114440918
1974-03-16,5.179999828338623
1974-03-17,5.380000114440918
1974-03-18,5.4099998474121085
1974-03-19,5.269999980926514
1974-03-20,5.099999904632568
1974-03-21,5.210000038146973
1974-03-22,5.130000114440918
1974-03-23,5.039999961853027
1974-03-24,5.039999961853027
1974-03-25,5.130000114440918
1974-03-26,5.099999904632568
1974-03-27,5.150000095367432
1974-03-28,5.269999980926514
1974-03-29,5.440000057220459
1974-03-30,5.440000057220459
1974-03-31,5.440000057220459
1974-04-01,5.519999980926514
1974-04-02,5.489999771118164
1974-04-03,5.4099998474121085
1974-04-04,5.440000057220459
1974-04-05,5.489999771118164
1974-04-06,5.71999979019165
1974-04-07,5.96999979019165
1974-04-08,6.139999866485598
1974-04-09,6.4000000953674325
1974-04-10,6.599999904632568
1974-04-11,6.710000038146973
1974-04-12,7.1599998474121085
1974-04-13,7.1599998474121085
1974-04-14,7.139999866485598
1974-04-15,7.619999885559082
1974-04-16,8.180000305175781
1974-04-17,8.239999771118164
1974-04-18,8.829999923706055
1974-04-19,9.829999923706056
1974-04-20,10.899999618530273
1974-04-21,11.199999809265137
1974-04-22,11.699999809265135
1974-04-23,12.699999809265135
1974-04-24,14.899999618530273
1974-04-25,20.89999961853028
1974-04-26,36.79999923706055
1974-04-27,38.5
1974-04-28,37.099998474121094
1974-04-29,35.09999847412109
1974-04-30,34.5
1974-05-01,38.20000076293945
1974-05-02,38.5
1974-05-03,35.400001525878906
1974-05-04,34.0
1974-05-05,36.0
1974-05-06,45.9000015258789
1974-05-07,59.20000076293945
1974-05-08,72.5
1974-05-09,78.19999694824219
1974-05-10,73.30000305175781
1974-05-11,64.30000305175781
1974-05-12,59.70000076293945
1974-05-13,55.20000076293945
1974-05-14,51.79999923706055
1974-05-15,49.0
1974-05-16,46.20000076293945
1974-05-17,43.0
1974-05-18,40.79999923706055
1974-05-19,39.400001525878906
1974-05-20,37.400001525878906
1974-05-21,38.5
1974-05-22,40.20000076293945
1974-05-23,44.5
1974-05-24,51.5
1974-05-25,58.29999923706055
1974-05-26,77.9000015258789
1974-05-27,113.0
1974-05-28,117.0
1974-05-29,106.0
1974-05-30,92.0
1974-05-31,82.69999694824219
1974-06-01,76.69999694824219
1974-06-02,79.0
1974-06-03,99.0999984741211
1974-06-04,122.0
1974-06-05,127.0
1974-06-06,113.0
1974-06-07,105.0
1974-06-08,94.5999984741211
1974-06-09,85.19999694824219
1974-06-10,81.5999984741211
1974-06-11,85.80000305175781
1974-06-12,121.0
1974-06-13,195.0
1974-06-14,238.0
1974-06-15,264.0
1974-06-16,297.0
1974-06-17,314.0
1974-06-18,326.0
1974-06-19,309.0
1974-06-20,289.0
1974-06-21,278.0
1974-06-22,257.0
1974-06-23,254.0
1974-06-24,249.0
1974-06-25,246.0
1974-06-26,231.0
1974-06-27,205.0
1974-06-28,173.0
1974-06-29,147.0
1974-06-30,137.0
1974-07-01,128.0
1974-07-02,118.0
1974-07-03,109.0
1974-07-04,99.6999969482422
1974-07-05,97.4000015258789
1974-07-06,95.4000015258789
1974-07-07,93.1999969482422
1974-07-08,91.1999969482422
1974-07-09,88.9000015258789
1974-07-10,86.69999694824219
1974-07-11,84.69999694824219
1974-07-12,82.4000015258789
1974-07-13,80.4000015258789
1974-07-14,78.19999694824219
1974-07-15,75.9000015258789
1974-07-16,73.9000015258789
1974-07-17,71.5999984741211
1974-07-18,69.69999694824219
1974-07-19,67.40000152587889
1974-07-20,65.09999847412111
1974-07-21,63.099998474121094
1974-07-22,60.9000015258789
1974-07-23,58.9000015258789
1974-07-24,56.599998474121094
1974-07-25,55.79999923706055
1974-07-26,55.79999923706055
1974-07-27,52.099998474121094
1974-07-28,48.099998474121094
1974-07-29,47.599998474121094
1974-07-30,47.0
1974-07-31,46.70000076293945
1974-08-01,46.20000076293945
1974-08-02,45.599998474121094
1974-08-03,45.0
1974-08-04,43.29999923706055
1974-08-05,41.599998474121094
1974-08-06,40.20000076293945
1974-08-07,38.5
1974-08-08,36.79999923706055
1974-08-09,35.09999847412109
1974-08-10,34.5
1974-08-11,34.0
1974-08-12,33.400001525878906
1974-08-13,33.09999847412109
1974-08-14,32.59999847412109
1974-08-15,32.0
1974-08-16,31.399999618530284
1974-08-17,31.399999618530284
1974-08-18,31.399999618530284
1974-08-19,31.399999618530284
1974-08-20,31.399999618530284
1974-08-21,31.399999618530284
1974-08-22,31.399999618530284
1974-08-23,30.899999618530284
1974-08-24,30.60000038146973
1974-08-25,30.0
1974-08-26,29.399999618530284
1974-08-27,29.399999618530284
1974-08-28,29.20000076293945
1974-08-29,29.20000076293945
1974-08-30,28.29999923706055
1974-08-31,27.60000038146973
1974-09-01,26.79999923706055
1974-09-02,26.0
1974-09-03,25.20000076293945
1974-09-04,24.60000038146973
1974-09-05,24.0
1974-09-06,23.399999618530284
1974-09-07,22.79999923706055
1974-09-08,22.200000762939453
1974-09-09,21.600000381469727
1974-09-10,21.299999237060547
1974-09-11,21.0
1974-09-12,20.700000762939453
1974-09-13,20.39999961853028
1974-09-14,20.0
1974-09-15,19.700000762939453
1974-09-16,19.39999961853028
1974-09-17,18.600000381469727
1974-09-18,17.799999237060547
1974-09-19,17.600000381469727
1974-09-20,17.399999618530273
1974-09-21,17.100000381469727
1974-09-22,16.899999618530273
1974-09-23,16.700000762939453
1974-09-24,16.5
1974-09-25,16.299999237060547
1974-09-26,16.200000762939453
1974-09-27,16.100000381469727
1974-09-28,15.899999618530273
1974-09-29,15.800000190734865
1974-09-30,15.699999809265135
1974-10-01,15.300000190734865
1974-10-02,15.100000381469727
1974-10-03,14.899999618530273
1974-10-04,14.699999809265135
1974-10-05,14.399999618530273
1974-10-06,14.199999809265135
1974-10-07,14.100000381469727
1974-10-08,13.899999618530273
1974-10-09,13.600000381469727
1974-10-10,13.5
1974-10-11,13.300000190734865
1974-10-12,13.0
1974-10-13,12.899999618530273
1974-10-14,12.699999809265135
1974-10-15,12.5
1974-10-16,12.300000190734865
1974-10-17,12.0
1974-10-18,11.899999618530273
1974-10-19,11.800000190734865
1974-10-20,11.5
1974-10-21,11.399999618530273
1974-10-22,11.300000190734865
1974-10-23,11.199999809265137
1974-10-24,11.199999809265137
1974-10-25,11.100000381469727
1974-10-26,10.600000381469727
1974-10-27,10.100000381469727
1974-10-28,9.739999771118164
1974-10-29,9.630000114440918
1974-10-30,9.600000381469727
1974-10-31,9.56999969482422
1974-11-01,9.539999961853027
1974-11-02,9.489999771118164
1974-11-03,9.43000030517578
1974-11-04,9.399999618530273
1974-11-05,9.34000015258789
1974-11-06,9.489999771118164
1974-11-07,9.65999984741211
1974-11-08,9.65999984741211
1974-11-09,9.65999984741211
1974-11-10,9.460000038146973
1974-11-11,9.260000228881836
1974-11-12,9.029999732971193
1974-11-13,9.09000015258789
1974-11-14,9.029999732971193
1974-11-15,8.949999809265137
1974-11-16,8.720000267028809
1974-11-17,8.520000457763674
1974-11-18,8.439999580383299
1974-11-19,8.439999580383299
1974-11-20,8.409999847412111
1974-11-21,9.600000381469727
1974-11-22,10.5
1974-11-23,9.880000114440918
1974-11-24,9.510000228881836
1974-11-25,9.31999969482422
1974-11-26,8.920000076293945
1974-11-27,8.329999923706055
1974-11-28,7.8400001525878915
1974-11-29,7.420000076293945
1974-11-30,7.110000133514402
1974-12-01,7.139999866485598
1974-12-02,7.360000133514402
1974-12-03,7.480000019073486
1974-12-04,7.420000076293945
1974-12-05,7.420000076293945
1974-12-06,7.21999979019165
1974-12-07,7.21999979019165
1974-12-08,7.1599998474121085
1974-12-09,7.1599998474121085
1974-12-10,7.25
1974-12-11,7.28000020980835
1974-12-12,7.139999866485598
1974-12-13,7.019999980926514
1974-12-14,7.019999980926514
1974-12-15,6.849999904632568
1974-12-16,6.849999904632568
1974-12-17,6.880000114440918
1974-12-18,6.940000057220459
1974-12-19,7.019999980926514
1974-12-20,7.019999980926514
1974-12-21,7.019999980926514
1974-12-22,6.460000038146973
1974-12-23,6.289999961853027
1974-12-24,6.289999961853027
1974-12-25,6.309999942779541
1974-12-26,6.599999904632568
1974-12-27,6.710000038146973
1974-12-28,6.570000171661378
1974-12-29,6.289999961853027
1974-12-30,6.230000019073486
1974-12-31,6.230000019073486
1975-01-01,6.230000019073486
1975-01-02,6.230000019073486
1975-01-03,6.199999809265138
1975-01-04,6.230000019073486
1975-01-05,6.309999942779541
1975-01-06,6.340000152587892
1975-01-07,6.429999828338622
1975-01-08,6.710000038146973
1975-01-09,6.510000228881836
1975-01-10,6.170000076293945
1975-01-11,5.440000057220459
1975-01-12,4.46999979019165
1975-01-13,4.019999980926514
1975-01-14,4.25
1975-01-15,4.639999866485597
1975-01-16,5.099999904632568
1975-01-17,5.46999979019165
1975-01-18,5.4099998474121085
1975-01-19,5.610000133514403
1975-01-20,5.75
1975-01-21,6.059999942779541
1975-01-22,6.119999885559082
1975-01-23,6.090000152587892
1975-01-24,5.949999809265138
1975-01-25,5.96999979019165
1975-01-26,5.800000190734862
1975-01-27,5.440000057220459
1975-01-28,4.960000038146973
1975-01-29,4.590000152587892
1975-01-30,4.449999809265137
1975-01-31,4.300000190734863
1975-02-01,4.1599998474121085
1975-02-02,4.110000133514403
1975-02-03,4.110000133514403
1975-02-04,4.079999923706056
1975-02-05,4.079999923706056
1975-02-06,4.079999923706056
1975-02-07,4.079999923706056
1975-02-08,4.079999923706056
1975-02-09,4.050000190734863
1975-02-10,4.050000190734863
1975-02-11,4.079999923706056
1975-02-12,4.130000114440918
1975-02-13,4.079999923706056
1975-02-14,4.050000190734863
1975-02-15,4.110000133514403
1975-02-16,4.1599998474121085
1975-02-17,4.389999866485597
1975-02-18,4.670000076293945
1975-02-19,4.760000228881836
1975-02-20,4.789999961853027
1975-02-21,4.809999942779541
1975-02-22,4.809999942779541
1975-02-23,4.929999828338623
1975-02-24,5.010000228881836
1975-02-25,5.039999961853027
1975-02-26,4.960000038146973
1975-02-27,4.840000152587892
1975-02-28,4.809999942779541
1975-03-01,4.929999828338623
1975-03-02,5.179999828338623
1975-03-03,5.46999979019165
1975-03-04,5.6599998474121085
1975-03-05,5.75
1975-03-06,5.71999979019165
1975-03-07,5.440000057220459
1975-03-08,4.929999828338623
1975-03-09,4.840000152587892
1975-03-10,4.809999942779541
1975-03-11,4.789999961853027
1975-03-12,4.900000095367432
1975-03-13,4.869999885559082
1975-03-14,4.809999942779541
1975-03-15,4.670000076293945
1975-03-16,4.670000076293945
1975-03-17,4.699999809265137
1975-03-18,4.699999809265137
1975-03-19,4.5
1975-03-20,4.130000114440918
1975-03-21,4.019999980926514
1975-03-22,4.050000190734863
1975-03-23,4.050000190734863
1975-03-24,4.050000190734863
1975-03-25,3.9600000381469727
1975-03-26,4.300000190734863
1975-03-27,4.559999942779541
1975-03-28,4.53000020980835
1975-03-29,4.53000020980835
1975-03-30,4.46999979019165
1975-03-31,4.449999809265137
1975-04-01,4.449999809265137
1975-04-02,4.559999942779541
1975-04-03,4.53000020980835
1975-04-04,4.590000152587892
1975-04-05,4.46999979019165
1975-04-06,4.590000152587892
1975-04-07,4.559999942779541
1975-04-08,4.559999942779541
1975-04-09,4.53000020980835
1975-04-10,4.559999942779541
1975-04-11,4.670000076293945
1975-04-12,4.960000038146973
1975-04-13,5.610000133514403
1975-04-14,5.96999979019165
1975-04-15,6.0
1975-04-16,6.510000228881836
1975-04-17,7.110000133514402
1975-04-18,7.190000057220459
1975-04-19,7.619999885559082
1975-04-20,8.270000457763674
1975-04-21,8.350000381469728
1975-04-22,8.779999732971191
1975-04-23,9.0
1975-04-24,9.199999809265137
1975-04-25,9.739999771118164
1975-04-26,10.100000381469727
1975-04-27,13.0
1975-04-28,15.300000190734865
1975-04-29,15.699999809265135
1975-04-30,15.5
1975-05-01,14.600000381469727
1975-05-02,14.199999809265135
1975-05-03,14.5
1975-05-04,16.0
1975-05-05,17.0
1975-05-06,17.299999237060547
1975-05-07,18.100000381469727
1975-05-08,19.299999237060547
1975-05-09,22.299999237060547
1975-05-10,25.60000038146973
1975-05-11,29.399999618530284
1975-05-12,37.70000076293945
1975-05-13,46.70000076293945
1975-05-14,55.5
1975-05-15,65.69999694824219
1975-05-16,79.5999984741211
1975-05-17,84.4000015258789
1975-05-18,81.5999984741211
1975-05-19,75.30000305175781
1975-05-20,66.0
1975-05-21,58.0
1975-05-22,53.79999923706055
1975-05-23,53.5
1975-05-24,54.70000076293945
1975-05-25,53.20000076293945
1975-05-26,49.599998474121094
1975-05-27,47.29999923706055
1975-05-28,46.70000076293945
1975-05-29,51.79999923706055
1975-05-30,61.4000015258789
1975-05-31,74.19999694824219
1975-06-01,85.5
1975-06-02,100.0
1975-06-03,112.0
1975-06-04,119.0
1975-06-05,123.0
1975-06-06,127.0
1975-06-07,123.0
1975-06-08,113.0
1975-06-09,102.0
1975-06-10,94.9000015258789
1975-06-11,97.0999984741211
1975-06-12,103.0
1975-06-13,106.0
1975-06-14,110.0
1975-06-15,109.0
1975-06-16,114.0
1975-06-17,113.0
1975-06-18,106.0
1975-06-19,106.0
1975-06-20,127.0
1975-06-21,121.0
1975-06-22,121.0
1975-06-23,122.0
1975-06-24,121.0
1975-06-25,127.0
1975-06-26,127.0
1975-06-27,113.0
1975-06-28,95.4000015258789
1975-06-29,83.0
1975-06-30,72.80000305175781
1975-07-01,69.09999847412111
1975-07-02,71.4000015258789
1975-07-03,86.69999694824219
1975-07-04,103.0
1975-07-05,110.0
1975-07-06,109.0
1975-07-07,114.0
1975-07-08,128.0
1975-07-09,114.0
1975-07-10,104.0
1975-07-11,96.8000030517578
1975-07-12,91.5
1975-07-13,86.69999694824219
1975-07-14,83.0
1975-07-15,78.4000015258789
1975-07-16,71.0999984741211
1975-07-17,64.80000305175781
1975-07-18,58.599998474121094
1975-07-19,53.79999923706055
1975-07-20,49.79999923706055
1975-07-21,47.0
1975-07-22,45.29999923706055
1975-07-23,43.599998474121094
1975-07-24,41.099998474121094
1975-07-25,38.20000076293945
1975-07-26,37.70000076293945
1975-07-27,39.099998474121094
1975-07-28,38.79999923706055
1975-07-29,39.599998474121094
1975-07-30,43.0
1975-07-31,45.599998474121094
1975-08-01,45.29999923706055
1975-08-02,44.5
1975-08-03,43.599998474121094
1975-08-04,41.099998474121094
1975-08-05,38.20000076293945
1975-08-06,36.0
1975-08-07,34.299999237060554
1975-08-08,33.700000762939446
1975-08-09,33.09999847412109
1975-08-10,30.899999618530284
1975-08-11,29.20000076293945
1975-08-12,27.79999923706055
1975-08-13,26.60000038146973
1975-08-14,26.399999618530284
1975-08-15,26.10000038146973
1975-08-16,27.70000076293945
1975-08-17,30.29999923706055
1975-08-18,31.10000038146973
1975-08-19,30.899999618530284
1975-08-20,30.60000038146973
1975-08-21,29.20000076293945
1975-08-22,27.899999618530284
1975-08-23,28.0
1975-08-24,28.10000038146973
1975-08-25,27.399999618530284
1975-08-26,26.79999923706055
1975-08-27,25.899999618530284
1975-08-28,25.899999618530284
1975-08-29,27.60000038146973
1975-08-30,28.60000038146973
1975-08-31,28.899999618530284
1975-09-01,28.29999923706055
1975-09-02,27.0
1975-09-03,26.60000038146973
1975-09-04,25.70000076293945
1975-09-05,24.79999923706055
1975-09-06,23.79999923706055
1975-09-07,22.5
1975-09-08,22.100000381469727
1975-09-09,21.899999618530284
1975-09-10,21.39999961853028
1975-09-11,20.799999237060547
1975-09-12,20.200000762939453
1975-09-13,19.799999237060547
1975-09-14,19.200000762939453
1975-09-15,19.0
1975-09-16,19.200000762939453
1975-09-17,20.0
1975-09-18,20.200000762939453
1975-09-19,19.299999237060547
1975-09-20,18.600000381469727
1975-09-21,18.0
1975-09-22,17.200000762939453
1975-09-23,16.799999237060547
1975-09-24,16.200000762939453
1975-09-25,15.899999618530273
1975-09-26,15.800000190734865
1975-09-27,15.600000381469727
1975-09-28,15.100000381469727
1975-09-29,14.800000190734865
1975-09-30,14.600000381469727
1975-10-01,14.199999809265135
1975-10-02,14.100000381469727
1975-10-03,13.899999618530273
1975-10-04,14.600000381469727
1975-10-05,14.699999809265135
1975-10-06,15.100000381469727
1975-10-07,15.100000381469727
1975-10-08,14.399999618530273
1975-10-09,14.5
1975-10-10,14.399999618530273
1975-10-11,14.399999618530273
1975-10-12,14.399999618530273
1975-10-13,14.0
1975-10-14,13.800000190734865
1975-10-15,13.5
1975-10-16,13.199999809265135
1975-10-17,13.0
1975-10-18,12.899999618530273
1975-10-19,12.899999618530273
1975-10-20,13.100000381469727
1975-10-21,13.199999809265135
1975-10-22,13.100000381469727
1975-10-23,12.699999809265135
1975-10-24,12.300000190734865
1975-10-25,11.899999618530273
1975-10-26,11.899999618530273
1975-10-27,12.0
1975-10-28,11.899999618530273
1975-10-29,11.800000190734865
1975-10-30,11.800000190734865
1975-10-31,11.699999809265135
1975-11-01,11.699999809265135
1975-11-02,11.899999618530273
1975-11-03,11.699999809265135
1975-11-04,11.800000190734865
1975-11-05,12.100000381469727
1975-11-06,12.5
1975-11-07,12.5
1975-11-08,12.600000381469727
1975-11-09,12.699999809265135
1975-11-10,12.699999809265135
1975-11-11,12.199999809265135
1975-11-12,12.199999809265135
1975-11-13,11.899999618530273
1975-11-14,11.699999809265135
1975-11-15,11.699999809265135
1975-11-16,11.699999809265135
1975-11-17,11.600000381469727
1975-11-18,10.899999618530273
1975-11-19,9.31999969482422
1975-11-20,8.779999732971191
1975-11-21,7.730000019073486
1975-11-22,7.989999771118164
1975-11-23,8.550000190734862
1975-11-24,8.579999923706055
1975-11-25,8.550000190734862
1975-11-26,8.609999656677246
1975-11-27,8.670000076293945
1975-11-28,8.949999809265137
1975-11-29,8.890000343322754
1975-11-30,8.890000343322754
1975-12-01,8.890000343322754
1975-12-02,8.439999580383299
1975-12-03,10.600000381469727
1975-12-04,14.5
1975-12-05,12.5
1975-12-06,10.5
1975-12-07,9.56999969482422
1975-12-08,9.460000038146973
1975-12-09,10.800000190734863
1975-12-10,11.800000190734865
1975-12-11,11.100000381469727
1975-12-12,10.399999618530273
1975-12-13,9.770000457763672
1975-12-14,9.199999809265137
1975-12-15,8.829999923706055
1975-12-16,8.5
1975-12-17,8.350000381469728
1975-12-18,9.0600004196167
1975-12-19,9.770000457763672
1975-12-20,9.90999984741211
1975-12-21,9.630000114440918
1975-12-22,9.0
1975-12-23,8.8100004196167
1975-12-24,9.0600004196167
1975-12-25,9.56999969482422
1975-12-26,9.56999969482422
1975-12-27,9.09000015258789
1975-12-28,9.260000228881836
1975-12-29,8.779999732971191
1975-12-30,9.0600004196167
1975-12-31,9.09000015258789
1976-01-01,7.960000038146973
1976-01-02,7.869999885559082
1976-01-03,8.920000076293945
1976-01-04,8.579999923706055
1976-01-05,9.229999542236328
1976-01-06,7.360000133514402
1976-01-07,6.679999828338622
1976-01-08,7.389999866485598
1976-01-09,7.869999885559082
1976-01-10,8.300000190734862
1976-01-11,7.8400001525878915
1976-01-12,7.960000038146973
1976-01-13,7.420000076293945
1976-01-14,7.25
1976-01-15,7.5
1976-01-16,8.300000190734862
1976-01-17,9.149999618530273
1976-01-18,9.68000030517578
1976-01-19,8.829999923706055
1976-01-20,8.159999847412111
1976-01-21,7.820000171661378
1976-01-22,7.5
1976-01-23,7.900000095367432
1976-01-24,7.050000190734862
1976-01-25,6.460000038146973
1976-01-26,6.539999961853027
1976-01-27,6.739999771118164
1976-01-28,6.800000190734862
1976-01-29,6.880000114440918
1976-01-30,6.820000171661378
1976-01-31,6.739999771118164
1976-02-01,6.739999771118164
1976-02-02,6.710000038146973
1976-02-03,6.599999904632568
1976-02-04,5.889999866485598
1976-02-05,5.78000020980835
1976-02-06,6.199999809265138
1976-02-07,6.510000228881836
1976-02-08,6.630000114440918
1976-02-09,6.630000114440918
1976-02-10,6.309999942779541
1976-02-11,6.260000228881836
1976-02-12,6.309999942779541
1976-02-13,6.340000152587892
1976-02-14,6.260000228881836
1976-02-15,6.199999809265138
1976-02-16,6.199999809265138
1976-02-17,6.170000076293945
1976-02-18,6.119999885559082
1976-02-19,6.03000020980835
1976-02-20,6.0
1976-02-21,5.75
1976-02-22,5.6599998474121085
1976-02-23,5.690000057220459
1976-02-24,5.889999866485598
1976-02-25,5.860000133514402
1976-02-26,5.75
1976-02-27,5.6599998474121085
1976-02-28,4.980000019073486
1976-02-29,4.869999885559082
1976-03-01,4.960000038146973
1976-03-02,5.300000190734863
1976-03-03,5.150000095367432
1976-03-04,5.130000114440918
1976-03-05,5.46999979019165
1976-03-06,5.639999866485598
1976-03-07,5.489999771118164
1976-03-08,5.380000114440918
1976-03-09,5.440000057220459
1976-03-10,5.380000114440918
1976-03-11,5.239999771118164
1976-03-12,5.380000114440918
1976-03-13,5.440000057220459
1976-03-14,5.4099998474121085
1976-03-15,5.4099998474121085
1976-03-16,5.320000171661377
1976-03-17,5.75
1976-03-18,5.75
1976-03-19,5.71999979019165
1976-03-20,5.71999979019165
1976-03-21,5.71999979019165
1976-03-22,5.75
1976-03-23,5.639999866485598
1976-03-24,5.78000020980835
1976-03-25,5.829999923706055
1976-03-26,5.889999866485598
1976-03-27,5.860000133514402
1976-03-28,6.0
1976-03-29,6.0
1976-03-30,6.119999885559082
1976-03-31,6.199999809265138
1976-04-01,6.289999961853027
1976-04-02,6.340000152587892
1976-04-03,6.739999771118164
1976-04-04,7.079999923706055
1976-04-05,7.650000095367432
1976-04-06,9.710000038146973
1976-04-07,11.199999809265137
1976-04-08,12.699999809265135
1976-04-09,15.399999618530273
1976-04-10,18.0
1976-04-11,21.100000381469727
1976-04-12,26.399999618530284
1976-04-13,29.70000076293945
1976-04-14,29.70000076293945
1976-04-15,26.70000076293945
1976-04-16,24.0
1976-04-17,21.799999237060547
1976-04-18,20.299999237060547
1976-04-19,18.89999961853028
1976-04-20,17.799999237060547
1976-04-21,17.200000762939453
1976-04-22,16.299999237060547
1976-04-23,15.899999618530273
1976-04-24,15.5
1976-04-25,15.899999618530273
1976-04-26,15.600000381469727
1976-04-27,14.800000190734865
1976-04-28,14.800000190734865
1976-04-29,14.399999618530273
1976-04-30,14.600000381469727
1976-05-01,16.299999237060547
1976-05-02,21.700000762939453
1976-05-03,34.0
1976-05-04,48.4000015258789
1976-05-05,60.599998474121094
1976-05-06,67.40000152587889
1976-05-07,69.09999847412111
1976-05-08,81.0
1976-05-09,94.3000030517578
1976-05-10,103.0
1976-05-11,120.0
1976-05-12,110.0
1976-05-13,101.0
1976-05-14,111.0
1976-05-15,107.0
1976-05-16,97.4000015258789
1976-05-17,95.6999969482422
1976-05-18,91.6999969482422
1976-05-19,86.69999694824219
1976-05-20,89.19999694824219
1976-05-21,90.3000030517578
1976-05-22,83.30000305175781
1976-05-23,81.80000305175781
1976-05-24,90.3000030517578
1976-05-25,94.9000015258789
1976-05-26,90.5999984741211
1976-05-27,84.4000015258789
1976-05-28,93.6999969482422
1976-05-29,100.0
1976-05-30,93.6999969482422
1976-05-31,85.19999694824219
1976-06-01,76.5
1976-06-02,70.5
1976-06-03,66.0
1976-06-04,61.70000076293945
1976-06-05,58.0
1976-06-06,52.099998474121094
1976-06-07,52.4000015258789
1976-06-08,56.9000015258789
1976-06-09,58.9000015258789
1976-06-10,69.69999694824219
1976-06-11,72.80000305175781
1976-06-12,73.0999984741211
1976-06-13,71.5999984741211
1976-06-14,67.09999847412111
1976-06-15,62.599998474121094
1976-06-16,61.4000015258789
1976-06-17,64.0
1976-06-18,65.69999694824219
1976-06-19,72.19999694824219
1976-06-20,80.69999694824219
1976-06-21,84.4000015258789
1976-06-22,79.9000015258789
1976-06-23,75.5999984741211
1976-06-24,74.80000305175781
1976-06-25,72.5
1976-06-26,66.80000305175781
1976-06-27,60.599998474121094
1976-06-28,56.9000015258789
1976-06-29,58.0
1976-06-30,67.40000152587889
1976-07-01,81.0
1976-07-02,83.30000305175781
1976-07-03,74.5
1976-07-04,68.0
1976-07-05,67.09999847412111
1976-07-06,66.80000305175781
1976-07-07,65.40000152587889
1976-07-08,67.40000152587889
1976-07-09,67.40000152587889
1976-07-10,64.59999847412111
1976-07-11,61.4000015258789
1976-07-12,61.20000076293945
1976-07-13,62.0
1976-07-14,62.0
1976-07-15,60.0
1976-07-16,56.9000015258789
1976-07-17,54.70000076293945
1976-07-18,53.79999923706055
1976-07-19,53.79999923706055
1976-07-20,52.4000015258789
1976-07-21,49.79999923706055
1976-07-22,47.599998474121094
1976-07-23,46.70000076293945
1976-07-24,42.20000076293945
1976-07-25,34.0
1976-07-26,32.299999237060554
1976-07-27,31.399999618530284
1976-07-28,30.29999923706055
1976-07-29,30.0
1976-07-30,30.0
1976-07-31,31.10000038146973
1976-08-01,29.399999618530284
1976-08-02,29.20000076293945
1976-08-03,30.29999923706055
1976-08-04,29.399999618530284
1976-08-05,34.0
1976-08-06,71.0999984741211
1976-08-07,62.599998474121094
1976-08-08,58.599998474121094
1976-08-09,85.19999694824219
1976-08-10,72.19999694824219
1976-08-11,63.099998474121094
1976-08-12,50.70000076293945
1976-08-13,56.599998474121094
1976-08-14,53.0
1976-08-15,52.4000015258789
1976-08-16,54.099998474121094
1976-08-17,57.20000076293945
1976-08-18,55.20000076293945
1976-08-19,51.29999923706055
1976-08-20,49.0
1976-08-21,45.9000015258789
1976-08-22,43.0
1976-08-23,40.79999923706055
1976-08-24,39.599998474121094
1976-08-25,39.099998474121094
1976-08-26,38.79999923706055
1976-08-27,38.5
1976-08-28,36.20000076293945
1976-08-29,33.700000762939446
1976-08-30,31.70000076293945
1976-08-31,30.0
1976-09-01,28.60000038146973
1976-09-02,27.899999618530284
1976-09-03,29.399999618530284
1976-09-04,28.899999618530284
1976-09-05,27.399999618530284
1976-09-06,26.29999923706055
1976-09-07,27.399999618530284
1976-09-08,28.10000038146973
1976-09-09,27.20000076293945
1976-09-10,26.10000038146973
1976-09-11,25.70000076293945
1976-09-12,26.0
1976-09-13,27.5
1976-09-14,28.29999923706055
1976-09-15,27.60000038146973
1976-09-16,26.10000038146973
1976-09-17,25.10000038146973
1976-09-18,24.70000076293945
1976-09-19,24.5
1976-09-20,23.79999923706055
1976-09-21,22.899999618530284
1976-09-22,22.299999237060547
1976-09-23,21.700000762939453
1976-09-24,21.39999961853028
1976-09-25,21.200000762939453
1976-09-26,20.89999961853028
1976-09-27,20.299999237060547
1976-09-28,19.89999961853028
1976-09-29,19.5
1976-09-30,18.89999961853028
1976-10-01,18.39999961853028
1976-10-02,18.299999237060547
1976-10-03,18.5
1976-10-04,18.600000381469727
1976-10-05,18.299999237060547
1976-10-06,17.700000762939453
1976-10-07,17.600000381469727
1976-10-08,17.5
1976-10-09,16.5
1976-10-10,15.899999618530273
1976-10-11,15.300000190734865
1976-10-12,15.0
1976-10-13,14.600000381469727
1976-10-14,14.300000190734865
1976-10-15,14.399999618530273
1976-10-16,14.199999809265135
1976-10-17,14.0
1976-10-18,13.800000190734865
1976-10-19,13.600000381469727
1976-10-20,13.399999618530273
1976-10-21,13.199999809265135
1976-10-22,12.899999618530273
1976-10-23,12.5
1976-10-24,12.0
1976-10-25,11.899999618530273
1976-10-26,11.800000190734865
1976-10-27,11.600000381469727
1976-10-28,11.399999618530273
1976-10-29,11.199999809265137
1976-10-30,10.800000190734863
1976-10-31,11.0
1976-11-01,11.100000381469727
1976-11-02,11.100000381469727
1976-11-03,10.699999809265137
1976-11-04,10.600000381469727
1976-11-05,10.399999618530273
1976-11-06,10.600000381469727
1976-11-07,10.399999618530273
1976-11-08,10.399999618530273
1976-11-09,10.100000381469727
1976-11-10,10.199999809265137
1976-11-11,9.829999923706056
1976-11-12,9.260000228881836
1976-11-13,8.439999580383299
1976-11-14,7.5
1976-11-15,7.820000171661378
1976-11-16,8.609999656677246
1976-11-17,9.260000228881836
1976-11-18,8.829999923706055
1976-11-19,8.579999923706055
1976-11-20,7.900000095367432
1976-11-21,7.21999979019165
1976-11-22,7.989999771118164
1976-11-23,8.180000305175781
1976-11-24,8.329999923706055
1976-11-25,8.550000190734862
1976-11-26,7.900000095367432
1976-11-27,6.9099998474121085
1976-11-28,6.6500000953674325
1976-11-29,6.9099998474121085
1976-11-30,7.449999809265138
1976-12-01,7.449999809265138
1976-12-02,7.480000019073486
1976-12-03,7.699999809265138
1976-12-04,7.8400001525878915
1976-12-05,7.619999885559082
1976-12-06,7.420000076293945
1976-12-07,7.139999866485598
1976-12-08,7.760000228881836
1976-12-09,7.619999885559082
1976-12-10,7.480000019073486
1976-12-11,7.420000076293945
1976-12-12,7.139999866485598
1976-12-13,7.1599998474121085
1976-12-14,6.849999904632568
1976-12-15,6.9099998474121085
1976-12-16,7.699999809265138
1976-12-17,8.180000305175781
1976-12-18,8.039999961853027
1976-12-19,8.010000228881836
1976-12-20,8.010000228881836
1976-12-21,7.360000133514402
1976-12-22,6.6500000953674325
1976-12-23,6.880000114440918
1976-12-24,7.360000133514402
1976-12-25,7.019999980926514
1976-12-26,7.050000190734862
1976-12-27,7.110000133514402
1976-12-28,6.309999942779541
1976-12-29,5.78000020980835
1976-12-30,5.269999980926514
1976-12-31,4.869999885559082
1977-01-01,4.590000152587892
1977-01-02,4.389999866485597
1977-01-03,4.619999885559082
1977-01-04,4.730000019073486
1977-01-05,4.300000190734863
1977-01-06,4.670000076293945
1977-01-07,5.070000171661377
1977-01-08,4.869999885559082
1977-01-09,5.039999961853027
1977-01-10,5.320000171661377
1977-01-11,5.579999923706055
1977-01-12,5.800000190734862
1977-01-13,6.139999866485598
1977-01-14,6.429999828338622
1977-01-15,6.510000228881836
1977-01-16,6.940000057220459
1977-01-17,7.139999866485598
1977-01-18,8.350000381469728
1977-01-19,6.460000038146973
1977-01-20,6.289999961853027
1977-01-21,6.199999809265138
1977-01-22,6.199999809265138
1977-01-23,6.139999866485598
1977-01-24,6.0
1977-01-25,6.170000076293945
1977-01-26,6.199999809265138
1977-01-27,6.139999866485598
1977-01-28,6.170000076293945
1977-01-29,6.139999866485598
1977-01-30,6.139999866485598
1977-01-31,5.75
1977-02-01,5.6599998474121085
1977-02-02,5.800000190734862
1977-02-03,5.829999923706055
1977-02-04,5.800000190734862
1977-02-05,5.800000190734862
1977-02-06,5.800000190734862
1977-02-07,5.860000133514402
1977-02-08,5.889999866485598
1977-02-09,5.860000133514402
1977-02-10,5.829999923706055
1977-02-11,5.920000076293945
1977-02-12,5.920000076293945
1977-02-13,5.96999979019165
1977-02-14,5.949999809265138
1977-02-15,5.96999979019165
1977-02-16,5.949999809265138
1977-02-17,5.949999809265138
1977-02-18,5.96999979019165
1977-02-19,5.860000133514402
1977-02-20,5.920000076293945
1977-02-21,5.949999809265138
1977-02-22,6.0
1977-02-23,6.0
1977-02-24,5.920000076293945
1977-02-25,5.800000190734862
1977-02-26,5.829999923706055
1977-02-27,5.78000020980835
1977-02-28,5.639999866485598
1977-03-01,5.71999979019165
1977-03-02,5.639999866485598
1977-03-03,5.579999923706055
1977-03-04,5.4099998474121085
1977-03-05,5.519999980926514
1977-03-06,5.579999923706055
1977-03-07,5.690000057220459
1977-03-08,5.71999979019165
1977-03-09,5.71999979019165
1977-03-10,5.71999979019165
1977-03-11,5.550000190734863
1977-03-12,5.550000190734863
1977-03-13,5.6599998474121085
1977-03-14,5.639999866485598
1977-03-15,5.639999866485598
1977-03-16,5.639999866485598
1977-03-17,5.489999771118164
1977-03-18,5.489999771118164
1977-03-19,5.489999771118164
1977-03-20,5.300000190734863
1977-03-21,5.380000114440918
1977-03-22,5.46999979019165
1977-03-23,5.4099998474121085
1977-03-24,5.4099998474121085
1977-03-25,5.440000057220459
1977-03-26,5.440000057220459
1977-03-27,5.440000057220459
1977-03-28,5.349999904632568
1977-03-29,5.349999904632568
1977-03-30,5.269999980926514
1977-03-31,5.4099998474121085
1977-04-01,5.4099998474121085
1977-04-02,5.320000171661377
1977-04-03,5.380000114440918
1977-04-04,5.519999980926514
1977-04-05,5.920000076293945
1977-04-06,6.119999885559082
1977-04-07,6.480000019073486
1977-04-08,6.849999904632568
1977-04-09,7.650000095367432
1977-04-10,8.329999923706055
1977-04-11,7.989999771118164
1977-04-12,7.989999771118164
1977-04-13,8.210000038146973
1977-04-14,8.130000114440918
1977-04-15,7.989999771118164
1977-04-16,8.100000381469728
1977-04-17,7.960000038146973
1977-04-18,8.010000228881836
1977-04-19,8.130000114440918
1977-04-20,7.820000171661378
1977-04-21,7.699999809265138
1977-04-22,7.730000019073486
1977-04-23,7.730000019073486
1977-04-24,9.0600004196167
1977-04-25,11.0
1977-04-26,16.5
1977-04-27,21.700000762939453
1977-04-28,23.0
1977-04-29,24.10000038146973
1977-04-30,25.399999618530284
1977-05-01,27.10000038146973
1977-05-02,30.0
1977-05-03,31.399999618530284
1977-05-04,31.10000038146973
1977-05-05,29.70000076293945
1977-05-06,27.899999618530284
1977-05-07,25.899999618530284
1977-05-08,25.70000076293945
1977-05-09,27.899999618530284
1977-05-10,35.70000076293945
1977-05-11,51.79999923706055
1977-05-12,54.4000015258789
1977-05-13,48.099998474121094
1977-05-14,43.599998474121094
1977-05-15,42.5
1977-05-16,40.79999923706055
1977-05-17,37.900001525878906
1977-05-18,35.70000076293945
1977-05-19,33.700000762939446
1977-05-20,31.10000038146973
1977-05-21,30.60000038146973
1977-05-22,30.0
1977-05-23,31.70000076293945
1977-05-24,37.400001525878906
1977-05-25,40.20000076293945
1977-05-26,42.5
1977-05-27,42.5
1977-05-28,41.599998474121094
1977-05-29,39.099998474121094
1977-05-30,36.0
1977-05-31,33.400001525878906
1977-06-01,35.400001525878906
1977-06-02,49.29999923706055
1977-06-03,52.099998474121094
1977-06-04,47.0
1977-06-05,44.20000076293945
1977-06-06,46.70000076293945
1977-06-07,56.4000015258789
1977-06-08,69.69999694824219
1977-06-09,72.19999694824219
1977-06-10,64.30000305175781
1977-06-11,58.0
1977-06-12,52.4000015258789
1977-06-13,50.4000015258789
1977-06-14,49.599998474121094
1977-06-15,48.4000015258789
1977-06-16,50.099998474121094
1977-06-17,52.4000015258789
1977-06-18,51.0
1977-06-19,48.70000076293945
1977-06-20,47.0
1977-06-21,45.9000015258789
1977-06-22,43.900001525878906
1977-06-23,43.0
1977-06-24,40.79999923706055
1977-06-25,38.5
1977-06-26,37.900001525878906
1977-06-27,36.79999923706055
1977-06-28,35.09999847412109
1977-06-29,32.59999847412109
1977-06-30,30.60000038146973
1977-07-01,28.60000038146973
1977-07-02,27.79999923706055
1977-07-03,27.20000076293945
1977-07-04,26.29999923706055
1977-07-05,25.5
1977-07-06,23.10000038146973
1977-07-07,21.899999618530284
1977-07-08,20.39999961853028
1977-07-09,19.5
1977-07-10,19.5
1977-07-11,19.700000762939453
1977-07-12,19.700000762939453
1977-07-13,19.700000762939453
1977-07-14,19.89999961853028
1977-07-15,19.5
1977-07-16,19.299999237060547
1977-07-17,19.100000381469727
1977-07-18,19.200000762939453
1977-07-19,21.200000762939453
1977-07-20,21.5
1977-07-21,19.799999237060547
1977-07-22,18.5
1977-07-23,17.799999237060547
1977-07-24,17.600000381469727
1977-07-25,18.0
1977-07-26,19.600000381469727
1977-07-27,20.299999237060547
1977-07-28,19.700000762939453
1977-07-29,19.5
1977-07-30,20.0
1977-07-31,19.299999237060547
1977-08-01,18.100000381469727
1977-08-02,17.700000762939453
1977-08-03,18.0
1977-08-04,19.0
1977-08-05,19.100000381469727
1977-08-06,18.200000762939453
1977-08-07,19.39999961853028
1977-08-08,21.5
1977-08-09,21.700000762939453
1977-08-10,20.700000762939453
1977-08-11,19.700000762939453
1977-08-12,18.799999237060547
1977-08-13,20.799999237060547
1977-08-14,24.899999618530284
1977-08-15,28.29999923706055
1977-08-16,28.29999923706055
1977-08-17,25.5
1977-08-18,23.399999618530284
1977-08-19,22.5
1977-08-20,23.10000038146973
1977-08-21,22.70000076293945
1977-08-22,25.0
1977-08-23,26.20000076293945
1977-08-24,27.20000076293945
1977-08-25,27.60000038146973
1977-08-26,28.899999618530284
1977-08-27,28.60000038146973
1977-08-28,27.29999923706055
1977-08-29,26.10000038146973
1977-08-30,26.10000038146973
1977-08-31,25.60000038146973
1977-09-01,24.79999923706055
1977-09-02,24.0
1977-09-03,22.899999618530284
1977-09-04,22.5
1977-09-05,23.60000038146973
1977-09-06,23.70000076293945
1977-09-07,23.60000038146973
1977-09-08,23.20000076293945
1977-09-09,22.60000038146973
1977-09-10,21.299999237060547
1977-09-11,19.89999961853028
1977-09-12,18.799999237060547
1977-09-13,18.299999237060547
1977-09-14,17.399999618530273
1977-09-15,17.299999237060547
1977-09-16,18.0
1977-09-17,18.100000381469727
1977-09-18,17.799999237060547
1977-09-19,17.100000381469727
1977-09-20,16.899999618530273
1977-09-21,17.200000762939453
1977-09-22,17.0
1977-09-23,16.799999237060547
1977-09-24,16.600000381469727
1977-09-25,16.700000762939453
1977-09-26,16.5
1977-09-27,15.800000190734865
1977-09-28,15.300000190734865
1977-09-29,15.199999809265135
1977-09-30,15.0
1977-10-01,14.5
1977-10-02,14.199999809265135
1977-10-03,13.800000190734865
1977-10-04,13.300000190734865
1977-10-05,13.0
1977-10-06,13.0
1977-10-07,13.0
1977-10-08,12.899999618530273
1977-10-09,12.699999809265135
1977-10-10,12.399999618530273
1977-10-11,12.199999809265135
1977-10-12,12.0
1977-10-13,11.699999809265135
1977-10-14,11.5
1977-10-15,11.399999618530273
1977-10-16,11.199999809265137
1977-10-17,11.0
1977-10-18,10.800000190734863
1977-10-19,10.5
1977-10-20,10.300000190734863
1977-10-21,10.199999809265137
1977-10-22,9.90999984741211
1977-10-23,9.68000030517578
1977-10-24,9.65999984741211
1977-10-25,9.829999923706056
1977-10-26,9.90999984741211
1977-10-27,9.56999969482422
1977-10-28,9.399999618530273
1977-10-29,9.56999969482422
1977-10-30,9.739999771118164
1977-10-31,9.630000114440918
1977-11-01,9.600000381469727
1977-11-02,9.880000114440918
1977-11-03,9.739999771118164
1977-11-04,9.029999732971193
1977-11-05,8.640000343322754
1977-11-06,8.640000343322754
1977-11-07,8.520000457763674
1977-11-08,7.420000076293945
1977-11-09,6.880000114440918
1977-11-10,7.619999885559082
1977-11-11,7.670000076293945
1977-11-12,7.449999809265138
1977-11-13,7.699999809265138
1977-11-14,7.619999885559082
1977-11-15,7.650000095367432
1977-11-16,7.559999942779541
1977-11-17,7.420000076293945
1977-11-18,7.190000057220459
1977-11-19,6.369999885559082
1977-11-20,4.760000228881836
1977-11-21,3.8199999332427983
1977-11-22,3.8199999332427983
1977-11-23,3.7899999618530273
1977-11-24,3.9600000381469727
1977-11-25,4.300000190734863
1977-11-26,4.699999809265137
1977-11-27,5.070000171661377
1977-11-28,6.170000076293945
1977-11-29,5.96999979019165
1977-11-30,5.920000076293945
1977-12-01,6.119999885559082
1977-12-02,6.0
1977-12-03,6.059999942779541
1977-12-04,5.96999979019165
1977-12-05,6.260000228881836
1977-12-06,6.170000076293945
1977-12-07,5.800000190734862
1977-12-08,5.380000114440918
1977-12-09,5.179999828338623
1977-12-10,5.039999961853027
1977-12-11,5.150000095367432
1977-12-12,5.610000133514403
1977-12-13,6.0
1977-12-14,6.480000019073486
1977-12-15,6.289999961853027
1977-12-16,6.340000152587892
1977-12-17,6.480000019073486
1977-12-18,6.309999942779541
1977-12-19,6.199999809265138
1977-12-20,5.920000076293945
1977-12-21,5.71999979019165
1977-12-22,5.610000133514403
1977-12-23,5.320000171661377
1977-12-24,4.900000095367432
1977-12-25,4.670000076293945
1977-12-26,4.559999942779541
1977-12-27,4.809999942779541
1977-12-28,5.150000095367432
1977-12-29,5.610000133514403
1977-12-30,5.610000133514403
1977-12-31,4.809999942779541
1978-01-01,4.730000019073486
1978-01-02,4.449999809265137
1978-01-03,4.25
1978-01-04,4.329999923706056
1978-01-05,4.760000228881836
1978-01-06,5.099999904632568
1978-01-07,5.380000114440918
1978-01-08,5.440000057220459
1978-01-09,5.489999771118164
1978-01-10,5.489999771118164
1978-01-11,5.489999771118164
1978-01-12,5.519999980926514
1978-01-13,5.550000190734863
1978-01-14,5.579999923706055
1978-01-15,5.639999866485598
1978-01-16,5.639999866485598
1978-01-17,5.6599998474121085
1978-01-18,5.6599998474121085
1978-01-19,5.71999979019165
1978-01-20,5.78000020980835
1978-01-21,5.860000133514402
1978-01-22,5.889999866485598
1978-01-23,6.170000076293945
1978-01-24,6.03000020980835
1978-01-25,5.75
1978-01-26,5.690000057220459
1978-01-27,5.71999979019165
1978-01-28,5.690000057220459
1978-01-29,5.6599998474121085
1978-01-30,5.550000190734863
1978-01-31,5.4099998474121085
1978-02-01,5.380000114440918
1978-02-02,5.440000057220459
1978-02-03,5.579999923706055
1978-02-04,5.550000190734863
1978-02-05,5.489999771118164
1978-02-06,5.519999980926514
1978-02-07,5.579999923706055
1978-02-08,5.550000190734863
1978-02-09,5.610000133514403
1978-02-10,5.579999923706055
1978-02-11,5.519999980926514
1978-02-12,5.46999979019165
1978-02-13,5.4099998474121085
1978-02-14,5.320000171661377
1978-02-15,5.210000038146973
1978-02-16,5.099999904632568
1978-02-17,5.179999828338623
1978-02-18,5.519999980926514
1978-02-19,5.519999980926514
1978-02-20,5.519999980926514
1978-02-21,5.519999980926514
1978-02-22,5.519999980926514
1978-02-23,5.610000133514403
1978-02-24,5.71999979019165
1978-02-25,5.639999866485598
1978-02-26,5.639999866485598
1978-02-27,5.96999979019165
1978-02-28,5.519999980926514
1978-03-01,5.239999771118164
1978-03-02,5.070000171661377
1978-03-03,4.929999828338623
1978-03-04,4.980000019073486
1978-03-05,5.070000171661377
1978-03-06,5.4099998474121085
1978-03-07,5.239999771118164
1978-03-08,5.239999771118164
1978-03-09,5.210000038146973
1978-03-10,5.179999828338623
1978-03-11,5.130000114440918
1978-03-12,5.179999828338623
1978-03-13,5.210000038146973
1978-03-14,5.269999980926514
1978-03-15,5.239999771118164
1978-03-16,5.300000190734863
1978-03-17,5.46999979019165
1978-03-18,5.519999980926514
1978-03-19,5.550000190734863
1978-03-20,5.579999923706055
1978-03-21,5.949999809265138
1978-03-22,6.119999885559082
1978-03-23,6.119999885559082
1978-03-24,6.4000000953674325
1978-03-25,6.820000171661378
1978-03-26,7.989999771118164
1978-03-27,8.409999847412111
1978-03-28,8.329999923706055
1978-03-29,9.119999885559082
1978-03-30,9.630000114440918
1978-03-31,9.880000114440918
1978-04-01,9.539999961853027
1978-04-02,9.199999809265137
1978-04-03,8.670000076293945
1978-04-04,8.239999771118164
1978-04-05,8.300000190734862
1978-04-06,8.329999923706055
1978-04-07,8.239999771118164
1978-04-08,8.270000457763674
1978-04-09,8.239999771118164
1978-04-10,8.380000114440918
1978-04-11,9.170000076293944
1978-04-12,9.369999885559082
1978-04-13,9.260000228881836
1978-04-14,9.43000030517578
1978-04-15,9.399999618530273
1978-04-16,9.34000015258789
1978-04-17,9.600000381469727
1978-04-18,9.56999969482422
1978-04-19,9.399999618530273
1978-04-20,9.739999771118164
1978-04-21,10.199999809265137
1978-04-22,10.399999618530273
1978-04-23,10.699999809265137
1978-04-24,10.699999809265137
1978-04-25,10.699999809265137
1978-04-26,11.399999618530273
1978-04-27,12.699999809265135
1978-04-28,16.0
1978-04-29,22.100000381469727
1978-04-30,27.5
1978-05-01,30.60000038146973
1978-05-02,36.0
1978-05-03,39.400001525878906
1978-05-04,38.20000076293945
1978-05-05,34.799999237060554
1978-05-06,31.70000076293945
1978-05-07,30.0
1978-05-08,28.29999923706055
1978-05-09,28.29999923706055
1978-05-10,31.70000076293945
1978-05-11,35.70000076293945
1978-05-12,36.5
1978-05-13,35.09999847412109
1978-05-14,38.20000076293945
1978-05-15,45.0
1978-05-16,48.4000015258789
1978-05-17,51.0
1978-05-18,51.79999923706055
1978-05-19,54.70000076293945
1978-05-20,64.30000305175781
1978-05-21,79.9000015258789
1978-05-22,92.9000015258789
1978-05-23,93.6999969482422
1978-05-24,85.19999694824219
1978-05-25,74.19999694824219
1978-05-26,65.69999694824219
1978-05-27,60.0
1978-05-28,56.4000015258789
1978-05-29,56.4000015258789
1978-05-30,56.099998474121094
1978-05-31,59.70000076293945
1978-06-01,60.29999923706055
1978-06-02,60.0
1978-06-03,69.90000152587889
1978-06-04,97.0999984741211
1978-06-05,129.0
1978-06-06,163.0
1978-06-07,172.0
1978-06-08,167.0
1978-06-09,165.0
1978-06-10,143.0
1978-06-11,121.0
1978-06-12,101.0
1978-06-13,94.3000030517578
1978-06-14,95.4000015258789
1978-06-15,91.6999969482422
1978-06-16,83.5
1978-06-17,74.80000305175781
1978-06-18,79.30000305175781
1978-06-19,85.19999694824219
1978-06-20,80.4000015258789
1978-06-21,80.4000015258789
1978-06-22,87.19999694824219
1978-06-23,92.0
1978-06-24,89.80000305175781
1978-06-25,88.30000305175781
1978-06-26,85.0
1978-06-27,82.0999984741211
1978-06-28,82.0999984741211
1978-06-29,83.5
1978-06-30,85.19999694824219
1978-07-01,82.0999984741211
1978-07-02,77.5999984741211
1978-07-03,73.0999984741211
1978-07-04,70.80000305175781
1978-07-05,68.5
1978-07-06,69.09999847412111
1978-07-07,70.80000305175781
1978-07-08,77.9000015258789
1978-07-09,79.30000305175781
1978-07-10,77.30000305175781
1978-07-11,74.5
1978-07-12,66.5
1978-07-13,60.9000015258789
1978-07-14,58.599998474121094
1978-07-15,57.5
1978-07-16,56.599998474121094
1978-07-17,60.29999923706055
1978-07-18,64.0
1978-07-19,64.59999847412111
1978-07-20,60.0
1978-07-21,57.20000076293945
1978-07-22,53.79999923706055
1978-07-23,51.5
1978-07-24,50.099998474121094
1978-07-25,48.4000015258789
1978-07-26,46.20000076293945
1978-07-27,43.900001525878906
1978-07-28,41.599998474121094
1978-07-29,39.400001525878906
1978-07-30,37.70000076293945
1978-07-31,36.0
1978-08-01,34.5
1978-08-02,33.09999847412109
1978-08-03,31.70000076293945
1978-08-04,29.70000076293945
1978-08-05,28.0
1978-08-06,26.899999618530284
1978-08-07,26.10000038146973
1978-08-08,25.5
1978-08-09,24.899999618530284
1978-08-10,24.399999618530284
1978-08-11,24.10000038146973
1978-08-12,23.79999923706055
1978-08-13,23.5
1978-08-14,23.20000076293945
1978-08-15,22.899999618530284
1978-08-16,22.70000076293945
1978-08-17,22.70000076293945
1978-08-18,23.20000076293945
1978-08-19,22.899999618530284
1978-08-20,22.5
1978-08-21,22.5
1978-08-22,21.799999237060547
1978-08-23,21.799999237060547
1978-08-24,22.70000076293945
1978-08-25,21.799999237060547
1978-08-26,21.0
1978-08-27,20.100000381469727
1978-08-28,19.299999237060547
1978-08-29,18.700000762939453
1978-08-30,18.0
1978-08-31,17.799999237060547
1978-09-01,17.600000381469727
1978-09-02,17.399999618530273
1978-09-03,17.299999237060547
1978-09-04,17.0
1978-09-05,17.0
1978-09-06,18.0
1978-09-07,18.100000381469727
1978-09-08,18.299999237060547
1978-09-09,18.39999961853028
1978-09-10,18.700000762939453
1978-09-11,19.5
1978-09-12,20.100000381469727
1978-09-13,20.39999961853028
1978-09-14,20.700000762939453
1978-09-15,21.700000762939453
1978-09-16,22.0
1978-09-17,21.799999237060547
1978-09-18,21.39999961853028
1978-09-19,20.700000762939453
1978-09-20,19.89999961853028
1978-09-21,19.100000381469727
1978-09-22,18.600000381469727
1978-09-23,19.299999237060547
1978-09-24,19.299999237060547
1978-09-25,19.0
1978-09-26,19.0
1978-09-27,19.200000762939453
1978-09-28,19.700000762939453
1978-09-29,20.799999237060547
1978-09-30,21.700000762939453
1978-10-01,21.799999237060547
1978-10-02,21.39999961853028
1978-10-03,20.600000381469727
1978-10-04,19.89999961853028
1978-10-05,19.200000762939453
1978-10-06,18.299999237060547
1978-10-07,17.799999237060547
1978-10-08,17.299999237060547
1978-10-09,16.700000762939453
1978-10-10,16.200000762939453
1978-10-11,16.399999618530273
1978-10-12,15.600000381469727
1978-10-13,15.100000381469727
1978-10-14,14.800000190734865
1978-10-15,14.399999618530273
1978-10-16,14.199999809265135
1978-10-17,14.0
1978-10-18,13.800000190734865
1978-10-19,13.600000381469727
1978-10-20,13.300000190734865
1978-10-21,13.300000190734865
1978-10-22,13.100000381469727
1978-10-23,12.899999618530273
1978-10-24,12.899999618530273
1978-10-25,12.699999809265135
1978-10-26,12.399999618530273
1978-10-27,12.300000190734865
1978-10-28,12.199999809265135
1978-10-29,12.100000381469727
1978-10-30,11.699999809265135
1978-10-31,11.399999618530273
1978-11-01,11.300000190734865
1978-11-02,11.199999809265137
1978-11-03,11.199999809265137
1978-11-04,13.300000190734865
1978-11-05,12.899999618530273
1978-11-06,12.399999618530273
1978-11-07,12.199999809265135
1978-11-08,12.699999809265135
1978-11-09,12.199999809265135
1978-11-10,10.300000190734863
1978-11-11,10.300000190734863
1978-11-12,11.199999809265137
1978-11-13,11.199999809265137
1978-11-14,11.0
1978-11-15,11.199999809265137
1978-11-16,11.600000381469727
1978-11-17,10.899999618530273
1978-11-18,8.5
1978-11-19,8.350000381469728
1978-11-20,8.350000381469728
1978-11-21,8.5
1978-11-22,9.630000114440918
1978-11-23,11.300000190734865
1978-11-24,12.300000190734865
1978-11-25,12.5
1978-11-26,12.199999809265135
1978-11-27,11.600000381469727
1978-11-28,11.300000190734865
1978-11-29,11.0
1978-11-30,10.800000190734863
1978-12-01,10.300000190734863
1978-12-02,10.100000381469727
1978-12-03,9.90999984741211
1978-12-04,9.34000015258789
1978-12-05,8.640000343322754
1978-12-06,8.069999694824219
1978-12-07,7.929999828338622
1978-12-08,7.929999828338622
1978-12-09,8.350000381469728
1978-12-10,8.640000343322754
1978-12-11,8.779999732971191
1978-12-12,8.069999694824219
1978-12-13,7.789999961853027
1978-12-14,7.699999809265138
1978-12-15,7.789999961853027
1978-12-16,7.789999961853027
1978-12-17,8.069999694824219
1978-12-18,8.350000381469728
1978-12-19,8.579999923706055
1978-12-20,8.5
1978-12-21,8.350000381469728
1978-12-22,8.069999694824219
1978-12-23,7.869999885559082
1978-12-24,7.789999961853027
1978-12-25,7.5900001525878915
1978-12-26,7.5
1978-12-27,7.019999980926514
1978-12-28,6.570000171661378
1978-12-29,6.090000152587892
1978-12-30,5.610000133514403
1978-12-31,5.300000190734863
1979-01-01,4.619999885559082
1979-01-02,4.929999828338623
1979-01-03,5.039999961853027
1979-01-04,5.150000095367432
1979-01-05,5.150000095367432
1979-01-06,5.099999904632568
1979-01-07,5.150000095367432
1979-01-08,5.210000038146973
1979-01-09,5.239999771118164
1979-01-10,5.300000190734863
1979-01-11,5.320000171661377
1979-01-12,5.349999904632568
1979-01-13,5.380000114440918
1979-01-14,5.320000171661377
1979-01-15,5.150000095367432
1979-01-16,5.039999961853027
1979-01-17,5.070000171661377
1979-01-18,5.039999961853027
1979-01-19,5.070000171661377
1979-01-20,5.130000114440918
1979-01-21,5.099999904632568
1979-01-22,5.010000228881836
1979-01-23,4.900000095367432
1979-01-24,4.809999942779541
1979-01-25,4.809999942779541
1979-01-26,4.809999942779541
1979-01-27,4.840000152587892
1979-01-28,4.869999885559082
1979-01-29,4.900000095367432
1979-01-30,4.960000038146973
1979-01-31,5.010000228881836
1979-02-01,4.730000019073486
1979-02-02,4.730000019073486
1979-02-03,5.039999961853027
1979-02-04,5.320000171661377
1979-02-05,5.489999771118164
1979-02-06,5.610000133514403
1979-02-07,5.519999980926514
1979-02-08,5.4099998474121085
1979-02-09,5.4099998474121085
1979-02-10,5.610000133514403
1979-02-11,5.690000057220459
1979-02-12,5.949999809265138
1979-02-13,6.199999809265138
1979-02-14,6.230000019073486
1979-02-15,5.300000190734863
1979-02-16,5.320000171661377
1979-02-17,5.380000114440918
1979-02-18,5.46999979019165
1979-02-19,5.550000190734863
1979-02-20,5.639999866485598
1979-02-21,5.6599998474121085
1979-02-22,5.6599998474121085
1979-02-23,5.610000133514403
1979-02-24,5.4099998474121085
1979-02-25,5.380000114440918
1979-02-26,5.440000057220459
1979-02-27,5.6599998474121085
1979-02-28,5.860000133514402
1979-03-01,5.800000190734862
1979-03-02,5.320000171661377
1979-03-03,5.179999828338623
1979-03-04,5.150000095367432
1979-03-05,5.610000133514403
1979-03-06,5.889999866485598
1979-03-07,6.230000019073486
1979-03-08,6.309999942779541
1979-03-09,6.0
1979-03-10,5.78000020980835
1979-03-11,5.71999979019165
1979-03-12,5.860000133514402
1979-03-13,5.78000020980835
1979-03-14,5.46999979019165
1979-03-15,5.289999961853027
1979-03-16,5.599999904632568
1979-03-17,5.599999904632568
1979-03-18,5.389999866485597
1979-03-19,5.360000133514403
1979-03-20,5.369999885559082
1979-03-21,5.349999904632568
1979-03-22,5.480000019073486
1979-03-23,5.599999904632568
1979-03-24,5.679999828338622
1979-03-25,5.739999771118164
1979-03-26,5.570000171661377
1979-03-27,5.28000020980835
1979-03-28,5.090000152587892
1979-03-29,5.340000152587892
1979-03-30,5.289999961853027
1979-03-31,5.050000190734863
1979-04-01,4.829999923706055
1979-04-02,4.829999923706055
1979-04-03,4.889999866485597
1979-04-04,5.0
1979-04-05,4.960000038146973
1979-04-06,5.329999923706055
1979-04-07,5.940000057220459
1979-04-08,6.099999904632568
1979-04-09,6.440000057220459
1979-04-10,6.480000019073486
1979-04-11,6.190000057220459
1979-04-12,6.070000171661378
1979-04-13,6.019999980926514
1979-04-14,5.989999771118164
1979-04-15,5.989999771118164
1979-04-16,6.03000020980835
1979-04-17,6.360000133514402
1979-04-18,7.449999809265138
1979-04-19,7.300000190734862
1979-04-20,7.119999885559082
1979-04-21,6.840000152587892
1979-04-22,6.510000228881836
1979-04-23,6.510000228881836
1979-04-24,6.510000228881836
1979-04-25,6.539999961853027
1979-04-26,6.679999828338622
1979-04-27,7.360000133514402
1979-04-28,8.350000381469728
1979-04-29,10.100000381469727
1979-04-30,13.0
1979-05-01,16.0
1979-05-02,18.299999237060547
1979-05-03,18.600000381469727
1979-05-04,19.0
1979-05-05,21.39999961853028
1979-05-06,27.20000076293945
1979-05-07,25.399999618530284
1979-05-08,22.79999923706055
1979-05-09,20.89999961853028
1979-05-10,20.39999961853028
1979-05-11,20.89999961853028
1979-05-12,22.0
1979-05-13,24.60000038146973
1979-05-14,27.399999618530284
1979-05-15,32.09999847412109
1979-05-16,43.20000076293945
1979-05-17,55.0
1979-05-18,54.0
1979-05-19,52.0
1979-05-20,49.79999923706055
1979-05-21,50.9000015258789
1979-05-22,57.0
1979-05-23,69.30000305175781
1979-05-24,90.3000030517578
1979-05-25,107.0
1979-05-26,116.0
1979-05-27,136.0
1979-05-28,127.0
1979-05-29,101.0
1979-05-30,81.69999694824219
1979-05-31,69.5
1979-06-01,65.30000305175781
1979-06-02,69.90000152587889
1979-06-03,87.19999694824219
1979-06-04,102.0
1979-06-05,109.0
1979-06-06,116.0
1979-06-07,99.5
1979-06-08,80.9000015258789
1979-06-09,68.90000152587889
1979-06-10,66.40000152587889
1979-06-11,71.19999694824219
1979-06-12,84.19999694824219
1979-06-13,90.1999969482422
1979-06-14,81.19999694824219
1979-06-15,69.40000152587889
1979-06-16,61.70000076293945
1979-06-17,57.20000076293945
1979-06-18,55.29999923706055
1979-06-19,56.599998474121094
1979-06-20,60.5
1979-06-21,60.599998474121094
1979-06-22,58.20000076293945
1979-06-23,55.29999923706055
1979-06-24,55.20000076293945
1979-06-25,54.70000076293945
1979-06-26,52.70000076293945
1979-06-27,51.4000015258789
1979-06-28,51.4000015258789
1979-06-29,51.099998474121094
1979-06-30,51.20000076293945
1979-07-01,50.70000076293945
1979-07-02,48.4000015258789
1979-07-03,43.20000076293945
1979-07-04,38.900001525878906
1979-07-05,37.400001525878906
1979-07-06,38.29999923706055
1979-07-07,41.099998474121094
1979-07-08,43.0
1979-07-09,42.0
1979-07-10,39.900001525878906
1979-07-11,38.20000076293945
1979-07-12,36.900001525878906
1979-07-13,35.20000076293945
1979-07-14,32.59999847412109
1979-07-15,30.79999923706055
1979-07-16,29.10000038146973
1979-07-17,27.70000076293945
1979-07-18,27.399999618530284
1979-07-19,27.79999923706055
1979-07-20,28.399999618530284
1979-07-21,29.29999923706055
1979-07-22,29.29999923706055
1979-07-23,29.5
1979-07-24,28.899999618530284
1979-07-25,28.60000038146973
1979-07-26,27.29999923706055
1979-07-27,25.29999923706055
1979-07-28,24.20000076293945
1979-07-29,23.79999923706055
1979-07-30,23.5
1979-07-31,23.10000038146973
1979-08-01,22.200000762939453
1979-08-02,21.799999237060547
1979-08-03,22.0
1979-08-04,23.10000038146973
1979-08-05,22.5
1979-08-06,21.299999237060547
1979-08-07,20.700000762939453
1979-08-08,20.5
1979-08-09,19.89999961853028
1979-08-10,18.89999961853028
1979-08-11,18.799999237060547
1979-08-12,20.39999961853028
1979-08-13,20.39999961853028
1979-08-14,20.299999237060547
1979-08-15,19.299999237060547
1979-08-16,18.600000381469727
1979-08-17,18.200000762939453
1979-08-18,18.100000381469727
1979-08-19,18.100000381469727
1979-08-20,18.39999961853028
1979-08-21,18.700000762939453
1979-08-22,18.700000762939453
1979-08-23,18.200000762939453
1979-08-24,18.700000762939453
1979-08-25,19.89999961853028
1979-08-26,20.100000381469727
1979-08-27,18.89999961853028
1979-08-28,19.100000381469727
1979-08-29,18.299999237060547
1979-08-30,17.799999237060547
1979-08-31,18.5
1979-09-01,19.299999237060547
1979-09-02,19.200000762939453
1979-09-03,18.5
1979-09-04,18.0
1979-09-05,17.799999237060547
1979-09-06,16.799999237060547
1979-09-07,16.5
1979-09-08,15.399999618530273
1979-09-09,15.0
1979-09-10,15.100000381469727
1979-09-11,14.699999809265135
1979-09-12,14.0
1979-09-13,13.199999809265135
1979-09-14,12.899999618530273
1979-09-15,12.399999618530273
1979-09-16,11.800000190734865
1979-09-17,11.300000190734865
1979-09-18,11.300000190734865
1979-09-19,11.199999809265137
1979-09-20,11.300000190734865
1979-09-21,11.300000190734865
1979-09-22,11.199999809265137
1979-09-23,11.100000381469727
1979-09-24,10.899999618530273
1979-09-25,10.600000381469727
1979-09-26,10.399999618530273
1979-09-27,10.199999809265137
1979-09-28,10.100000381469727
1979-09-29,9.960000038146973
1979-09-30,9.81999969482422
1979-10-01,9.6899995803833
1979-10-02,9.550000190734863
1979-10-03,9.420000076293944
1979-10-04,9.279999732971193
1979-10-05,9.15999984741211
1979-10-06,9.039999961853027
1979-10-07,8.930000305175781
1979-10-08,8.869999885559082
1979-10-09,9.020000457763672
1979-10-10,9.010000228881836
1979-10-11,8.930000305175781
1979-10-12,8.850000381469727
1979-10-13,8.789999961853027
1979-10-14,8.75
1979-10-15,8.699999809265138
1979-10-16,8.720000267028809
1979-10-17,8.789999961853027
1979-10-18,8.859999656677246
1979-10-19,8.869999885559082
1979-10-20,8.819999694824219
1979-10-21,8.689999580383299
1979-10-22,8.510000228881836
1979-10-23,8.380000114440918
1979-10-24,8.340000152587889
1979-10-25,8.310000419616701
1979-10-26,8.050000190734862
1979-10-27,8.149999618530272
1979-10-28,8.069999694824219
1979-10-29,8.140000343322754
1979-10-30,8.090000152587889
1979-10-31,8.050000190734862
1979-11-01,7.789999961853027
1979-11-02,7.429999828338622
1979-11-03,7.4099998474121085
1979-11-04,7.21999979019165
1979-11-05,7.110000133514402
1979-11-06,6.4000000953674325
1979-11-07,5.840000152587892
1979-11-08,6.289999961853027
1979-11-09,6.289999961853027
1979-11-10,6.210000038146973
1979-11-11,6.300000190734862
1979-11-12,6.099999904632568
1979-11-13,6.090000152587892
1979-11-14,5.670000076293945
1979-11-15,5.78000020980835
1979-11-16,5.619999885559082
1979-11-17,5.9000000953674325
1979-11-18,6.5
1979-11-19,6.199999809265138
1979-11-20,5.179999828338623
1979-11-21,5.010000228881836
1979-11-22,4.960000038146973
1979-11-23,5.010000228881836
1979-11-24,5.070000171661377
1979-11-25,5.010000228881836
1979-11-26,5.03000020980835
1979-11-27,5.010000228881836
1979-11-28,4.929999828338623
1979-11-29,4.809999942779541
1979-11-30,4.900000095367432
1979-12-01,5.039999961853027
1979-12-02,5.130000114440918
1979-12-03,5.269999980926514
1979-12-04,5.809999942779541
1979-12-05,5.849999904632568
1979-12-06,5.679999828338622
1979-12-07,5.519999980926514
1979-12-08,5.130000114440918
1979-12-09,5.920000076293945
1979-12-10,6.090000152587892
1979-12-11,5.489999771118164
1979-12-12,5.46999979019165
1979-12-13,5.449999809265137
1979-12-14,5.46999979019165
1979-12-15,4.619999885559082
1979-12-16,4.670000076293945
1979-12-17,9.630000114440918
1979-12-18,10.199999809265137
1979-12-19,10.199999809265137
1979-12-20,9.90999984741211
1979-12-21,9.0600004196167
1979-12-22,8.5
1979-12-23,7.5
1979-12-24,6.800000190734862
1979-12-25,5.6599998474121085
1979-12-26,5.239999771118164
1979-12-27,4.960000038146973
1979-12-28,4.730000019073486
1979-12-29,4.590000152587892
1979-12-30,4.5
1979-12-31,4.53000020980835
1980-01-01,4.53000020980835
1980-01-02,4.5
1980-01-03,4.46999979019165
1980-01-04,4.25
1980-01-05,3.5699999332427983
1980-01-06,3.109999895095825
1980-01-07,2.9200000762939453
1980-01-08,2.8299999237060547
1980-01-09,2.8299999237060547
1980-01-10,2.970000028610228
1980-01-11,3.309999942779541
1980-01-12,3.509999990463257
1980-01-13,3.7699999809265137
1980-01-14,3.849999904632568
1980-01-15,3.880000114440918
1980-01-16,3.8199999332427983
1980-01-17,3.6800000667572017
1980-01-18,3.400000095367432
1980-01-19,3.0
1980-01-20,2.940000057220459
1980-01-21,3.059999942779541
1980-01-22,3.2799999713897705
1980-01-23,3.650000095367432
1980-01-24,3.849999904632568
1980-01-25,3.4800000190734863
1980-01-26,3.2300000190734863
1980-01-27,2.8299999237060547
1980-01-28,2.5799999237060547
1980-01-29,2.5799999237060547
1980-01-30,2.75
1980-01-31,2.940000057220459
1980-02-01,3.3399999141693115
1980-02-02,3.9600000381469727
1980-02-03,4.389999866485597
1980-02-04,4.389999866485597
1980-02-05,4.2199997901916495
1980-02-06,4.1599998474121085
1980-02-07,4.110000133514403
1980-02-08,4.050000190734863
1980-02-09,3.990000009536743
1980-02-10,3.910000085830689
1980-02-11,3.7699999809265137
1980-02-12,3.440000057220459
1980-02-13,3.059999942779541
1980-02-14,3.0299999713897705
1980-02-15,3.0899999141693115
1980-02-16,3.2300000190734863
1980-02-17,3.400000095367432
1980-02-18,3.5699999332427983
1980-02-19,3.5899999141693115
1980-02-20,3.640000104904175
1980-02-21,3.440000057220459
1980-02-22,3.369999885559082
1980-02-23,3.2300000190734863
1980-02-24,3.1700000762939453
1980-02-25,3.309999942779541
1980-02-26,3.7200000286102295
1980-02-27,3.950000047683716
1980-02-28,4.559999942779541
1980-02-29,4.5
1980-03-01,4.460000038146973
1980-03-02,4.280000209808351
1980-03-03,4.070000171661377
1980-03-04,3.8199999332427983
1980-03-05,3.5999999046325684
1980-03-06,3.619999885559082
1980-03-07,3.740000009536743
1980-03-08,3.880000114440918
1980-03-09,3.9600000381469727
1980-03-10,3.7699999809265137
1980-03-11,3.849999904632568
1980-03-12,4.0
1980-03-13,3.920000076293945
1980-03-14,3.950000047683716
1980-03-15,3.869999885559082
1980-03-16,3.7699999809265137
1980-03-17,3.880000114440918
1980-03-18,4.010000228881837
1980-03-19,4.150000095367432
1980-03-20,4.059999942779541
1980-03-21,4.25
1980-03-22,4.059999942779541
1980-03-23,4.420000076293945
1980-03-24,4.369999885559082
1980-03-25,4.380000114440918
1980-03-26,4.110000133514403
1980-03-27,4.230000019073486
1980-03-28,4.190000057220459
1980-03-29,4.170000076293944
1980-03-30,4.230000019073486
1980-03-31,3.9600000381469727
1980-04-01,4.0399999618530265
1980-04-02,4.2199997901916495
1980-04-03,3.9700000286102295
1980-04-04,4.130000114440918
1980-04-05,4.309999942779541
1980-04-06,4.309999942779541
1980-04-07,4.380000114440918
1980-04-08,3.950000047683716
1980-04-09,4.25
1980-04-10,4.510000228881836
1980-04-11,4.730000019073486
1980-04-12,4.820000171661377
1980-04-13,5.400000095367432
1980-04-14,6.190000057220459
1980-04-15,6.840000152587892
1980-04-16,7.3400001525878915
1980-04-17,8.630000114440918
1980-04-18,10.600000381469727
1980-04-19,12.600000381469727
1980-04-20,15.300000190734865
1980-04-21,18.39999961853028
1980-04-22,19.0
1980-04-23,20.89999961853028
1980-04-24,29.899999618530284
1980-04-25,40.5
1980-04-26,47.70000076293945
1980-04-27,57.5
1980-04-28,69.40000152587889
1980-04-29,79.19999694824219
1980-04-30,85.5999984741211
1980-05-01,89.5999984741211
1980-05-02,96.6999969482422
1980-05-03,104.0
1980-05-04,107.0
1980-05-05,104.0
1980-05-06,107.0
1980-05-07,103.0
1980-05-08,92.8000030517578
1980-05-09,83.19999694824219
1980-05-10,77.30000305175781
1980-05-11,68.69999694824219
1980-05-12,65.90000152587889
1980-05-13,63.099998474121094
1980-05-14,61.29999923706055
1980-05-15,61.29999923706055
1980-05-16,63.5
1980-05-17,66.80000305175781
1980-05-18,69.80000305175781
1980-05-19,76.0
1980-05-20,80.5999984741211
1980-05-21,81.4000015258789
1980-05-22,90.3000030517578
1980-05-23,94.3000030517578
1980-05-24,98.0999984741211
1980-05-25,93.1999969482422
1980-05-26,120.0
1980-05-27,136.0
1980-05-28,120.0
1980-05-29,109.0
1980-05-30,106.0
1980-05-31,99.0
1980-06-01,91.5999984741211
1980-06-02,92.8000030517578
1980-06-03,96.4000015258789
1980-06-04,93.4000015258789
1980-06-05,90.6999969482422
1980-06-06,90.5
1980-06-07,85.9000015258789
1980-06-08,81.5
1980-06-09,82.9000015258789
1980-06-10,96.8000030517578
1980-06-11,113.0
1980-06-12,112.0
1980-06-13,104.0
1980-06-14,103.0
1980-06-15,106.0
1980-06-16,103.0
1980-06-17,104.0
1980-06-18,103.0
1980-06-19,93.1999969482422
1980-06-20,85.5999984741211
1980-06-21,80.5999984741211
1980-06-22,76.19999694824219
1980-06-23,71.0
1980-06-24,67.0
1980-06-25,61.5
1980-06-26,59.9000015258789
1980-06-27,57.599998474121094
1980-06-28,53.79999923706055
1980-06-29,50.4000015258789
1980-06-30,48.4000015258789
1980-07-01,46.29999923706055
1980-07-02,44.099998474121094
1980-07-03,43.099998474121094
1980-07-04,43.400001525878906
1980-07-05,42.20000076293945
1980-07-06,40.79999923706055
1980-07-07,38.900001525878906
1980-07-08,37.0
1980-07-09,36.0
1980-07-10,36.70000076293945
1980-07-11,37.29999923706055
1980-07-12,35.900001525878906
1980-07-13,34.0
1980-07-14,32.5
1980-07-15,32.59999847412109
1980-07-16,32.09999847412109
1980-07-17,31.70000076293945
1980-07-18,30.60000038146973
1980-07-19,30.20000076293945
1980-07-20,29.70000076293945
1980-07-21,28.20000076293945
1980-07-22,27.29999923706055
1980-07-23,27.5
1980-07-24,28.5
1980-07-25,29.0
1980-07-26,27.60000038146973
1980-07-27,27.20000076293945
1980-07-28,26.399999618530284
1980-07-29,26.20000076293945
1980-07-30,25.899999618530284
1980-07-31,25.20000076293945
1980-08-01,24.0
1980-08-02,23.20000076293945
1980-08-03,24.29999923706055
1980-08-04,24.29999923706055
1980-08-05,23.20000076293945
1980-08-06,22.79999923706055
1980-08-07,22.899999618530284
1980-08-08,22.70000076293945
1980-08-09,24.70000076293945
1980-08-10,29.79999923706055
1980-08-11,29.0
1980-08-12,32.09999847412109
1980-08-13,34.700000762939446
1980-08-14,33.299999237060554
1980-08-15,31.5
1980-08-16,29.0
1980-08-17,27.60000038146973
1980-08-18,26.60000038146973
1980-08-19,25.60000038146973
1980-08-20,24.399999618530284
1980-08-21,23.60000038146973
1980-08-22,22.299999237060547
1980-08-23,21.299999237060547
1980-08-24,20.39999961853028
1980-08-25,19.89999961853028
1980-08-26,19.299999237060547
1980-08-27,18.700000762939453
1980-08-28,18.700000762939453
1980-08-29,18.600000381469727
1980-08-30,18.0
1980-08-31,17.600000381469727
1980-09-01,17.299999237060547
1980-09-02,16.799999237060547
1980-09-03,16.700000762939453
1980-09-04,15.899999618530273
1980-09-05,15.100000381469727
1980-09-06,14.899999618530273
1980-09-07,14.600000381469727
1980-09-08,14.5
1980-09-09,14.100000381469727
1980-09-10,14.199999809265135
1980-09-11,14.0
1980-09-12,13.800000190734865
1980-09-13,13.899999618530273
1980-09-14,14.600000381469727
1980-09-15,15.300000190734865
1980-09-16,16.200000762939453
1980-09-17,16.5
1980-09-18,16.799999237060547
1980-09-19,17.0
1980-09-20,17.700000762939453
1980-09-21,17.700000762939453
1980-09-22,17.600000381469727
1980-09-23,17.5
1980-09-24,17.200000762939453
1980-09-25,16.299999237060547
1980-09-26,15.800000190734865
1980-09-27,15.199999809265135
1980-09-28,14.699999809265135
1980-09-29,14.199999809265135
1980-09-30,14.399999618530273
1980-10-01,16.799999237060547
1980-10-02,18.100000381469727
1980-10-03,18.299999237060547
1980-10-04,18.299999237060547
1980-10-05,18.0
1980-10-06,17.5
1980-10-07,17.0
1980-10-08,16.600000381469727
1980-10-09,16.600000381469727
1980-10-10,16.100000381469727
1980-10-11,16.0
1980-10-12,15.300000190734865
1980-10-13,14.5
1980-10-14,13.899999618530273
1980-10-15,13.5
1980-10-16,13.0
1980-10-17,12.600000381469727
1980-10-18,12.300000190734865
1980-10-19,12.199999809265135
1980-10-20,12.100000381469727
1980-10-21,12.399999618530273
1980-10-22,12.300000190734865
1980-10-23,11.800000190734865
1980-10-24,11.800000190734865
1980-10-25,11.800000190734865
1980-10-26,11.800000190734865
1980-10-27,11.300000190734865
1980-10-28,11.199999809265137
1980-10-29,11.300000190734865
1980-10-30,11.199999809265137
1980-10-31,11.199999809265137
1980-11-01,11.100000381469727
1980-11-02,11.5
1980-11-03,11.5
1980-11-04,11.100000381469727
1980-11-05,10.800000190734863
1980-11-06,10.899999618530273
1980-11-07,11.0
1980-11-08,11.199999809265137
1980-11-09,11.100000381469727
1980-11-10,10.699999809265137
1980-11-11,10.600000381469727
1980-11-12,9.5
1980-11-13,8.970000267028809
1980-11-14,8.680000305175781
1980-11-15,8.109999656677246
1980-11-16,7.46999979019165
1980-11-17,7.6599998474121085
1980-11-18,8.050000190734862
1980-11-19,8.529999732971191
1980-11-20,8.090000152587889
1980-11-21,8.689999580383299
1980-11-22,8.649999618530272
1980-11-23,7.400000095367432
1980-11-24,7.070000171661378
1980-11-25,7.190000057220459
1980-11-26,7.4099998474121085
1980-11-27,8.090000152587889
1980-11-28,8.329999923706055
1980-11-29,8.550000190734862
1980-11-30,8.210000038146973
1980-12-01,7.360000133514402
1980-12-02,6.460000038146973
1980-12-03,5.6599998474121085
1980-12-04,5.150000095367432
1980-12-05,4.960000038146973
1980-12-06,4.869999885559082
1980-12-07,4.869999885559082
1980-12-08,5.380000114440918
1980-12-09,5.75
1980-12-10,6.230000019073486
1980-12-11,6.6500000953674325
1980-12-12,7.079999923706055
1980-12-13,7.650000095367432
1980-12-14,8.270000457763674
1980-12-15,8.529999732971191
1980-12-16,8.710000038146973
1980-12-17,8.689999580383299
1980-12-18,8.470000267028809
1980-12-19,7.079999923706055
1980-12-20,7.139999866485598
1980-12-21,7.309999942779541
1980-12-22,7.559999942779541
1980-12-23,7.809999942779541
1980-12-24,8.5
1980-12-25,8.890000343322754
1980-12-26,9.15999984741211
1980-12-27,13.0
1980-12-28,13.300000190734865
1980-12-29,12.0
1980-12-30,11.5
1980-12-31,11.199999809265137
1981-01-01,9.850000381469727
1981-01-02,9.710000038146973
1981-01-03,9.0600004196167
1981-01-04,8.439999580383299
1981-01-05,7.989999771118164
1981-01-06,8.859999656677246
1981-01-07,9.31999969482422
1981-01-08,9.170000076293944
1981-01-09,9.539999961853027
1981-01-10,9.369999885559082
1981-01-11,8.689999580383299
1981-01-12,9.199999809265137
1981-01-13,8.920000076293945
1981-01-14,8.239999771118164
1981-01-15,8.130000114440918
1981-01-16,7.820000171661378
1981-01-17,7.139999866485598
1981-01-18,7.079999923706055
1981-01-19,6.820000171661378
1981-01-20,6.9099998474121085
1981-01-21,6.9099998474121085
1981-01-22,7.1599998474121085
1981-01-23,7.650000095367432
1981-01-24,7.699999809265138
1981-01-25,7.8400001525878915
1981-01-26,7.670000076293945
1981-01-27,7.559999942779541
1981-01-28,7.360000133514402
1981-01-29,7.28000020980835
1981-01-30,7.449999809265138
1981-01-31,7.110000133514402
1981-02-01,7.110000133514402
1981-02-02,7.079999923706055
1981-02-03,6.96999979019165
1981-02-04,6.6500000953674325
1981-02-05,5.949999809265138
1981-02-06,5.6599998474121085
1981-02-07,5.78000020980835
1981-02-08,5.6599998474121085
1981-02-09,5.380000114440918
1981-02-10,5.239999771118164
1981-02-11,5.46999979019165
1981-02-12,5.6599998474121085
1981-02-13,6.170000076293945
1981-02-14,6.309999942779541
1981-02-15,6.309999942779541
1981-02-16,6.630000114440918
1981-02-17,6.769999980926514
1981-02-18,6.679999828338622
1981-02-19,6.9099998474121085
1981-02-20,7.21999979019165
1981-02-21,6.679999828338622
1981-02-22,6.769999980926514
1981-02-23,6.539999961853027
1981-02-24,6.630000114440918
1981-02-25,6.480000019073486
1981-02-26,6.059999942779541
1981-02-27,5.920000076293945
1981-02-28,5.78000020980835
1981-03-01,5.860000133514402
1981-03-02,5.78000020980835
1981-03-03,5.860000133514402
1981-03-04,5.96999979019165
1981-03-05,6.369999885559082
1981-03-06,6.539999961853027
1981-03-07,6.03000020980835
1981-03-08,5.860000133514402
1981-03-09,5.75
1981-03-10,5.800000190734862
1981-03-11,6.03000020980835
1981-03-12,6.230000019073486
1981-03-13,6.340000152587892
1981-03-14,6.4000000953674325
1981-03-15,6.599999904632568
1981-03-16,6.739999771118164
1981-03-17,6.9099998474121085
1981-03-18,6.849999904632568
1981-03-19,6.260000228881836
1981-03-20,5.150000095367432
1981-03-21,4.869999885559082
1981-03-22,6.289999961853027
1981-03-23,6.340000152587892
1981-03-24,5.800000190734862
1981-03-25,6.369999885559082
1981-03-26,7.360000133514402
1981-03-27,6.710000038146973
1981-03-28,6.119999885559082
1981-03-29,7.449999809265138
1981-03-30,7.050000190734862
1981-03-31,7.5
1981-04-01,7.929999828338622
1981-04-02,7.900000095367432
1981-04-03,7.760000228881836
1981-04-04,7.480000019073486
1981-04-05,7.960000038146973
1981-04-06,8.100000381469728
1981-04-07,7.650000095367432
1981-04-08,7.730000019073486
1981-04-09,8.039999961853027
1981-04-10,7.670000076293945
1981-04-11,7.619999885559082
1981-04-12,7.619999885559082
1981-04-13,7.420000076293945
1981-04-14,7.1599998474121085
1981-04-15,7.21999979019165
1981-04-16,7.559999942779541
1981-04-17,8.010000228881836
1981-04-18,8.439999580383299
1981-04-19,8.920000076293945
1981-04-20,9.710000038146973
1981-04-21,11.600000381469727
1981-04-22,13.0
1981-04-23,15.100000381469727
1981-04-24,20.299999237060547
1981-04-25,26.20000076293945
1981-04-26,26.60000038146973
1981-04-27,25.70000076293945
1981-04-28,26.20000076293945
1981-04-29,27.20000076293945
1981-04-30,28.29999923706055
1981-05-01,39.599998474121094
1981-05-02,56.4000015258789
1981-05-03,53.20000076293945
1981-05-04,47.9000015258789
1981-05-05,47.0
1981-05-06,44.20000076293945
1981-05-07,42.5
1981-05-08,42.20000076293945
1981-05-09,42.79999923706055
1981-05-10,43.599998474121094
1981-05-11,43.0
1981-05-12,41.599998474121094
1981-05-13,40.79999923706055
1981-05-14,41.29999923706055
1981-05-15,47.599998474121094
1981-05-16,54.9000015258789
1981-05-17,54.70000076293945
1981-05-18,54.099998474121094
1981-05-19,59.20000076293945
1981-05-20,74.80000305175781
1981-05-21,96.3000030517578
1981-05-22,125.0
1981-05-23,148.0
1981-05-24,165.0
1981-05-25,178.0
1981-05-26,194.0
1981-05-27,215.0
1981-05-28,201.0
1981-05-29,172.0
1981-05-30,159.0
1981-05-31,157.0
1981-06-01,150.0
1981-06-02,133.0
1981-06-03,127.0
1981-06-04,126.0
1981-06-05,117.0
1981-06-06,110.0
1981-06-07,106.0
1981-06-08,96.8000030517578
1981-06-09,86.4000015258789
1981-06-10,78.69999694824219
1981-06-11,71.4000015258789
1981-06-12,67.69999694824219
1981-06-13,71.0999984741211
1981-06-14,80.69999694824219
1981-06-15,90.9000015258789
1981-06-16,101.0
1981-06-17,109.0
1981-06-18,106.0
1981-06-19,95.6999969482422
1981-06-20,87.80000305175781
1981-06-21,84.4000015258789
1981-06-22,80.4000015258789
1981-06-23,78.69999694824219
1981-06-24,74.19999694824219
1981-06-25,71.9000015258789
1981-06-26,81.80000305175781
1981-06-27,102.0
1981-06-28,106.0
1981-06-29,99.6999969482422
1981-06-30,103.0
1981-07-01,120.0
1981-07-02,124.0
1981-07-03,114.0
1981-07-04,114.0
1981-07-05,123.0
1981-07-06,120.0
1981-07-07,111.0
1981-07-08,97.4000015258789
1981-07-09,82.0999984741211
1981-07-10,71.5999984741211
1981-07-11,66.0
1981-07-12,62.29999923706055
1981-07-13,65.09999847412111
1981-07-14,68.19999694824219
1981-07-15,67.40000152587889
1981-07-16,63.70000076293945
1981-07-17,61.20000076293945
1981-07-18,59.70000076293945
1981-07-19,59.70000076293945
1981-07-20,60.599998474121094
1981-07-21,60.599998474121094
1981-07-22,61.70000076293945
1981-07-23,61.70000076293945
1981-07-24,62.0
1981-07-25,66.80000305175781
1981-07-26,67.69999694824219
1981-07-27,64.59999847412111
1981-07-28,61.4000015258789
1981-07-29,60.9000015258789
1981-07-30,60.0
1981-07-31,56.9000015258789
1981-08-01,53.0
1981-08-02,50.4000015258789
1981-08-03,47.9000015258789
1981-08-04,46.70000076293945
1981-08-05,45.599998474121094
1981-08-06,43.0
1981-08-07,41.900001525878906
1981-08-08,41.900001525878906
1981-08-09,41.599998474121094
1981-08-10,40.20000076293945
1981-08-11,39.099998474121094
1981-08-12,39.099998474121094
1981-08-13,41.599998474121094
1981-08-14,42.79999923706055
1981-08-15,42.79999923706055
1981-08-16,42.5
1981-08-17,41.099998474121094
1981-08-18,40.79999923706055
1981-08-19,38.79999923706055
1981-08-20,36.79999923706055
1981-08-21,35.70000076293945
1981-08-22,34.799999237060554
1981-08-23,32.59999847412109
1981-08-24,30.60000038146973
1981-08-25,29.399999618530284
1981-08-26,29.399999618530284
1981-08-27,28.60000038146973
1981-08-28,28.29999923706055
1981-08-29,27.899999618530284
1981-08-30,27.10000038146973
1981-08-31,26.60000038146973
1981-09-01,25.70000076293945
1981-09-02,25.0
1981-09-03,24.0
1981-09-04,23.0
1981-09-05,22.399999618530284
1981-09-06,21.899999618530284
1981-09-07,21.0
1981-09-08,20.200000762939453
1981-09-09,19.600000381469727
1981-09-10,19.299999237060547
1981-09-11,19.700000762939453
1981-09-12,20.0
1981-09-13,19.5
1981-09-14,19.0
1981-09-15,18.39999961853028
1981-09-16,17.799999237060547
1981-09-17,17.399999618530273
1981-09-18,17.200000762939453
1981-09-19,17.299999237060547
1981-09-20,17.700000762939453
1981-09-21,17.5
1981-09-22,17.399999618530273
1981-09-23,17.399999618530273
1981-09-24,17.0
1981-09-25,16.399999618530273
1981-09-26,16.399999618530273
1981-09-27,16.200000762939453
1981-09-28,15.800000190734865
1981-09-29,15.199999809265135
1981-09-30,14.600000381469727
1981-10-01,14.600000381469727
1981-10-02,15.600000381469727
1981-10-03,15.899999618530273
1981-10-04,15.600000381469727
1981-10-05,15.399999618530273
1981-10-06,15.0
1981-10-07,14.5
1981-10-08,14.0
1981-10-09,13.600000381469727
1981-10-10,13.800000190734865
1981-10-11,13.5
1981-10-12,13.300000190734865
1981-10-13,13.0
1981-10-14,12.699999809265135
1981-10-15,12.600000381469727
1981-10-16,12.5
1981-10-17,12.199999809265135
1981-10-18,12.100000381469727
1981-10-19,12.0
1981-10-20,11.800000190734865
1981-10-21,11.899999618530273
1981-10-22,11.600000381469727
1981-10-23,11.600000381469727
1981-10-24,11.300000190734865
1981-10-25,11.199999809265137
1981-10-26,11.300000190734865
1981-10-27,11.5
1981-10-28,11.300000190734865
1981-10-29,11.100000381469727
1981-10-30,11.0
1981-10-31,10.899999618530273
1981-11-01,10.5
1981-11-02,10.399999618530273
1981-11-03,10.399999618530273
1981-11-04,10.199999809265137
1981-11-05,10.199999809265137
1981-11-06,10.100000381469727
1981-11-07,9.869999885559082
1981-11-08,9.65999984741211
1981-11-09,9.550000190734863
1981-11-10,9.460000038146973
1981-11-11,9.300000190734863
1981-11-12,9.399999618530273
1981-11-13,9.5
1981-11-14,9.6899995803833
1981-11-15,9.649999618530273
1981-11-16,9.449999809265137
1981-11-17,9.4399995803833
1981-11-18,9.479999542236328
1981-11-19,9.43000030517578
1981-11-20,9.15999984741211
1981-11-21,9.09000015258789
1981-11-22,8.960000038146973
1981-11-23,8.880000114440918
1981-11-24,8.800000190734863
1981-11-25,7.730000019073486
1981-11-26,7.21999979019165
1981-11-27,8.229999542236326
1981-11-28,7.989999771118164
1981-11-29,7.570000171661378
1981-11-30,7.900000095367432
1981-12-01,8.109999656677246
1981-12-02,8.380000114440918
1981-12-03,8.329999923706055
1981-12-04,8.430000305175781
1981-12-05,8.829999923706055
1981-12-06,9.0600004196167
1981-12-07,8.489999771118164
1981-12-08,8.25
1981-12-09,8.470000267028809
1981-12-10,8.710000038146973
1981-12-11,8.659999847412111
1981-12-12,7.949999809265138
1981-12-13,6.800000190734862
1981-12-14,6.800000190734862
1981-12-15,7.21999979019165
1981-12-16,7.630000114440918
1981-12-17,7.539999961853027
1981-12-18,6.510000228881836
1981-12-19,7.989999771118164
1981-12-20,7.900000095367432
1981-12-21,6.849999904632568
1981-12-22,6.510000228881836
1981-12-23,6.510000228881836
1981-12-24,6.570000171661378
1981-12-25,6.6500000953674325
1981-12-26,6.510000228881836
1981-12-27,6.460000038146973
1981-12-28,6.170000076293945
1981-12-29,5.860000133514402
1981-12-30,5.610000133514403
1981-12-31,5.440000057220459
1982-01-01,5.5
1982-01-02,5.599999904632568
1982-01-03,5.6500000953674325
1982-01-04,5.349999904632568
1982-01-05,5.130000114440918
1982-01-06,4.800000190734863
1982-01-07,4.849999904632568
1982-01-08,5.150000095367432
1982-01-09,5.380000114440918
1982-01-10,5.630000114440918
1982-01-11,5.9000000953674325
1982-01-12,6.179999828338622
1982-01-13,6.1500000953674325
1982-01-14,6.0
1982-01-15,5.6500000953674325
1982-01-16,5.199999809265137
1982-01-17,5.199999809265137
1982-01-18,5.300000190734863
1982-01-19,5.449999809265137
1982-01-20,5.400000095367432
1982-01-21,5.199999809265137
1982-01-22,5.199999809265137
1982-01-23,5.300000190734863
1982-01-24,5.550000190734863
1982-01-25,5.9000000953674325
1982-01-26,6.25
1982-01-27,6.21999979019165
1982-01-28,6.1500000953674325
1982-01-29,6.03000020980835
1982-01-30,6.0
1982-01-31,5.9000000953674325
1982-02-01,5.9000000953674325
1982-02-02,5.800000190734862
1982-02-03,5.75
1982-02-04,5.75
1982-02-05,5.699999809265138
1982-02-06,5.699999809265138
1982-02-07,5.699999809265138
1982-02-08,5.6500000953674325
1982-02-09,5.599999904632568
1982-02-10,5.829999923706055
1982-02-11,6.03000020980835
1982-02-12,6.269999980926514
1982-02-13,6.579999923706055
1982-02-14,6.949999809265138
1982-02-15,7.5
1982-02-16,9.0
1982-02-17,9.300000190734863
1982-02-18,8.800000190734863
1982-02-19,8.25
1982-02-20,7.599999904632567
1982-02-21,9.699999809265137
1982-02-22,9.199999809265137
1982-02-23,8.600000381469728
1982-02-24,8.100000381469728
1982-02-25,7.800000190734862
1982-02-26,7.400000095367432
1982-02-27,7.099999904632568
1982-02-28,6.800000190734862
1982-03-01,6.25
1982-03-02,6.050000190734862
1982-03-03,5.800000190734862
1982-03-04,5.599999904632568
1982-03-05,5.380000114440918
1982-03-06,5.230000019073486
1982-03-07,5.170000076293945
1982-03-08,5.079999923706055
1982-03-09,5.050000190734863
1982-03-10,5.25
1982-03-11,5.400000095367432
1982-03-12,5.380000114440918
1982-03-13,5.21999979019165
1982-03-14,5.199999809265137
1982-03-15,5.389999866485597
1982-03-16,5.210000038146973
1982-03-17,5.150000095367432
1982-03-18,4.980000019073486
1982-03-19,5.130000114440918
1982-03-20,5.110000133514403
1982-03-21,5.090000152587892
1982-03-22,5.03000020980835
1982-03-23,5.190000057220459
1982-03-24,5.039999961853027
1982-03-25,4.960000038146973
1982-03-26,5.070000171661377
1982-03-27,5.329999923706055
1982-03-28,5.309999942779541
1982-03-29,5.429999828338623
1982-03-30,5.360000133514403
1982-03-31,5.400000095367432
1982-04-01,5.309999942779541
1982-04-02,5.289999961853027
1982-04-03,5.269999980926514
1982-04-04,5.179999828338623
1982-04-05,5.420000076293945
1982-04-06,5.360000133514403
1982-04-07,5.059999942779541
1982-04-08,5.210000038146973
1982-04-09,5.489999771118164
1982-04-10,5.739999771118164
1982-04-11,6.28000020980835
1982-04-12,6.989999771118164
1982-04-13,7.320000171661378
1982-04-14,7.090000152587892
1982-04-15,6.800000190734862
1982-04-16,6.53000020980835
1982-04-17,6.579999923706055
1982-04-18,6.6599998474121085
1982-04-19,6.380000114440918
1982-04-20,6.420000076293945
1982-04-21,6.789999961853027
1982-04-22,7.71999979019165
1982-04-23,9.31999969482422
1982-04-24,11.100000381469727
1982-04-25,10.800000190734863
1982-04-26,10.5
1982-04-27,11.0
1982-04-28,12.5
1982-04-29,14.199999809265135
1982-04-30,14.5
1982-05-01,15.399999618530273
1982-05-02,18.0
1982-05-03,22.5
1982-05-04,23.399999618530284
1982-05-05,21.39999961853028
1982-05-06,20.700000762939453
1982-05-07,21.5
1982-05-08,22.299999237060547
1982-05-09,21.899999618530284
1982-05-10,20.89999961853028
1982-05-11,20.600000381469727
1982-05-12,22.70000076293945
1982-05-13,26.5
1982-05-14,31.399999618530284
1982-05-15,39.5
1982-05-16,50.0
1982-05-17,59.599998474121094
1982-05-18,70.30000305175781
1982-05-19,75.4000015258789
1982-05-20,73.5
1982-05-21,77.80000305175781
1982-05-22,85.30000305175781
1982-05-23,89.5
1982-05-24,93.6999969482422
1982-05-25,104.0
1982-05-26,118.0
1982-05-27,109.0
1982-05-28,87.5
1982-05-29,71.5
1982-05-30,63.20000076293945
1982-05-31,58.20000076293945
1982-06-01,60.0
1982-06-02,67.40000152587889
1982-06-03,74.30000305175781
1982-06-04,83.19999694824219
1982-06-05,92.6999969482422
1982-06-06,103.0
1982-06-07,95.6999969482422
1982-06-08,85.30000305175781
1982-06-09,77.69999694824219
1982-06-10,77.30000305175781
1982-06-11,88.5
1982-06-12,107.0
1982-06-13,134.0
1982-06-14,163.0
1982-06-15,172.0
1982-06-16,170.0
1982-06-17,157.0
1982-06-18,151.0
1982-06-19,137.0
1982-06-20,130.0
1982-06-21,128.0
1982-06-22,127.0
1982-06-23,122.0
1982-06-24,115.0
1982-06-25,95.3000030517578
1982-06-26,91.4000015258789
1982-06-27,91.6999969482422
1982-06-28,91.3000030517578
1982-06-29,85.4000015258789
1982-06-30,80.5999984741211
1982-07-01,80.30000305175781
1982-07-02,80.4000015258789
1982-07-03,76.0
1982-07-04,73.30000305175781
1982-07-05,67.5
1982-07-06,60.29999923706055
1982-07-07,55.79999923706055
1982-07-08,53.79999923706055
1982-07-09,50.9000015258789
1982-07-10,48.599998474121094
1982-07-11,47.9000015258789
1982-07-12,47.9000015258789
1982-07-13,47.20000076293945
1982-07-14,46.20000076293945
1982-07-15,45.4000015258789
1982-07-16,42.79999923706055
1982-07-17,39.20000076293945
1982-07-18,36.70000076293945
1982-07-19,34.700000762939446
1982-07-20,34.400001525878906
1982-07-21,36.400001525878906
1982-07-22,36.900001525878906
1982-07-23,35.29999923706055
1982-07-24,33.299999237060554
1982-07-25,31.399999618530284
1982-07-26,30.29999923706055
1982-07-27,29.5
1982-07-28,28.899999618530284
1982-07-29,28.5
1982-07-30,28.60000038146973
1982-07-31,28.79999923706055
1982-08-01,29.70000076293945
1982-08-02,29.5
1982-08-03,29.29999923706055
1982-08-04,29.0
1982-08-05,27.399999618530284
1982-08-06,25.70000076293945
1982-08-07,24.29999923706055
1982-08-08,23.79999923706055
1982-08-09,23.899999618530284
1982-08-10,23.79999923706055
1982-08-11,23.29999923706055
1982-08-12,24.20000076293945
1982-08-13,24.79999923706055
1982-08-14,25.399999618530284
1982-08-15,25.70000076293945
1982-08-16,24.60000038146973
1982-08-17,23.10000038146973
1982-08-18,22.0
1982-08-19,21.0
1982-08-20,20.100000381469727
1982-08-21,19.5
1982-08-22,19.0
1982-08-23,18.600000381469727
1982-08-24,18.39999961853028
1982-08-25,17.899999618530273
1982-08-26,17.799999237060547
1982-08-27,18.39999961853028
1982-08-28,19.799999237060547
1982-08-29,19.700000762939453
1982-08-30,20.100000381469727
1982-08-31,20.0
1982-09-01,19.200000762939453
1982-09-02,18.100000381469727
1982-09-03,17.399999618530273
1982-09-04,17.799999237060547
1982-09-05,19.5
1982-09-06,22.299999237060547
1982-09-07,22.299999237060547
1982-09-08,21.0
1982-09-09,19.700000762939453
1982-09-10,19.600000381469727
1982-09-11,20.100000381469727
1982-09-12,19.600000381469727
1982-09-13,18.700000762939453
1982-09-14,17.799999237060547
1982-09-15,17.0
1982-09-16,16.5
1982-09-17,15.899999618530273
1982-09-18,15.399999618530273
1982-09-19,15.199999809265135
1982-09-20,15.300000190734865
1982-09-21,15.399999618530273
1982-09-22,15.600000381469727
1982-09-23,15.300000190734865
1982-09-24,15.100000381469727
1982-09-25,14.699999809265135
1982-09-26,16.100000381469727
1982-09-27,17.5
1982-09-28,18.200000762939453
1982-09-29,17.899999618530273
1982-09-30,17.100000381469727
1982-10-01,16.700000762939453
1982-10-02,16.200000762939453
1982-10-03,15.699999809265135
1982-10-04,15.899999618530273
1982-10-05,15.699999809265135
1982-10-06,15.300000190734865
1982-10-07,15.100000381469727
1982-10-08,14.699999809265135
1982-10-09,14.199999809265135
1982-10-10,13.899999618530273
1982-10-11,13.300000190734865
1982-10-12,13.0
1982-10-13,12.800000190734865
1982-10-14,12.800000190734865
1982-10-15,12.399999618530273
1982-10-16,12.199999809265135
1982-10-17,12.199999809265135
1982-10-18,12.300000190734865
1982-10-19,12.300000190734865
1982-10-20,12.100000381469727
1982-10-21,11.699999809265135
1982-10-22,11.800000190734865
1982-10-23,12.0
1982-10-24,11.600000381469727
1982-10-25,11.5
1982-10-26,11.300000190734865
1982-10-27,11.600000381469727
1982-10-28,11.600000381469727
1982-10-29,11.399999618530273
1982-10-30,11.100000381469727
1982-10-31,10.899999618530273
1982-11-01,10.699999809265137
1982-11-02,10.800000190734863
1982-11-03,10.600000381469727
1982-11-04,10.300000190734863
1982-11-05,10.199999809265137
1982-11-06,10.300000190734863
1982-11-07,10.0
1982-11-08,9.510000228881836
1982-11-09,9.119999885559082
1982-11-10,8.100000381469728
1982-11-11,8.050000190734862
1982-11-12,8.020000457763674
1982-11-13,7.949999809265138
1982-11-14,7.829999923706055
1982-11-15,7.650000095367432
1982-11-16,7.889999866485598
1982-11-17,8.380000114440918
1982-11-18,8.680000305175781
1982-11-19,8.619999885559082
1982-11-20,8.470000267028809
1982-11-21,7.849999904632567
1982-11-22,6.0
1982-11-23,6.5
1982-11-24,6.849999904632568
1982-11-25,7.0
1982-11-26,6.71999979019165
1982-11-27,6.9099998474121085
1982-11-28,7.420000076293945
1982-11-29,7.619999885559082
1982-11-30,7.809999942779541
1982-12-01,7.690000057220459
1982-12-02,7.139999866485598
1982-12-03,7.449999809265138
1982-12-04,8.449999809265138
1982-12-05,7.639999866485598
1982-12-06,7.260000228881836
1982-12-07,6.5
1982-12-08,6.099999904632568
1982-12-09,6.0
1982-12-10,6.0
1982-12-11,6.0
1982-12-12,6.050000190734862
1982-12-13,6.349999904632568
1982-12-14,6.599999904632568
1982-12-15,6.800000190734862
1982-12-16,6.789999961853027
1982-12-17,6.730000019073486
1982-12-18,6.75
1982-12-19,6.610000133514402
1982-12-20,6.449999809265138
1982-12-21,6.269999980926514
1982-12-22,6.340000152587892
1982-12-23,6.130000114440918
1982-12-24,5.800000190734862
1982-12-25,5.699999809265138
1982-12-26,5.949999809265138
1982-12-27,5.829999923706055
1982-12-28,5.730000019073486
1982-12-29,5.550000190734863
1982-12-30,5.449999809265137
1982-12-31,5.5
1983-01-01,5.5
1983-01-02,5.400000095367432
1983-01-03,5.599999904632568
1983-01-04,5.929999828338622
1983-01-05,6.099999904632568
1983-01-06,6.230000019073486
1983-01-07,6.329999923706055
1983-01-08,6.53000020980835
1983-01-09,6.519999980926514
1983-01-10,6.53000020980835
1983-01-11,6.429999828338622
1983-01-12,6.340000152587892
1983-01-13,6.289999961853027
1983-01-14,6.03000020980835
1983-01-15,5.949999809265138
1983-01-16,5.800000190734862
1983-01-17,5.769999980926514
1983-01-18,5.6500000953674325
1983-01-19,5.710000038146973
1983-01-20,5.820000171661378
1983-01-21,5.429999828338623
1983-01-22,5.53000020980835
1983-01-23,5.619999885559082
1983-01-24,5.849999904632568
1983-01-25,5.300000190734863
1983-01-26,5.579999923706055
1983-01-27,5.760000228881836
1983-01-28,5.809999942779541
1983-01-29,5.610000133514403
1983-01-30,5.449999809265137
1983-01-31,5.300000190734863
1983-02-01,5.539999961853027
1983-02-02,5.590000152587892
1983-02-03,5.53000020980835
1983-02-04,5.429999828338623
1983-02-05,5.320000171661377
1983-02-06,5.21999979019165
1983-02-07,5.260000228881836
1983-02-08,5.320000171661377
1983-02-09,5.329999923706055
1983-02-10,5.269999980926514
1983-02-11,5.300000190734863
1983-02-12,5.420000076293945
1983-02-13,5.429999828338623
1983-02-14,5.4099998474121085
1983-02-15,5.510000228881836
1983-02-16,5.489999771118164
1983-02-17,5.519999980926514
1983-02-18,5.460000038146973
1983-02-19,5.4099998474121085
1983-02-20,5.389999866485597
1983-02-21,5.329999923706055
1983-02-22,5.400000095367432
1983-02-23,5.46999979019165
1983-02-24,5.369999885559082
1983-02-25,5.460000038146973
1983-02-26,5.510000228881836
1983-02-27,5.340000152587892
1983-02-28,5.380000114440918
1983-03-01,5.369999885559082
1983-03-02,5.46999979019165
1983-03-03,5.389999866485597
1983-03-04,5.360000133514403
1983-03-05,5.329999923706055
1983-03-06,5.429999828338623
1983-03-07,5.380000114440918
1983-03-08,5.360000133514403
1983-03-09,5.849999904632568
1983-03-10,6.4000000953674325
1983-03-11,6.53000020980835
1983-03-12,6.340000152587892
1983-03-13,6.179999828338622
1983-03-14,6.110000133514402
1983-03-15,6.050000190734862
1983-03-16,5.940000057220459
1983-03-17,5.840000152587892
1983-03-18,5.639999866485598
1983-03-19,5.190000057220459
1983-03-20,5.6599998474121085
1983-03-21,5.699999809265138
1983-03-22,5.590000152587892
1983-03-23,5.53000020980835
1983-03-24,5.46999979019165
1983-03-25,5.570000171661377
1983-03-26,5.610000133514403
1983-03-27,5.670000076293945
1983-03-28,5.570000171661377
1983-03-29,5.489999771118164
1983-03-30,5.570000171661377
1983-03-31,5.6500000953674325
1983-04-01,5.610000133514403
1983-04-02,5.519999980926514
1983-04-03,5.679999828338622
1983-04-04,5.539999961853027
1983-04-05,5.46999979019165
1983-04-06,5.53000020980835
1983-04-07,5.739999771118164
1983-04-08,5.949999809265138
1983-04-09,6.070000171661378
1983-04-10,5.96999979019165
1983-04-11,6.010000228881836
1983-04-12,5.840000152587892
1983-04-13,5.9000000953674325
1983-04-14,5.940000057220459
1983-04-15,5.860000133514402
1983-04-16,5.849999904632568
1983-04-17,5.9099998474121085
1983-04-18,6.070000171661378
1983-04-19,6.4000000953674325
1983-04-20,6.809999942779541
1983-04-21,7.630000114440918
1983-04-22,8.779999732971191
1983-04-23,10.899999618530273
1983-04-24,15.300000190734865
1983-04-25,24.60000038146973
1983-04-26,24.29999923706055
1983-04-27,22.5
1983-04-28,21.0
1983-04-29,20.0
1983-04-30,19.299999237060547
1983-05-01,18.799999237060547
1983-05-02,18.5
1983-05-03,18.89999961853028
1983-05-04,19.299999237060547
1983-05-05,19.799999237060547
1983-05-06,20.799999237060547
1983-05-07,22.70000076293945
1983-05-08,24.60000038146973
1983-05-09,25.5
1983-05-10,25.20000076293945
1983-05-11,24.29999923706055
1983-05-12,24.5
1983-05-13,25.70000076293945
1983-05-14,27.29999923706055
1983-05-15,29.29999923706055
1983-05-16,30.899999618530284
1983-05-17,31.899999618530284
1983-05-18,33.799999237060554
1983-05-19,35.29999923706055
1983-05-20,35.5
1983-05-21,39.099998474121094
1983-05-22,46.4000015258789
1983-05-23,55.79999923706055
1983-05-24,64.80000305175781
1983-05-25,77.30000305175781
1983-05-26,93.8000030517578
1983-05-27,102.0
1983-05-28,108.0
1983-05-29,116.0
1983-05-30,124.0
1983-05-31,117.0
1983-06-01,104.0
1983-06-02,91.5999984741211
1983-06-03,89.80000305175781
1983-06-04,94.0999984741211
1983-06-05,92.0999984741211
1983-06-06,88.0999984741211
1983-06-07,83.9000015258789
1983-06-08,85.30000305175781
1983-06-09,85.0999984741211
1983-06-10,79.5
1983-06-11,73.19999694824219
1983-06-12,66.59999847412111
1983-06-13,59.79999923706055
1983-06-14,54.599998474121094
1983-06-15,52.599998474121094
1983-06-16,51.9000015258789
1983-06-17,50.4000015258789
1983-06-18,50.4000015258789
1983-06-19,49.099998474121094
1983-06-20,45.599998474121094
1983-06-21,41.79999923706055
1983-06-22,38.20000076293945
1983-06-23,39.099998474121094
1983-06-24,47.20000076293945
1983-06-25,54.20000076293945
1983-06-26,52.29999923706055
1983-06-27,46.79999923706055
1983-06-28,44.29999923706055
1983-06-29,43.29999923706055
1983-06-30,45.20000076293945
1983-07-01,45.29999923706055
1983-07-02,43.5
1983-07-03,44.900001525878906
1983-07-04,45.4000015258789
1983-07-05,46.20000076293945
1983-07-06,46.5
1983-07-07,47.5
1983-07-08,48.4000015258789
1983-07-09,47.70000076293945
1983-07-10,44.400001525878906
1983-07-11,40.599998474121094
1983-07-12,38.900001525878906
1983-07-13,42.099998474121094
1983-07-14,51.29999923706055
1983-07-15,56.20000076293945
1983-07-16,52.79999923706055
1983-07-17,49.0
1983-07-18,45.599998474121094
1983-07-19,42.0
1983-07-20,40.70000076293945
1983-07-21,40.599998474121094
1983-07-22,38.599998474121094
1983-07-23,36.599998474121094
1983-07-24,34.900001525878906
1983-07-25,35.0
1983-07-26,36.79999923706055
1983-07-27,36.70000076293945
1983-07-28,34.09999847412109
1983-07-29,31.899999618530284
1983-07-30,30.0
1983-07-31,28.79999923706055
1983-08-01,28.10000038146973
1983-08-02,27.5
1983-08-03,27.20000076293945
1983-08-04,27.20000076293945
1983-08-05,26.5
1983-08-06,25.60000038146973
1983-08-07,25.0
1983-08-08,24.899999618530284
1983-08-09,24.70000076293945
1983-08-10,24.399999618530284
1983-08-11,24.5
1983-08-12,24.399999618530284
1983-08-13,24.0
1983-08-14,23.60000038146973
1983-08-15,22.79999923706055
1983-08-16,22.0
1983-08-17,21.700000762939453
1983-08-18,20.89999961853028
1983-08-19,20.39999961853028
1983-08-20,19.89999961853028
1983-08-21,19.5
1983-08-22,18.89999961853028
1983-08-23,19.299999237060547
1983-08-24,19.799999237060547
1983-08-25,18.600000381469727
1983-08-26,17.399999618530273
1983-08-27,17.100000381469727
1983-08-28,16.799999237060547
1983-08-29,16.399999618530273
1983-08-30,16.0
1983-08-31,15.600000381469727
1983-09-01,15.399999618530273
1983-09-02,15.399999618530273
1983-09-03,15.699999809265135
1983-09-04,15.399999618530273
1983-09-05,15.199999809265135
1983-09-06,15.0
1983-09-07,14.399999618530273
1983-09-08,14.199999809265135
1983-09-09,14.100000381469727
1983-09-10,13.5
1983-09-11,13.300000190734865
1983-09-12,13.0
1983-09-13,12.600000381469727
1983-09-14,12.300000190734865
1983-09-15,11.899999618530273
1983-09-16,11.699999809265135
1983-09-17,11.600000381469727
1983-09-18,11.699999809265135
1983-09-19,11.699999809265135
1983-09-20,11.600000381469727
1983-09-21,11.300000190734865
1983-09-22,11.0
1983-09-23,10.800000190734863
1983-09-24,10.600000381469727
1983-09-25,10.300000190734863
1983-09-26,9.979999542236328
1983-09-27,10.300000190734863
1983-09-28,10.899999618530273
1983-09-29,10.699999809265137
1983-09-30,10.800000190734863
1983-10-01,10.600000381469727
1983-10-02,10.5
1983-10-03,10.300000190734863
1983-10-04,10.199999809265137
1983-10-05,10.0
1983-10-06,10.100000381469727
1983-10-07,10.0
1983-10-08,9.970000267028807
1983-10-09,9.779999732971193
1983-10-10,9.760000228881836
1983-10-11,9.649999618530273
1983-10-12,9.460000038146973
1983-10-13,9.40999984741211
1983-10-14,9.220000267028807
1983-10-15,9.06999969482422
1983-10-16,8.960000038146973
1983-10-17,8.960000038146973
1983-10-18,8.850000381469727
1983-10-19,8.640000343322754
1983-10-20,8.420000076293945
1983-10-21,8.390000343322754
1983-10-22,8.479999542236326
1983-10-23,8.640000343322754
1983-10-24,8.489999771118164
1983-10-25,8.430000305175781
1983-10-26,8.220000267028809
1983-10-27,8.119999885559082
1983-10-28,8.020000457763674
1983-10-29,7.9099998474121085
1983-10-30,7.9099998474121085
1983-10-31,7.9099998474121085
1983-11-01,7.820000171661378
1983-11-02,7.760000228881836
1983-11-03,8.090000152587889
1983-11-04,9.84000015258789
1983-11-05,9.979999542236328
1983-11-06,10.199999809265137
1983-11-07,10.100000381469727
1983-11-08,9.970000267028807
1983-11-09,9.84000015258789
1983-11-10,9.550000190734863
1983-11-11,9.600000381469727
1983-11-12,9.489999771118164
1983-11-13,9.510000228881836
1983-11-14,9.43000030517578
1983-11-15,9.199999809265137
1983-11-16,8.90999984741211
1983-11-17,8.90999984741211
1983-11-18,8.819999694824219
1983-11-19,8.699999809265138
1983-11-20,8.689999580383299
1983-11-21,8.399999618530272
1983-11-22,7.920000076293945
1983-11-23,7.880000114440918
1983-11-24,7.610000133514402
1983-11-25,7.849999904632567
1983-11-26,7.78000020980835
1983-11-27,7.769999980926514
1983-11-28,7.5
1983-11-29,7.21999979019165
1983-11-30,6.960000038146973
1983-12-01,6.599999904632568
1983-12-02,6.050000190734862
1983-12-03,6.0
1983-12-04,6.0
1983-12-05,6.0
1983-12-06,6.0
1983-12-07,6.050000190734862
1983-12-08,6.199999809265138
1983-12-09,6.4000000953674325
1983-12-10,6.429999828338622
1983-12-11,6.420000076293945
1983-12-12,6.369999885559082
1983-12-13,6.369999885559082
1983-12-14,6.489999771118164
1983-12-15,6.449999809265138
1983-12-16,6.349999904632568
1983-12-17,6.349999904632568
1983-12-18,6.329999923706055
1983-12-19,6.320000171661378
1983-12-20,6.230000019073486
1983-12-21,6.199999809265138
1983-12-22,6.199999809265138
1983-12-23,6.03000020980835
1983-12-24,5.699999809265138
1983-12-25,5.699999809265138
1983-12-26,5.75
1983-12-27,5.800000190734862
1983-12-28,6.0
1983-12-29,6.199999809265138
1983-12-30,6.349999904632568
1983-12-31,6.4000000953674325
1984-01-01,6.949999809265138
1984-01-02,8.0
1984-01-03,9.199999809265137
1984-01-04,10.600000381469727
1984-01-05,12.199999809265135
1984-01-06,12.199999809265135
1984-01-07,10.399999618530273
1984-01-08,8.800000190734863
1984-01-09,7.5
1984-01-10,6.380000114440918
1984-01-11,6.4099998474121085
1984-01-12,6.360000133514402
1984-01-13,5.860000133514402
1984-01-14,5.75
1984-01-15,5.550000190734863
1984-01-16,5.46999979019165
1984-01-17,5.369999885559082
1984-01-18,5.349999904632568
1984-01-19,5.320000171661377
1984-01-20,5.300000190734863
1984-01-21,5.360000133514403
1984-01-22,5.380000114440918
1984-01-23,5.400000095367432
1984-01-24,5.480000019073486
1984-01-25,5.53000020980835
1984-01-26,5.579999923706055
1984-01-27,5.590000152587892
1984-01-28,5.78000020980835
1984-01-29,5.980000019073486
1984-01-30,5.75
1984-01-31,5.510000228881836
1984-02-01,5.440000057220459
1984-02-02,5.389999866485597
1984-02-03,5.460000038146973
1984-02-04,5.440000057220459
1984-02-05,5.369999885559082
1984-02-06,5.25
1984-02-07,5.239999771118164
1984-02-08,5.239999771118164
1984-02-09,5.28000020980835
1984-02-10,5.260000228881836
1984-02-11,5.190000057220459
1984-02-12,5.010000228881836
1984-02-13,5.050000190734863
1984-02-14,4.949999809265137
1984-02-15,4.889999866485597
1984-02-16,4.840000152587892
1984-02-17,4.800000190734863
1984-02-18,5.070000171661377
1984-02-19,5.039999961853027
1984-02-20,4.920000076293945
1984-02-21,4.96999979019165
1984-02-22,5.090000152587892
1984-02-23,4.889999866485597
1984-02-24,4.75
1984-02-25,4.670000076293945
1984-02-26,4.730000019073486
1984-02-27,4.690000057220459
1984-02-28,4.670000076293945
1984-02-29,4.630000114440918
1984-03-01,4.590000152587892
1984-03-02,4.710000038146973
1984-03-03,4.710000038146973
1984-03-04,4.6599998474121085
1984-03-05,4.730000019073486
1984-03-06,4.809999942779541
1984-03-07,4.940000057220459
1984-03-08,4.929999828338623
1984-03-09,4.889999866485597
1984-03-10,5.21999979019165
1984-03-11,5.199999809265137
1984-03-12,5.369999885559082
1984-03-13,5.239999771118164
1984-03-14,5.190000057220459
1984-03-15,4.889999866485597
1984-03-16,4.949999809265137
1984-03-17,5.110000133514403
1984-03-18,5.099999904632568
1984-03-19,5.110000133514403
1984-03-20,5.269999980926514
1984-03-21,5.6500000953674325
1984-03-22,5.769999980926514
1984-03-23,5.699999809265138
1984-03-24,5.840000152587892
1984-03-25,5.639999866485598
1984-03-26,5.579999923706055
1984-03-27,5.550000190734863
1984-03-28,5.489999771118164
1984-03-29,5.480000019073486
1984-03-30,5.400000095367432
1984-03-31,5.420000076293945
1984-04-01,5.309999942779541
1984-04-02,5.340000152587892
1984-04-03,5.309999942779541
1984-04-04,5.329999923706055
1984-04-05,5.4099998474121085
1984-04-06,5.480000019073486
1984-04-07,5.429999828338623
1984-04-08,5.570000171661377
1984-04-09,5.519999980926514
1984-04-10,5.610000133514403
1984-04-11,5.570000171661377
1984-04-12,5.5
1984-04-13,5.599999904632568
1984-04-14,5.670000076293945
1984-04-15,5.699999809265138
1984-04-16,6.210000038146973
1984-04-17,7.4099998474121085
1984-04-18,9.350000381469727
1984-04-19,10.600000381469727
1984-04-20,11.199999809265137
1984-04-21,11.699999809265135
1984-04-22,13.0
1984-04-23,14.199999809265135
1984-04-24,14.600000381469727
1984-04-25,14.0
1984-04-26,13.399999618530273
1984-04-27,12.699999809265135
1984-04-28,12.399999618530273
1984-04-29,11.899999618530273
1984-04-30,11.199999809265137
1984-05-01,11.199999809265137
1984-05-02,11.100000381469727
1984-05-03,10.899999618530273
1984-05-04,10.600000381469727
1984-05-05,10.600000381469727
1984-05-06,10.600000381469727
1984-05-07,10.5
1984-05-08,10.699999809265137
1984-05-09,10.899999618530273
1984-05-10,11.100000381469727
1984-05-11,11.100000381469727
1984-05-12,11.300000190734865
1984-05-13,11.100000381469727
1984-05-14,11.399999618530273
1984-05-15,14.899999618530273
1984-05-16,24.29999923706055
1984-05-17,31.5
1984-05-18,32.799999237060554
1984-05-19,33.299999237060554
1984-05-20,35.5
1984-05-21,37.0
1984-05-22,35.29999923706055
1984-05-23,33.59999847412109
1984-05-24,33.0
1984-05-25,32.59999847412109
1984-05-26,31.70000076293945
1984-05-27,30.10000038146973
1984-05-28,29.79999923706055
1984-05-29,34.0
1984-05-30,56.599998474121094
1984-05-31,86.69999694824219
1984-06-01,77.0999984741211
1984-06-02,63.79999923706055
1984-06-03,58.20000076293945
1984-06-04,55.70000076293945
1984-06-05,54.29999923706055
1984-06-06,56.099998474121094
1984-06-07,62.599998474121094
1984-06-08,71.0
1984-06-09,80.80000305175781
1984-06-10,76.9000015258789
1984-06-11,73.5999984741211
1984-06-12,75.9000015258789
1984-06-13,85.19999694824219
1984-06-14,90.8000030517578
1984-06-15,100.0
1984-06-16,111.0
1984-06-17,109.0
1984-06-18,100.0
1984-06-19,91.5999984741211
1984-06-20,87.4000015258789
1984-06-21,87.19999694824219
1984-06-22,87.0
1984-06-23,80.9000015258789
1984-06-24,85.0
1984-06-25,92.0999984741211
1984-06-26,95.8000030517578
1984-06-27,95.8000030517578
1984-06-28,99.4000015258789
1984-06-29,99.0
1984-06-30,97.4000015258789
1984-07-01,81.69999694824219
1984-07-02,67.30000305175781
1984-07-03,59.0
1984-07-04,56.20000076293945
1984-07-05,55.29999923706055
1984-07-06,57.5
1984-07-07,55.79999923706055
1984-07-08,51.9000015258789
1984-07-09,47.4000015258789
1984-07-10,44.5
1984-07-11,42.400001525878906
1984-07-12,42.900001525878906
1984-07-13,43.599998474121094
1984-07-14,42.599998474121094
1984-07-15,40.900001525878906
1984-07-16,39.099998474121094
1984-07-17,38.599998474121094
1984-07-18,39.0
1984-07-19,37.900001525878906
1984-07-20,37.29999923706055
1984-07-21,36.0
1984-07-22,34.799999237060554
1984-07-23,31.5
1984-07-24,29.29999923706055
1984-07-25,28.0
1984-07-26,27.399999618530284
1984-07-27,28.79999923706055
1984-07-28,30.399999618530284
1984-07-29,31.399999618530284
1984-07-30,32.299999237060554
1984-07-31,30.5
1984-08-01,28.60000038146973
1984-08-02,27.5
1984-08-03,27.79999923706055
1984-08-04,27.0
1984-08-05,26.60000038146973
1984-08-06,26.79999923706055
1984-08-07,27.399999618530284
1984-08-08,26.70000076293945
1984-08-09,25.20000076293945
1984-08-10,24.29999923706055
1984-08-11,23.70000076293945
1984-08-12,23.5
1984-08-13,22.60000038146973
1984-08-14,21.799999237060547
1984-08-15,20.89999961853028
1984-08-16,19.5
1984-08-17,18.600000381469727
1984-08-18,18.5
1984-08-19,19.200000762939453
1984-08-20,19.200000762939453
1984-08-21,18.39999961853028
1984-08-22,17.5
1984-08-23,16.600000381469727
1984-08-24,16.399999618530273
1984-08-25,16.200000762939453
1984-08-26,16.100000381469727
1984-08-27,15.899999618530273
1984-08-28,16.799999237060547
1984-08-29,17.299999237060547
1984-08-30,16.600000381469727
1984-08-31,15.800000190734865
1984-09-01,15.199999809265135
1984-09-02,14.5
1984-09-03,13.800000190734865
1984-09-04,13.5
1984-09-05,13.199999809265135
1984-09-06,12.699999809265135
1984-09-07,13.199999809265135
1984-09-08,13.300000190734865
1984-09-09,13.0
1984-09-10,13.0
1984-09-11,13.0
1984-09-12,12.800000190734865
1984-09-13,12.399999618530273
1984-09-14,12.5
1984-09-15,12.600000381469727
1984-09-16,12.199999809265135
1984-09-17,11.800000190734865
1984-09-18,11.399999618530273
1984-09-19,11.899999618530273
1984-09-20,12.399999618530273
1984-09-21,15.0
1984-09-22,14.800000190734865
1984-09-23,14.300000190734865
1984-09-24,13.800000190734865
1984-09-25,13.300000190734865
1984-09-26,13.0
1984-09-27,12.600000381469727
1984-09-28,12.5
1984-09-29,12.300000190734865
1984-09-30,12.100000381469727
1984-10-01,11.800000190734865
1984-10-02,11.699999809265135
1984-10-03,11.600000381469727
1984-10-04,11.300000190734865
1984-10-05,11.5
1984-10-06,11.800000190734865
1984-10-07,11.300000190734865
1984-10-08,11.300000190734865
1984-10-09,11.199999809265137
1984-10-10,11.199999809265137
1984-10-11,11.399999618530273
1984-10-12,11.600000381469727
1984-10-13,11.699999809265135
1984-10-14,11.399999618530273
1984-10-15,11.199999809265137
1984-10-16,11.100000381469727
1984-10-17,11.0
1984-10-18,10.899999618530273
1984-10-19,10.600000381469727
1984-10-20,10.300000190734863
1984-10-21,10.0
1984-10-22,10.100000381469727
1984-10-23,9.800000190734863
1984-10-24,9.850000381469727
1984-10-25,10.0
1984-10-26,9.800000190734863
1984-10-27,9.800000190734863
1984-10-28,9.850000381469727
1984-10-29,9.300000190734863
1984-10-30,9.0
1984-10-31,8.199999809265138
1984-11-01,6.800000190734862
1984-11-02,6.599999904632568
1984-11-03,8.699999809265138
1984-11-04,10.300000190734863
1984-11-05,10.699999809265137
1984-11-06,10.100000381469727
1984-11-07,10.0
1984-11-08,9.800000190734863
1984-11-09,9.68000030517578
1984-11-10,9.800000190734863
1984-11-11,10.0
1984-11-12,10.199999809265137
1984-11-13,10.300000190734863
1984-11-14,9.75
1984-11-15,9.300000190734863
1984-11-16,8.899999618530273
1984-11-17,8.600000381469728
1984-11-18,8.600000381469728
1984-11-19,8.699999809265138
1984-11-20,9.0
1984-11-21,8.949999809265137
1984-11-22,8.699999809265138
1984-11-23,8.399999618530272
1984-11-24,8.399999618530272
1984-11-25,7.900000095367432
1984-11-26,7.400000095367432
1984-11-27,6.599999904632568
1984-11-28,6.1599998474121085
1984-11-29,6.639999866485598
1984-11-30,6.440000057220459
1984-12-01,6.300000190734862
1984-12-02,5.980000019073486
1984-12-03,5.71999979019165
1984-12-04,5.400000095367432
1984-12-05,5.0
1984-12-06,5.0
1984-12-07,5.199999809265137
1984-12-08,5.699999809265138
1984-12-09,5.800000190734862
1984-12-10,5.599999904632568
1984-12-11,5.420000076293945
1984-12-12,5.349999904632568
1984-12-13,5.21999979019165
1984-12-14,5.28000020980835
1984-12-15,5.300000190734863
1984-12-16,5.079999923706055
1984-12-17,5.0
1984-12-18,4.78000020980835
1984-12-19,4.739999771118164
1984-12-20,4.78000020980835
1984-12-21,4.920000076293945
1984-12-22,5.039999961853027
1984-12-23,5.199999809265137
1984-12-24,5.039999961853027
1984-12-25,5.170000076293945
1984-12-26,5.300000190734863
1984-12-27,5.320000171661377
1984-12-28,5.139999866485597
1984-12-29,4.980000019073486
1984-12-30,4.880000114440918
1984-12-31,4.639999866485597
1985-01-01,4.619999885559082
1985-01-02,4.639999866485597
1985-01-03,4.71999979019165
1985-01-04,4.679999828338623
1985-01-05,5.070000171661377
1985-01-06,4.980000019073486
1985-01-07,5.0
1985-01-08,5.0
1985-01-09,4.980000019073486
1985-01-10,4.920000076293945
1985-01-11,4.880000114440918
1985-01-12,4.849999904632568
1985-01-13,4.829999923706055
1985-01-14,4.880000114440918
1985-01-15,4.929999828338623
1985-01-16,4.980000019073486
1985-01-17,5.099999904632568
1985-01-18,5.059999942779541
1985-01-19,5.019999980926514
1985-01-20,4.960000038146973
1985-01-21,5.010000228881836
1985-01-22,4.980000019073486
1985-01-23,4.980000019073486
1985-01-24,4.96999979019165
1985-01-25,4.960000038146973
1985-01-26,4.949999809265137
1985-01-27,4.920000076293945
1985-01-28,4.829999923706055
1985-01-29,4.699999809265137
1985-01-30,4.5
1985-01-31,4.300000190734863
1985-02-01,4.099999904632568
1985-02-02,4.019999980926514
1985-02-03,3.9600000381469727
1985-02-04,3.940000057220459
1985-02-05,3.990000009536743
1985-02-06,4.019999980926514
1985-02-07,4.099999904632568
1985-02-08,4.179999828338623
1985-02-09,4.0
1985-02-10,4.0
1985-02-11,4.030000209808351
1985-02-12,4.059999942779541
1985-02-13,4.090000152587892
1985-02-14,4.190000057220459
1985-02-15,4.199999809265137
1985-02-16,4.170000076293944
1985-02-17,4.170000076293944
1985-02-18,4.179999828338623
1985-02-19,4.199999809265137
1985-02-20,4.260000228881837
1985-02-21,4.260000228881837
1985-02-22,4.320000171661377
1985-02-23,4.349999904632568
1985-02-24,4.389999866485597
1985-02-25,4.349999904632568
1985-02-26,4.25
1985-02-27,4.179999828338623
1985-02-28,4.300000190734863
1985-03-01,4.199999809265137
1985-03-02,4.199999809265137
1985-03-03,3.900000095367432
1985-03-04,3.8199999332427983
1985-03-05,3.900000095367432
1985-03-06,3.869999885559082
1985-03-07,3.849999904632568
1985-03-08,3.9600000381469727
1985-03-09,3.900000095367432
1985-03-10,3.900000095367432
1985-03-11,3.829999923706055
1985-03-12,3.900000095367432
1985-03-13,3.900000095367432
1985-03-14,3.920000076293945
1985-03-15,4.110000133514403
1985-03-16,4.190000057220459
1985-03-17,4.25
1985-03-18,4.280000209808351
1985-03-19,4.46999979019165
1985-03-20,4.599999904632568
1985-03-21,4.760000228881836
1985-03-22,4.71999979019165
1985-03-23,4.739999771118164
1985-03-24,4.800000190734863
1985-03-25,4.730000019073486
1985-03-26,4.849999904632568
1985-03-27,4.800000190734863
1985-03-28,4.710000038146973
1985-03-29,4.449999809265137
1985-03-30,4.71999979019165
1985-03-31,4.699999809265137
1985-04-01,5.130000114440918
1985-04-02,5.730000019073486
1985-04-03,6.070000171661378
1985-04-04,6.050000190734862
1985-04-05,5.9099998474121085
1985-04-06,5.989999771118164
1985-04-07,6.099999904632568
1985-04-08,6.25
1985-04-09,6.289999961853027
1985-04-10,6.78000020980835
1985-04-11,7.360000133514402
1985-04-12,8.140000343322754
1985-04-13,9.25
1985-04-14,11.899999618530273
1985-04-15,14.100000381469727
1985-04-16,15.0
1985-04-17,15.399999618530273
1985-04-18,16.100000381469727
1985-04-19,15.899999618530273
1985-04-20,15.5
1985-04-21,14.699999809265135
1985-04-22,13.800000190734865
1985-04-23,13.300000190734865
1985-04-24,12.699999809265135
1985-04-25,12.399999618530273
1985-04-26,11.800000190734865
1985-04-27,11.5
1985-04-28,12.100000381469727
1985-04-29,12.800000190734865
1985-04-30,13.899999618530273
1985-05-01,15.100000381469727
1985-05-02,17.700000762939453
1985-05-03,23.899999618530284
1985-05-04,32.09999847412109
1985-05-05,32.299999237060554
1985-05-06,30.10000038146973
1985-05-07,29.899999618530284
1985-05-08,31.899999618530284
1985-05-09,33.400001525878906
1985-05-10,34.0
1985-05-11,33.5
1985-05-12,31.70000076293945
1985-05-13,30.29999923706055
1985-05-14,30.29999923706055
1985-05-15,31.5
1985-05-16,35.599998474121094
1985-05-17,42.79999923706055
1985-05-18,53.79999923706055
1985-05-19,67.09999847412111
1985-05-20,76.80000305175781
1985-05-21,85.5
1985-05-22,90.0999984741211
1985-05-23,96.0
1985-05-24,102.0
1985-05-25,107.0
1985-05-26,110.0
1985-05-27,98.8000030517578
1985-05-28,85.4000015258789
1985-05-29,79.30000305175781
1985-05-30,79.4000015258789
1985-05-31,80.4000015258789
1985-06-01,82.19999694824219
1985-06-02,80.0999984741211
1985-06-03,73.5
1985-06-04,70.19999694824219
1985-06-05,68.30000305175781
1985-06-06,66.5
1985-06-07,68.80000305175781
1985-06-08,89.0
1985-06-09,89.80000305175781
1985-06-10,78.80000305175781
1985-06-11,69.30000305175781
1985-06-12,65.30000305175781
1985-06-13,63.599998474121094
1985-06-14,64.90000152587889
1985-06-15,66.90000152587889
1985-06-16,68.30000305175781
1985-06-17,63.0
1985-06-18,58.4000015258789
1985-06-19,58.0
1985-06-20,62.20000076293945
1985-06-21,61.4000015258789
1985-06-22,55.4000015258789
1985-06-23,51.70000076293945
1985-06-24,48.29999923706055
1985-06-25,44.0
1985-06-26,39.900001525878906
1985-06-27,37.5
1985-06-28,37.20000076293945
1985-06-29,37.900001525878906
1985-06-30,39.20000076293945
1985-07-01,40.70000076293945
1985-07-02,40.0
1985-07-03,38.5
1985-07-04,38.5
1985-07-05,38.0
1985-07-06,38.0
1985-07-07,36.900001525878906
1985-07-08,34.5
1985-07-09,33.299999237060554
1985-07-10,32.900001525878906
1985-07-11,32.799999237060554
1985-07-12,32.400001525878906
1985-07-13,31.20000076293945
1985-07-14,29.20000076293945
1985-07-15,27.10000038146973
1985-07-16,26.10000038146973
1985-07-17,27.10000038146973
1985-07-18,26.899999618530284
1985-07-19,25.10000038146973
1985-07-20,24.20000076293945
1985-07-21,23.5
1985-07-22,23.20000076293945
1985-07-23,23.10000038146973
1985-07-24,23.20000076293945
1985-07-25,22.5
1985-07-26,21.600000381469727
1985-07-27,20.700000762939453
1985-07-28,20.200000762939453
1985-07-29,19.600000381469727
1985-07-30,19.200000762939453
1985-07-31,19.0
1985-08-01,18.89999961853028
1985-08-02,18.799999237060547
1985-08-03,18.89999961853028
1985-08-04,18.600000381469727
1985-08-05,18.299999237060547
1985-08-06,18.299999237060547
1985-08-07,18.100000381469727
1985-08-08,17.799999237060547
1985-08-09,17.799999237060547
1985-08-10,17.399999618530273
1985-08-11,17.0
1985-08-12,16.799999237060547
1985-08-13,16.700000762939453
1985-08-14,16.399999618530273
1985-08-15,17.200000762939453
1985-08-16,18.700000762939453
1985-08-17,19.100000381469727
1985-08-18,18.89999961853028
1985-08-19,18.799999237060547
1985-08-20,18.5
1985-08-21,18.299999237060547
1985-08-22,19.0
1985-08-23,18.89999961853028
1985-08-24,18.39999961853028
1985-08-25,17.899999618530273
1985-08-26,17.200000762939453
1985-08-27,17.0
1985-08-28,16.899999618530273
1985-08-29,16.600000381469727
1985-08-30,16.200000762939453
1985-08-31,16.0
1985-09-01,15.699999809265135
1985-09-02,15.100000381469727
1985-09-03,14.5
1985-09-04,14.399999618530273
1985-09-05,14.199999809265135
1985-09-06,14.899999618530273
1985-09-07,15.600000381469727
1985-09-08,15.5
1985-09-09,15.100000381469727
1985-09-10,14.800000190734865
1985-09-11,14.399999618530273
1985-09-12,18.600000381469727
1985-09-13,31.29999923706055
1985-09-14,35.79999923706055
1985-09-15,33.700000762939446
1985-09-16,31.0
1985-09-17,29.0
1985-09-18,27.10000038146973
1985-09-19,25.5
1985-09-20,23.899999618530284
1985-09-21,22.5
1985-09-22,21.600000381469727
1985-09-23,20.600000381469727
1985-09-24,19.89999961853028
1985-09-25,19.200000762939453
1985-09-26,18.5
1985-09-27,18.0
1985-09-28,17.799999237060547
1985-09-29,17.5
1985-09-30,16.899999618530273
1985-10-01,16.5
1985-10-02,16.100000381469727
1985-10-03,15.899999618530273
1985-10-04,15.5
1985-10-05,15.199999809265135
1985-10-06,15.0
1985-10-07,14.699999809265135
1985-10-08,14.300000190734865
1985-10-09,13.699999809265135
1985-10-10,13.199999809265135
1985-10-11,13.199999809265135
1985-10-12,13.199999809265135
1985-10-13,13.0
1985-10-14,12.800000190734865
1985-10-15,12.800000190734865
1985-10-16,12.699999809265135
1985-10-17,13.100000381469727
1985-10-18,13.399999618530273
1985-10-19,13.300000190734865
1985-10-20,13.199999809265135
1985-10-21,13.100000381469727
1985-10-22,13.100000381469727
1985-10-23,13.100000381469727
1985-10-24,13.0
1985-10-25,14.0
1985-10-26,14.0
1985-10-27,13.800000190734865
1985-10-28,14.0
1985-10-29,14.199999809265135
1985-10-30,14.199999809265135
1985-10-31,13.800000190734865
1985-11-01,13.5
1985-11-02,13.399999618530273
1985-11-03,13.5
1985-11-04,13.800000190734865
1985-11-05,14.100000381469727
1985-11-06,13.699999809265135
1985-11-07,13.100000381469727
1985-11-08,12.5
1985-11-09,11.899999618530273
1985-11-10,11.300000190734865
1985-11-11,9.630000114440918
1985-11-12,9.0
1985-11-13,8.470000267028809
1985-11-14,8.479999542236326
1985-11-15,8.550000190734862
1985-11-16,8.600000381469728
1985-11-17,8.569999694824219
1985-11-18,8.100000381469728
1985-11-19,7.579999923706055
1985-11-20,7.099999904632568
1985-11-21,6.860000133514402
1985-11-22,6.579999923706055
1985-11-23,6.369999885559082
1985-11-24,6.119999885559082
1985-11-25,6.070000171661378
1985-11-26,6.050000190734862
1985-11-27,6.039999961853027
1985-11-28,6.0
1985-11-29,5.96999979019165
1985-11-30,6.0
1985-12-01,5.989999771118164
1985-12-02,6.019999980926514
1985-12-03,6.199999809265138
1985-12-04,6.5
1985-12-05,6.699999809265138
1985-12-06,6.9000000953674325
1985-12-07,6.980000019073486
1985-12-08,6.940000057220459
1985-12-09,6.800000190734862
1985-12-10,6.559999942779541
1985-12-11,6.420000076293945
1985-12-12,6.480000019073486
1985-12-13,6.599999904632568
1985-12-14,6.619999885559082
1985-12-15,6.880000114440918
1985-12-16,7.179999828338622
1985-12-17,7.320000171661378
1985-12-18,7.400000095367432
1985-12-19,7.25
1985-12-20,7.079999923706055
1985-12-21,7.0
1985-12-22,6.9000000953674325
1985-12-23,6.599999904632568
1985-12-24,6.679999828338622
1985-12-25,6.599999904632568
1985-12-26,6.300000190734862
1985-12-27,6.25
1985-12-28,6.21999979019165
1985-12-29,6.0
1985-12-30,5.920000076293945
1985-12-31,5.920000076293945
1986-01-01,6.099999904632568
1986-01-02,6.0
1986-01-03,5.9000000953674325
1986-01-04,5.699999809265138
1986-01-05,5.75
1986-01-06,6.010000228881836
1986-01-07,6.0
1986-01-08,6.1500000953674325
1986-01-09,6.300000190734862
1986-01-10,6.429999828338622
1986-01-11,6.4099998474121085
1986-01-12,6.300000190734862
1986-01-13,6.0
1986-01-14,6.03000020980835
1986-01-15,6.010000228881836
1986-01-16,6.199999809265138
1986-01-17,6.1500000953674325
1986-01-18,6.380000114440918
1986-01-19,6.800000190734862
1986-01-20,6.5
1986-01-21,6.420000076293945
1986-01-22,6.349999904632568
1986-01-23,6.4000000953674325
1986-01-24,6.449999809265138
1986-01-25,6.0
1986-01-26,5.9000000953674325
1986-01-27,5.920000076293945
1986-01-28,6.050000190734862
1986-01-29,5.949999809265138
1986-01-30,6.039999961853027
1986-01-31,6.199999809265138
1986-02-01,6.170000076293945
1986-02-02,6.099999904632568
1986-02-03,6.070000171661378
1986-02-04,5.869999885559082
1986-02-05,5.599999904632568
1986-02-06,5.599999904632568
1986-02-07,5.320000171661377
1986-02-08,5.199999809265137
1986-02-09,5.0
1986-02-10,5.25
1986-02-11,5.369999885559082
1986-02-12,5.110000133514403
1986-02-13,4.920000076293945
1986-02-14,4.829999923706055
1986-02-15,4.800000190734863
1986-02-16,4.599999904632568
1986-02-17,4.400000095367432
1986-02-18,4.400000095367432
1986-02-19,4.5
1986-02-20,4.650000095367432
1986-02-21,4.949999809265137
1986-02-22,5.099999904632568
1986-02-23,5.599999904632568
1986-02-24,6.599999904632568
1986-02-25,8.350000381469728
1986-02-26,7.710000038146973
1986-02-27,7.429999828338622
1986-02-28,7.489999771118164
1986-03-01,7.6599998474121085
1986-03-02,7.800000190734862
1986-03-03,7.71999979019165
1986-03-04,7.769999980926514
1986-03-05,7.75
1986-03-06,7.670000076293945
1986-03-07,7.96999979019165
1986-03-08,8.770000457763674
1986-03-09,8.720000267028809
1986-03-10,8.520000457763674
1986-03-11,8.25
1986-03-12,8.140000343322754
1986-03-13,8.020000457763674
1986-03-14,7.809999942779541
1986-03-15,7.760000228881836
1986-03-16,7.619999885559082
1986-03-17,7.480000019073486
1986-03-18,7.389999866485598
1986-03-19,7.369999885559082
1986-03-20,7.519999980926514
1986-03-21,7.699999809265138
1986-03-22,7.820000171661378
1986-03-23,7.760000228881836
1986-03-24,7.769999980926514
1986-03-25,7.670000076293945
1986-03-26,7.579999923706055
1986-03-27,7.800000190734862
1986-03-28,8.529999732971191
1986-03-29,9.350000381469727
1986-03-30,9.859999656677246
1986-03-31,9.9399995803833
1986-04-01,9.68000030517578
1986-04-02,9.399999618530273
1986-04-03,9.300000190734863
1986-04-04,9.260000228881836
1986-04-05,9.270000457763672
1986-04-06,9.289999961853027
1986-04-07,9.510000228881836
1986-04-08,10.100000381469727
1986-04-09,11.399999618530273
1986-04-10,13.600000381469727
1986-04-11,14.699999809265135
1986-04-12,14.5
1986-04-13,13.800000190734865
1986-04-14,13.699999809265135
1986-04-15,13.399999618530273
1986-04-16,13.199999809265135
1986-04-17,13.199999809265135
1986-04-18,13.0
1986-04-19,12.800000190734865
1986-04-20,12.800000190734865
1986-04-21,13.699999809265135
1986-04-22,19.299999237060547
1986-04-23,31.60000038146973
1986-04-24,31.0
1986-04-25,28.29999923706055
1986-04-26,26.29999923706055
1986-04-27,24.70000076293945
1986-04-28,23.79999923706055
1986-04-29,22.60000038146973
1986-04-30,21.299999237060547
1986-05-01,20.39999961853028
1986-05-02,20.100000381469727
1986-05-03,21.299999237060547
1986-05-04,25.899999618530284
1986-05-05,29.79999923706055
1986-05-06,30.5
1986-05-07,29.899999618530284
1986-05-08,30.0
1986-05-09,31.0
1986-05-10,32.400001525878906
1986-05-11,33.299999237060554
1986-05-12,32.400001525878906
1986-05-13,32.299999237060554
1986-05-14,31.399999618530284
1986-05-15,30.20000076293945
1986-05-16,29.20000076293945
1986-05-17,28.5
1986-05-18,28.79999923706055
1986-05-19,32.09999847412109
1986-05-20,42.20000076293945
1986-05-21,64.5
1986-05-22,87.5
1986-05-23,82.19999694824219
1986-05-24,76.0
1986-05-25,84.5
1986-05-26,117.0
1986-05-27,166.0
1986-05-28,195.0
1986-05-29,221.0
1986-05-30,220.0
1986-05-31,225.0
1986-06-01,226.0
1986-06-02,214.0
1986-06-03,197.0
1986-06-04,176.0
1986-06-05,153.0
1986-06-06,144.0
1986-06-07,139.0
1986-06-08,131.0
1986-06-09,122.0
1986-06-10,113.0
1986-06-11,110.0
1986-06-12,111.0
1986-06-13,103.0
1986-06-14,92.0
1986-06-15,90.9000015258789
1986-06-16,89.80000305175781
1986-06-17,80.30000305175781
1986-06-18,78.19999694824219
1986-06-19,78.9000015258789
1986-06-20,74.0
1986-06-21,64.80000305175781
1986-06-22,57.5
1986-06-23,54.0
1986-06-24,55.79999923706055
1986-06-25,59.70000076293945
1986-06-26,60.20000076293945
1986-06-27,56.79999923706055
1986-06-28,54.29999923706055
1986-06-29,55.29999923706055
1986-06-30,61.4000015258789
1986-07-01,60.29999923706055
1986-07-02,56.099998474121094
1986-07-03,56.29999923706055
1986-07-04,57.20000076293945
1986-07-05,52.20000076293945
1986-07-06,47.5
1986-07-07,44.79999923706055
1986-07-08,43.5
1986-07-09,42.900001525878906
1986-07-10,42.29999923706055
1986-07-11,41.900001525878906
1986-07-12,41.5
1986-07-13,40.29999923706055
1986-07-14,38.79999923706055
1986-07-15,37.5
1986-07-16,36.20000076293945
1986-07-17,37.70000076293945
1986-07-18,38.599998474121094
1986-07-19,37.79999923706055
1986-07-20,38.20000076293945
1986-07-21,37.20000076293945
1986-07-22,36.5
1986-07-23,36.0
1986-07-24,35.599998474121094
1986-07-25,34.59999847412109
1986-07-26,35.29999923706055
1986-07-27,36.20000076293945
1986-07-28,34.799999237060554
1986-07-29,33.59999847412109
1986-07-30,32.5
1986-07-31,31.10000038146973
1986-08-01,29.399999618530284
1986-08-02,28.20000076293945
1986-08-03,27.70000076293945
1986-08-04,27.29999923706055
1986-08-05,27.79999923706055
1986-08-06,27.70000076293945
1986-08-07,26.29999923706055
1986-08-08,25.399999618530284
1986-08-09,25.10000038146973
1986-08-10,24.79999923706055
1986-08-11,25.10000038146973
1986-08-12,25.29999923706055
1986-08-13,25.5
1986-08-14,24.79999923706055
1986-08-15,23.79999923706055
1986-08-16,22.899999618530284
1986-08-17,22.60000038146973
1986-08-18,21.5
1986-08-19,20.5
1986-08-20,20.200000762939453
1986-08-21,19.5
1986-08-22,18.89999961853028
1986-08-23,18.39999961853028
1986-08-24,17.899999618530273
1986-08-25,17.799999237060547
1986-08-26,17.100000381469727
1986-08-27,16.600000381469727
1986-08-28,16.200000762939453
1986-08-29,16.100000381469727
1986-08-30,18.299999237060547
1986-08-31,21.200000762939453
1986-09-01,23.29999923706055
1986-09-02,22.899999618530284
1986-09-03,21.5
1986-09-04,20.700000762939453
1986-09-05,20.100000381469727
1986-09-06,18.89999961853028
1986-09-07,18.700000762939453
1986-09-08,18.39999961853028
1986-09-09,18.200000762939453
1986-09-10,17.799999237060547
1986-09-11,18.39999961853028
1986-09-12,17.799999237060547
1986-09-13,17.600000381469727
1986-09-14,17.0
1986-09-15,16.0
1986-09-16,15.800000190734865
1986-09-17,15.399999618530273
1986-09-18,14.800000190734865
1986-09-19,14.399999618530273
1986-09-20,14.100000381469727
1986-09-21,13.699999809265135
1986-09-22,13.5
1986-09-23,13.600000381469727
1986-09-24,14.0
1986-09-25,14.5
1986-09-26,17.600000381469727
1986-09-27,18.0
1986-09-28,16.399999618530273
1986-09-29,15.699999809265135
1986-09-30,15.5
1986-10-01,16.399999618530273
1986-10-02,17.100000381469727
1986-10-03,16.100000381469727
1986-10-04,15.600000381469727
1986-10-05,15.600000381469727
1986-10-06,16.799999237060547
1986-10-07,18.5
1986-10-08,19.799999237060547
1986-10-09,20.0
1986-10-10,19.799999237060547
1986-10-11,18.799999237060547
1986-10-12,18.39999961853028
1986-10-13,18.0
1986-10-14,17.0
1986-10-15,17.0
1986-10-16,16.600000381469727
1986-10-17,16.200000762939453
1986-10-18,16.299999237060547
1986-10-19,15.600000381469727
1986-10-20,15.5
1986-10-21,14.600000381469727
1986-10-22,13.800000190734865
1986-10-23,13.800000190734865
1986-10-24,13.5
1986-10-25,13.399999618530273
1986-10-26,13.5
1986-10-27,15.199999809265135
1986-10-28,15.899999618530273
1986-10-29,15.699999809265135
1986-10-30,15.899999618530273
1986-10-31,16.200000762939453
1986-11-01,15.199999809265135
1986-11-02,14.800000190734865
1986-11-03,14.600000381469727
1986-11-04,14.399999618530273
1986-11-05,14.5
1986-11-06,14.0
1986-11-07,13.800000190734865
1986-11-08,12.800000190734865
1986-11-09,11.0
1986-11-10,9.0
1986-11-11,8.800000190734863
1986-11-12,8.800000190734863
1986-11-13,8.899999618530273
1986-11-14,9.0
1986-11-15,9.149999618530273
1986-11-16,10.199999809265137
1986-11-17,10.600000381469727
1986-11-18,11.199999809265137
1986-11-19,11.399999618530273
1986-11-20,11.699999809265135
1986-11-21,11.5
1986-11-22,11.0
1986-11-23,11.300000190734865
1986-11-24,13.600000381469727
1986-11-25,12.600000381469727
1986-11-26,11.899999618530273
1986-11-27,11.5
1986-11-28,11.0
1986-11-29,9.520000457763672
1986-11-30,9.0
1986-12-01,9.199999809265137
1986-12-02,9.100000381469727
1986-12-03,8.399999618530272
1986-12-04,7.28000020980835
1986-12-05,7.199999809265138
1986-12-06,7.300000190734862
1986-12-07,7.400000095367432
1986-12-08,7.199999809265138
1986-12-09,6.9000000953674325
1986-12-10,7.0
1986-12-11,7.099999904632568
1986-12-12,7.099999904632568
1986-12-13,7.199999809265138
1986-12-14,7.599999904632567
1986-12-15,8.0
1986-12-16,7.800000190734862
1986-12-17,7.800000190734862
1986-12-18,7.599999904632567
1986-12-19,7.400000095367432
1986-12-20,7.5
1986-12-21,7.900000095367432
1986-12-22,8.310000419616701
1986-12-23,8.449999809265138
1986-12-24,8.289999961853027
1986-12-25,8.069999694824219
1986-12-26,7.889999866485598
1986-12-27,7.8400001525878915
1986-12-28,7.889999866485598
1986-12-29,7.769999980926514
1986-12-30,7.71999979019165
1986-12-31,7.369999885559082
1987-01-01,7.0
1987-01-02,7.0
1987-01-03,7.309999942779541
1987-01-04,7.550000190734862
1987-01-05,7.4099998474121085
1987-01-06,6.25
1987-01-07,6.0
1987-01-08,6.0
1987-01-09,5.980000019073486
1987-01-10,6.0
1987-01-11,6.21999979019165
1987-01-12,6.5
1987-01-13,6.4000000953674325
1987-01-14,5.9000000953674325
1987-01-15,5.199999809265137
1987-01-16,5.0
1987-01-17,5.099999904632568
1987-01-18,5.199999809265137
1987-01-19,5.1599998474121085
1987-01-20,5.199999809265137
1987-01-21,5.179999828338623
1987-01-22,5.199999809265137
1987-01-23,5.179999828338623
1987-01-24,5.300000190734863
1987-01-25,5.5
1987-01-26,5.599999904632568
1987-01-27,5.699999809265138
1987-01-28,5.829999923706055
1987-01-29,5.860000133514402
1987-01-30,5.820000171661378
1987-01-31,5.809999942779541
1987-02-01,6.0
1987-02-02,5.760000228881836
1987-02-03,5.389999866485597
1987-02-04,5.199999809265137
1987-02-05,5.440000057220459
1987-02-06,5.340000152587892
1987-02-07,5.349999904632568
1987-02-08,5.349999904632568
1987-02-09,5.329999923706055
1987-02-10,5.269999980926514
1987-02-11,5.320000171661377
1987-02-12,5.349999904632568
1987-02-13,5.300000190734863
1987-02-14,5.289999961853027
1987-02-15,5.230000019073486
1987-02-16,5.269999980926514
1987-02-17,5.199999809265137
1987-02-18,5.03000020980835
1987-02-19,4.989999771118164
1987-02-20,4.889999866485597
1987-02-21,4.920000076293945
1987-02-22,4.9099998474121085
1987-02-23,4.809999942779541
1987-02-24,4.300000190734863
1987-02-25,4.199999809265137
1987-02-26,4.199999809265137
1987-02-27,4.349999904632568
1987-02-28,4.420000076293945
1987-03-01,4.570000171661377
1987-03-02,4.599999904632568
1987-03-03,5.130000114440918
1987-03-04,5.889999866485598
1987-03-05,6.380000114440918
1987-03-06,7.139999866485598
1987-03-07,7.28000020980835
1987-03-08,6.9000000953674325
1987-03-09,6.4000000953674325
1987-03-10,6.340000152587892
1987-03-11,6.0
1987-03-12,6.019999980926514
1987-03-13,6.170000076293945
1987-03-14,6.289999961853027
1987-03-15,6.460000038146973
1987-03-16,6.4099998474121085
1987-03-17,6.329999923706055
1987-03-18,6.260000228881836
1987-03-19,6.289999961853027
1987-03-20,6.289999961853027
1987-03-21,6.079999923706055
1987-03-22,6.099999904632568
1987-03-23,5.980000019073486
1987-03-24,5.989999771118164
1987-03-25,6.059999942779541
1987-03-26,6.170000076293945
1987-03-27,6.1599998474121085
1987-03-28,5.460000038146973
1987-03-29,5.630000114440918
1987-03-30,6.300000190734862
1987-03-31,6.300000190734862
1987-04-01,6.340000152587892
1987-04-02,6.46999979019165
1987-04-03,6.840000152587892
1987-04-04,7.550000190734862
1987-04-05,8.399999618530272
1987-04-06,10.399999618530273
1987-04-07,12.100000381469727
1987-04-08,13.300000190734865
1987-04-09,13.5
1987-04-10,13.199999809265135
1987-04-11,13.600000381469727
1987-04-12,13.300000190734865
1987-04-13,13.100000381469727
1987-04-14,13.0
1987-04-15,13.399999618530273
1987-04-16,14.699999809265135
1987-04-17,16.0
1987-04-18,17.0
1987-04-19,16.899999618530273
1987-04-20,16.399999618530273
1987-04-21,16.200000762939453
1987-04-22,16.700000762939453
1987-04-23,17.100000381469727
1987-04-24,17.399999618530273
1987-04-25,18.0
1987-04-26,19.600000381469727
1987-04-27,23.0
1987-04-28,31.20000076293945
1987-04-29,46.79999923706055
1987-04-30,69.5
1987-05-01,88.0
1987-05-02,98.8000030517578
1987-05-03,88.30000305175781
1987-05-04,77.0999984741211
1987-05-05,74.0999984741211
1987-05-06,79.5999984741211
1987-05-07,89.0
1987-05-08,101.0
1987-05-09,116.0
1987-05-10,123.0
1987-05-11,120.0
1987-05-12,118.0
1987-05-13,129.0
1987-05-14,114.0
1987-05-15,101.0
1987-05-16,96.3000030517578
1987-05-17,91.1999969482422
1987-05-18,83.4000015258789
1987-05-19,77.4000015258789
1987-05-20,71.69999694824219
1987-05-21,64.30000305175781
1987-05-22,57.5
1987-05-23,52.599998474121094
1987-05-24,48.79999923706055
1987-05-25,46.79999923706055
1987-05-26,46.5
1987-05-27,47.099998474121094
1987-05-28,48.9000015258789
1987-05-29,51.79999923706055
1987-05-30,53.20000076293945
1987-05-31,52.4000015258789
1987-06-01,50.5
1987-06-02,46.099998474121094
1987-06-03,42.79999923706055
1987-06-04,42.0
1987-06-05,45.79999923706055
1987-06-06,53.79999923706055
1987-06-07,59.20000076293945
1987-06-08,60.5
1987-06-09,59.70000076293945
1987-06-10,57.29999923706055
1987-06-11,55.9000015258789
1987-06-12,54.099998474121094
1987-06-13,55.9000015258789
1987-06-14,58.29999923706055
1987-06-15,57.9000015258789
1987-06-16,59.5
1987-06-17,60.0
1987-06-18,54.599998474121094
1987-06-19,49.5
1987-06-20,47.9000015258789
1987-06-21,47.79999923706055
1987-06-22,46.79999923706055
1987-06-23,43.400001525878906
1987-06-24,38.900001525878906
1987-06-25,34.59999847412109
1987-06-26,32.5
1987-06-27,32.400001525878906
1987-06-28,32.700000762939446
1987-06-29,32.59999847412109
1987-06-30,32.200000762939446
1987-07-01,31.70000076293945
1987-07-02,31.10000038146973
1987-07-03,31.79999923706055
1987-07-04,32.700000762939446
1987-07-05,33.700000762939446
1987-07-06,33.09999847412109
1987-07-07,32.200000762939446
1987-07-08,31.60000038146973
1987-07-09,31.5
1987-07-10,32.5
1987-07-11,31.60000038146973
1987-07-12,29.60000038146973
1987-07-13,27.899999618530284
1987-07-14,27.10000038146973
1987-07-15,27.10000038146973
1987-07-16,28.60000038146973
1987-07-17,28.399999618530284
1987-07-18,27.79999923706055
1987-07-19,31.10000038146973
1987-07-20,32.59999847412109
1987-07-21,34.400001525878906
1987-07-22,38.5
1987-07-23,39.70000076293945
1987-07-24,37.599998474121094
1987-07-25,34.700000762939446
1987-07-26,33.400001525878906
1987-07-27,31.70000076293945
1987-07-28,30.0
1987-07-29,29.10000038146973
1987-07-30,28.5
1987-07-31,28.20000076293945
1987-08-01,27.5
1987-08-02,26.5
1987-08-03,24.5
1987-08-04,23.29999923706055
1987-08-05,22.79999923706055
1987-08-06,22.399999618530284
1987-08-07,21.700000762939453
1987-08-08,21.0
1987-08-09,20.39999961853028
1987-08-10,21.700000762939453
1987-08-11,26.20000076293945
1987-08-12,27.10000038146973
1987-08-13,25.79999923706055
1987-08-14,25.79999923706055
1987-08-15,25.79999923706055
1987-08-16,26.5
1987-08-17,26.10000038146973
1987-08-18,25.10000038146973
1987-08-19,23.79999923706055
1987-08-20,22.399999618530284
1987-08-21,21.39999961853028
1987-08-22,20.39999961853028
1987-08-23,19.39999961853028
1987-08-24,19.0
1987-08-25,18.600000381469727
1987-08-26,17.899999618530273
1987-08-27,17.299999237060547
1987-08-28,16.600000381469727
1987-08-29,16.299999237060547
1987-08-30,16.200000762939453
1987-08-31,16.100000381469727
1987-09-01,15.899999618530273
1987-09-02,15.800000190734865
1987-09-03,16.399999618530273
1987-09-04,16.700000762939453
1987-09-05,16.399999618530273
1987-09-06,15.600000381469727
1987-09-07,15.199999809265135
1987-09-08,14.899999618530273
1987-09-09,14.399999618530273
1987-09-10,13.800000190734865
1987-09-11,13.699999809265135
1987-09-12,13.5
1987-09-13,13.199999809265135
1987-09-14,13.199999809265135
1987-09-15,13.300000190734865
1987-09-16,13.199999809265135
1987-09-17,13.199999809265135
1987-09-18,12.699999809265135
1987-09-19,12.199999809265135
1987-09-20,11.800000190734865
1987-09-21,11.600000381469727
1987-09-22,11.300000190734865
1987-09-23,11.0
1987-09-24,10.800000190734863
1987-09-25,11.0
1987-09-26,11.300000190734865
1987-09-27,11.699999809265135
1987-09-28,11.5
1987-09-29,11.199999809265137
1987-09-30,10.899999618530273
1987-10-01,10.600000381469727
1987-10-02,10.300000190734863
1987-10-03,10.199999809265137
1987-10-04,10.100000381469727
1987-10-05,9.859999656677246
1987-10-06,9.869999885559082
1987-10-07,9.760000228881836
1987-10-08,9.6899995803833
1987-10-09,9.510000228881836
1987-10-10,9.380000114440918
1987-10-11,9.229999542236328
1987-10-12,9.050000190734863
1987-10-13,8.829999923706055
1987-10-14,8.8100004196167
1987-10-15,8.869999885559082
1987-10-16,8.600000381469728
1987-10-17,8.510000228881836
1987-10-18,8.359999656677246
1987-10-19,8.310000419616701
1987-10-20,8.289999961853027
1987-10-21,8.109999656677246
1987-10-22,8.039999961853027
1987-10-23,7.96999979019165
1987-10-24,7.860000133514402
1987-10-25,7.820000171661378
1987-10-26,7.75
1987-10-27,7.730000019073486
1987-10-28,7.619999885559082
1987-10-29,7.5
1987-10-30,7.389999866485598
1987-10-31,7.3400001525878915
1987-11-01,7.239999771118164
1987-11-02,7.170000076293945
1987-11-03,7.230000019073486
1987-11-04,7.199999809265138
1987-11-05,7.230000019073486
1987-11-06,7.179999828338622
1987-11-07,7.119999885559082
1987-11-08,7.099999904632568
1987-11-09,6.980000019073486
1987-11-10,6.9099998474121085
1987-11-11,6.789999961853027
1987-11-12,6.820000171661378
1987-11-13,6.71999979019165
1987-11-14,6.809999942779541
1987-11-15,6.809999942779541
1987-11-16,6.6599998474121085
1987-11-17,5.769999980926514
1987-11-18,5.460000038146973
1987-11-19,6.199999809265138
1987-11-20,6.21999979019165
1987-11-21,6.1500000953674325
1987-11-22,6.059999942779541
1987-11-23,5.949999809265138
1987-11-24,5.860000133514402
1987-11-25,5.730000019073486
1987-11-26,5.46999979019165
1987-11-27,5.710000038146973
1987-11-28,5.679999828338622
1987-11-29,4.610000133514403
1987-11-30,4.519999980926514
1987-12-01,4.800000190734863
1987-12-02,5.199999809265137
1987-12-03,5.699999809265138
1987-12-04,6.199999809265138
1987-12-05,6.099999904632568
1987-12-06,6.199999809265138
1987-12-07,6.099999904632568
1987-12-08,5.800000190734862
1987-12-09,5.800000190734862
1987-12-10,5.849999904632568
1987-12-11,5.78000020980835
1987-12-12,5.300000190734863
1987-12-13,4.639999866485597
1987-12-14,4.5
1987-12-15,4.400000095367432
1987-12-16,4.300000190734863
1987-12-17,4.300000190734863
1987-12-18,4.5
1987-12-19,4.699999809265137
1987-12-20,4.900000095367432
1987-12-21,4.800000190734863
1987-12-22,4.599999904632568
1987-12-23,4.400000095367432
1987-12-24,4.300000190734863
1987-12-25,4.300000190734863
1987-12-26,4.400000095367432
1987-12-27,4.5
1987-12-28,4.599999904632568
1987-12-29,4.599999904632568
1987-12-30,4.400000095367432
1987-12-31,4.099999904632568
1988-01-01,4.099999904632568
1988-01-02,4.150000095367432
1988-01-03,4.1599998474121085
1988-01-04,4.150000095367432
1988-01-05,4.150000095367432
1988-01-06,4.150000095367432
1988-01-07,4.179999828338623
1988-01-08,4.119999885559082
1988-01-09,4.150000095367432
1988-01-10,4.25
1988-01-11,4.269999980926514
1988-01-12,4.199999809265137
1988-01-13,4.260000228881837
1988-01-14,4.329999923706056
1988-01-15,4.420000076293945
1988-01-16,4.380000114440918
1988-01-17,4.230000019073486
1988-01-18,4.179999828338623
1988-01-19,4.179999828338623
1988-01-20,4.199999809265137
1988-01-21,4.199999809265137
1988-01-22,4.239999771118163
1988-01-23,4.280000209808351
1988-01-24,4.179999828338623
1988-01-25,4.230000019073486
1988-01-26,4.199999809265137
1988-01-27,4.280000209808351
1988-01-28,4.380000114440918
1988-01-29,4.380000114440918
1988-01-30,4.119999885559082
1988-01-31,3.799999952316284
1988-02-01,3.700000047683716
1988-02-02,3.700000047683716
1988-02-03,3.799999952316284
1988-02-04,3.75
1988-02-05,3.799999952316284
1988-02-06,3.849999904632568
1988-02-07,3.950000047683716
1988-02-08,3.900000095367432
1988-02-09,3.849999904632568
1988-02-10,3.950000047683716
1988-02-11,4.199999809265137
1988-02-12,4.449999809265137
1988-02-13,4.400000095367432
1988-02-14,4.25
1988-02-15,4.25
1988-02-16,4.070000171661377
1988-02-17,4.059999942779541
1988-02-18,3.9700000286102295
1988-02-19,3.910000085830689
1988-02-20,3.940000057220459
1988-02-21,4.0399999618530265
1988-02-22,3.910000085830689
1988-02-23,3.839999914169312
1988-02-24,3.880000114440918
1988-02-25,3.910000085830689
1988-02-26,3.890000104904175
1988-02-27,3.900000095367432
1988-02-28,3.920000076293945
1988-02-29,3.9800000190734863
1988-03-01,4.059999942779541
1988-03-02,4.050000190734863
1988-03-03,4.2100000381469735
1988-03-04,4.239999771118163
1988-03-05,4.25
1988-03-06,4.130000114440918
1988-03-07,4.030000209808351
1988-03-08,4.030000209808351
1988-03-09,4.0
1988-03-10,4.050000190734863
1988-03-11,3.940000057220459
1988-03-12,3.7699999809265137
1988-03-13,3.9600000381469727
1988-03-14,4.019999980926514
1988-03-15,4.019999980926514
1988-03-16,3.7699999809265137
1988-03-17,3.8199999332427983
1988-03-18,3.9600000381469727
1988-03-19,4.130000114440918
1988-03-20,4.179999828338623
1988-03-21,4.369999885559082
1988-03-22,4.280000209808351
1988-03-23,4.130000114440918
1988-03-24,4.179999828338623
1988-03-25,4.119999885559082
1988-03-26,4.309999942779541
1988-03-27,4.75
1988-03-28,4.480000019073486
1988-03-29,4.300000190734863
1988-03-30,4.139999866485597
1988-03-31,4.130000114440918
1988-04-01,4.280000209808351
1988-04-02,4.9099998474121085
1988-04-03,5.739999771118164
1988-04-04,5.420000076293945
1988-04-05,5.050000190734863
1988-04-06,5.269999980926514
1988-04-07,5.630000114440918
1988-04-08,5.329999923706055
1988-04-09,5.079999923706055
1988-04-10,4.989999771118164
1988-04-11,5.110000133514403
1988-04-12,5.5
1988-04-13,5.820000171661378
1988-04-14,6.190000057220459
1988-04-15,6.920000076293945
1988-04-16,8.689999580383299
1988-04-17,11.5
1988-04-18,15.5
1988-04-19,18.39999961853028
1988-04-20,19.5
1988-04-21,20.200000762939453
1988-04-22,19.799999237060547
1988-04-23,19.600000381469727
1988-04-24,19.5
1988-04-25,19.200000762939453
1988-04-26,18.0
1988-04-27,17.100000381469727
1988-04-28,16.899999618530273
1988-04-29,17.799999237060547
1988-04-30,19.39999961853028
1988-05-01,20.299999237060547
1988-05-02,19.799999237060547
1988-05-03,19.100000381469727
1988-05-04,19.200000762939453
1988-05-05,19.299999237060547
1988-05-06,19.5
1988-05-07,19.89999961853028
1988-05-08,20.5
1988-05-09,23.20000076293945
1988-05-10,29.899999618530284
1988-05-11,40.79999923706055
1988-05-12,49.70000076293945
1988-05-13,74.5999984741211
1988-05-14,72.80000305175781
1988-05-15,69.0
1988-05-16,66.0
1988-05-17,69.19999694824219
1988-05-18,66.09999847412111
1988-05-19,59.099998474121094
1988-05-20,55.0
1988-05-21,52.4000015258789
1988-05-22,53.79999923706055
1988-05-23,63.599998474121094
1988-05-24,76.0
1988-05-25,73.9000015258789
1988-05-26,70.0
1988-05-27,70.09999847412111
1988-05-28,68.30000305175781
1988-05-29,68.09999847412111
1988-05-30,69.0
1988-05-31,75.5999984741211
1988-06-01,74.0
1988-06-02,68.0
1988-06-03,63.9000015258789
1988-06-04,69.0
1988-06-05,78.0999984741211
1988-06-06,88.0999984741211
1988-06-07,99.5
1988-06-08,119.0
1988-06-09,117.0
1988-06-10,103.0
1988-06-11,93.1999969482422
1988-06-12,83.30000305175781
1988-06-13,74.4000015258789
1988-06-14,68.90000152587889
1988-06-15,65.09999847412111
1988-06-16,65.40000152587889
1988-06-17,69.80000305175781
1988-06-18,72.9000015258789
1988-06-19,71.69999694824219
1988-06-20,65.90000152587889
1988-06-21,60.599998474121094
1988-06-22,57.599998474121094
1988-06-23,55.70000076293945
1988-06-24,53.9000015258789
1988-06-25,51.099998474121094
1988-06-26,47.70000076293945
1988-06-27,45.099998474121094
1988-06-28,45.20000076293945
1988-06-29,44.20000076293945
1988-06-30,40.599998474121094
1988-07-01,36.599998474121094
1988-07-02,33.700000762939446
1988-07-03,33.09999847412109
1988-07-04,33.400001525878906
1988-07-05,33.5
1988-07-06,34.299999237060554
1988-07-07,33.799999237060554
1988-07-08,31.399999618530284
1988-07-09,29.399999618530284
1988-07-10,28.29999923706055
1988-07-11,28.10000038146973
1988-07-12,28.20000076293945
1988-07-13,27.79999923706055
1988-07-14,26.899999618530284
1988-07-15,25.79999923706055
1988-07-16,25.0
1988-07-17,23.79999923706055
1988-07-18,22.899999618530284
1988-07-19,22.0
1988-07-20,21.200000762939453
1988-07-21,20.600000381469727
1988-07-22,20.600000381469727
1988-07-23,21.0
1988-07-24,21.100000381469727
1988-07-25,20.39999961853028
1988-07-26,19.89999961853028
1988-07-27,19.600000381469727
1988-07-28,19.600000381469727
1988-07-29,19.200000762939453
1988-07-30,18.799999237060547
1988-07-31,18.299999237060547
1988-08-01,19.799999237060547
1988-08-02,21.799999237060547
1988-08-03,20.600000381469727
1988-08-04,19.39999961853028
1988-08-05,19.200000762939453
1988-08-06,19.700000762939453
1988-08-07,20.5
1988-08-08,19.89999961853028
1988-08-09,18.700000762939453
1988-08-10,17.899999618530273
1988-08-11,17.700000762939453
1988-08-12,17.399999618530273
1988-08-13,17.0
1988-08-14,16.5
1988-08-15,16.5
1988-08-16,16.5
1988-08-17,16.299999237060547
1988-08-18,16.299999237060547
1988-08-19,15.5
1988-08-20,15.699999809265135
1988-08-21,15.699999809265135
1988-08-22,15.0
1988-08-23,14.0
1988-08-24,13.600000381469727
1988-08-25,13.300000190734865
1988-08-26,13.5
1988-08-27,14.0
1988-08-28,14.0
1988-08-29,13.600000381469727
1988-08-30,13.399999618530273
1988-08-31,13.699999809265135
1988-09-01,13.800000190734865
1988-09-02,13.199999809265135
1988-09-03,12.600000381469727
1988-09-04,12.5
1988-09-05,12.600000381469727
1988-09-06,12.600000381469727
1988-09-07,13.0
1988-09-08,13.5
1988-09-09,13.100000381469727
1988-09-10,12.399999618530273
1988-09-11,11.800000190734865
1988-09-12,11.199999809265137
1988-09-13,10.699999809265137
1988-09-14,10.300000190734863
1988-09-15,9.970000267028807
1988-09-16,9.770000457763672
1988-09-17,10.199999809265137
1988-09-18,10.399999618530273
1988-09-19,10.300000190734863
1988-09-20,10.300000190734863
1988-09-21,9.880000114440918
1988-09-22,9.56999969482422
1988-09-23,9.489999771118164
1988-09-24,9.399999618530273
1988-09-25,10.0
1988-09-26,10.300000190734863
1988-09-27,10.100000381469727
1988-09-28,9.81999969482422
1988-09-29,9.630000114440918
1988-09-30,9.390000343322754
1988-10-01,9.329999923706056
1988-10-02,9.65999984741211
1988-10-03,10.100000381469727
1988-10-04,10.5
1988-10-05,10.699999809265137
1988-10-06,10.699999809265137
1988-10-07,10.600000381469727
1988-10-08,10.5
1988-10-09,10.399999618530273
1988-10-10,10.300000190734863
1988-10-11,10.199999809265137
1988-10-12,10.100000381469727
1988-10-13,10.0
1988-10-14,9.93000030517578
1988-10-15,10.300000190734863
1988-10-16,10.699999809265137
1988-10-17,11.0
1988-10-18,10.899999618530273
1988-10-19,10.800000190734863
1988-10-20,10.399999618530273
1988-10-21,10.100000381469727
1988-10-22,9.890000343322754
1988-10-23,9.829999923706056
1988-10-24,9.59000015258789
1988-10-25,9.489999771118164
1988-10-26,9.699999809265137
1988-10-27,9.640000343322754
1988-10-28,9.359999656677246
1988-10-29,8.989999771118164
1988-10-30,8.90999984741211
1988-10-31,8.680000305175781
1988-11-01,8.449999809265138
1988-11-02,8.460000038146973
1988-11-03,8.550000190734862
1988-11-04,8.449999809265138
1988-11-05,8.369999885559082
1988-11-06,8.9399995803833
1988-11-07,8.90999984741211
1988-11-08,8.829999923706055
1988-11-09,8.560000419616701
1988-11-10,8.449999809265138
1988-11-11,8.170000076293945
1988-11-12,8.020000457763674
1988-11-13,7.989999771118164
1988-11-14,7.550000190734862
1988-11-15,7.380000114440918
1988-11-16,7.320000171661378
1988-11-17,7.070000171661378
1988-11-18,6.989999771118164
1988-11-19,6.860000133514402
1988-11-20,6.949999809265138
1988-11-21,6.929999828338622
1988-11-22,7.070000171661378
1988-11-23,7.389999866485598
1988-11-24,6.9099998474121085
1988-11-25,6.789999961853027
1988-11-26,6.630000114440918
1988-11-27,6.269999980926514
1988-11-28,5.889999866485598
1988-11-29,5.800000190734862
1988-11-30,5.699999809265138
1988-12-01,5.480000019073486
1988-12-02,5.5
1988-12-03,5.599999904632568
1988-12-04,5.739999771118164
1988-12-05,5.829999923706055
1988-12-06,5.96999979019165
1988-12-07,6.039999961853027
1988-12-08,5.9000000953674325
1988-12-09,5.809999942779541
1988-12-10,5.78000020980835
1988-12-11,5.679999828338622
1988-12-12,5.78000020980835
1988-12-13,5.980000019073486
1988-12-14,5.619999885559082
1988-12-15,4.889999866485597
1988-12-16,4.730000019073486
1988-12-17,4.570000171661377
1988-12-18,4.579999923706055
1988-12-19,4.570000171661377
1988-12-20,4.619999885559082
1988-12-21,4.670000076293945
1988-12-22,4.739999771118164
1988-12-23,4.670000076293945
1988-12-24,4.599999904632568
1988-12-25,4.400000095367432
1988-12-26,4.0
1988-12-27,4.119999885559082
1988-12-28,4.320000171661377
1988-12-29,4.599999904632568
1988-12-30,5.0
1988-12-31,5.099999904632568
1989-01-01,5.0
1989-01-02,4.980000019073486
1989-01-03,5.0
1989-01-04,5.039999961853027
1989-01-05,5.079999923706055
1989-01-06,5.050000190734863
1989-01-07,5.0
1989-01-08,4.900000095367432
1989-01-09,4.519999980926514
1989-01-10,4.360000133514403
1989-01-11,4.360000133514403
1989-01-12,4.360000133514403
1989-01-13,4.579999923706055
1989-01-14,4.900000095367432
1989-01-15,5.099999904632568
1989-01-16,5.300000190734863
1989-01-17,5.550000190734863
1989-01-18,5.400000095367432
1989-01-19,5.369999885559082
1989-01-20,5.329999923706055
1989-01-21,5.360000133514403
1989-01-22,5.079999923706055
1989-01-23,4.539999961853027
1989-01-24,4.199999809265137
1989-01-25,3.910000085830689
1989-01-26,4.019999980926514
1989-01-27,4.380000114440918
1989-01-28,4.599999904632568
1989-01-29,5.039999961853027
1989-01-30,5.46999979019165
1989-01-31,5.429999828338623
1989-02-01,5.039999961853027
1989-02-02,4.400000095367432
1989-02-03,3.1700000762939453
1989-02-04,3.0
1989-02-05,3.049999952316284
1989-02-06,3.2899999618530287
1989-02-07,3.5999999046325684
1989-02-08,3.859999895095825
1989-02-09,3.9700000286102295
1989-02-10,3.9700000286102295
1989-02-11,3.940000057220459
1989-02-12,3.9300000667572017
1989-02-13,3.900000095367432
1989-02-14,3.920000076293945
1989-02-15,3.920000076293945
1989-02-16,3.910000085830689
1989-02-17,3.900000095367432
1989-02-18,3.890000104904175
1989-02-19,3.900000095367432
1989-02-20,3.950000047683716
1989-02-21,4.019999980926514
1989-02-22,4.110000133514403
1989-02-23,4.150000095367432
1989-02-24,4.130000114440918
1989-02-25,4.199999809265137
1989-02-26,4.199999809265137
1989-02-27,4.2100000381469735
1989-02-28,4.2199997901916495
1989-03-01,4.079999923706056
1989-03-02,3.9700000286102295
1989-03-03,3.900000095367432
1989-03-04,3.910000085830689
1989-03-05,4.0
1989-03-06,4.150000095367432
1989-03-07,4.380000114440918
1989-03-08,4.570000171661377
1989-03-09,4.710000038146973
1989-03-10,4.929999828338623
1989-03-11,5.070000171661377
1989-03-12,4.989999771118164
1989-03-13,5.019999980926514
1989-03-14,5.039999961853027
1989-03-15,4.96999979019165
1989-03-16,4.820000171661377
1989-03-17,4.71999979019165
1989-03-18,4.849999904632568
1989-03-19,4.800000190734863
1989-03-20,4.75
1989-03-21,4.880000114440918
1989-03-22,4.880000114440918
1989-03-23,4.949999809265137
1989-03-24,4.9099998474121085
1989-03-25,5.119999885559082
1989-03-26,5.610000133514403
1989-03-27,5.610000133514403
1989-03-28,5.590000152587892
1989-03-29,5.489999771118164
1989-03-30,5.519999980926514
1989-03-31,5.53000020980835
1989-04-01,5.46999979019165
1989-04-02,5.400000095367432
1989-04-03,5.110000133514403
1989-04-04,5.139999866485597
1989-04-05,5.369999885559082
1989-04-06,5.5
1989-04-07,6.019999980926514
1989-04-08,5.949999809265138
1989-04-09,5.739999771118164
1989-04-10,5.889999866485598
1989-04-11,6.139999866485598
1989-04-12,6.440000057220459
1989-04-13,6.769999980926514
1989-04-14,7.130000114440918
1989-04-15,7.739999771118164
1989-04-16,8.159999847412111
1989-04-17,8.020000457763674
1989-04-18,8.189999580383299
1989-04-19,8.489999771118164
1989-04-20,9.25
1989-04-21,13.199999809265135
1989-04-22,17.200000762939453
1989-04-23,19.100000381469727
1989-04-24,18.5
1989-04-25,17.799999237060547
1989-04-26,16.899999618530273
1989-04-27,16.0
1989-04-28,15.300000190734865
1989-04-29,15.0
1989-04-30,15.899999618530273
1989-05-01,18.700000762939453
1989-05-02,24.70000076293945
1989-05-03,28.899999618530284
1989-05-04,29.399999618530284
1989-05-05,30.29999923706055
1989-05-06,36.0
1989-05-07,49.70000076293945
1989-05-08,62.0
1989-05-09,70.0
1989-05-10,76.9000015258789
1989-05-11,78.4000015258789
1989-05-12,73.30000305175781
1989-05-13,65.5
1989-05-14,58.099998474121094
1989-05-15,53.29999923706055
1989-05-16,52.20000076293945
1989-05-17,54.20000076293945
1989-05-18,54.20000076293945
1989-05-19,51.79999923706055
1989-05-20,47.5
1989-05-21,43.70000076293945
1989-05-22,41.79999923706055
1989-05-23,43.0
1989-05-24,42.900001525878906
1989-05-25,41.79999923706055
1989-05-26,40.5
1989-05-27,38.79999923706055
1989-05-28,37.20000076293945
1989-05-29,35.79999923706055
1989-05-30,34.299999237060554
1989-05-31,35.29999923706055
1989-06-01,41.900001525878906
1989-06-02,55.20000076293945
1989-06-03,69.0
1989-06-04,77.9000015258789
1989-06-05,85.69999694824219
1989-06-06,97.8000030517578
1989-06-07,108.0
1989-06-08,108.0
1989-06-09,105.0
1989-06-10,105.0
1989-06-11,98.1999969482422
1989-06-12,91.0999984741211
1989-06-13,91.1999969482422
1989-06-14,93.4000015258789
1989-06-15,94.4000015258789
1989-06-16,94.4000015258789
1989-06-17,89.19999694824219
1989-06-18,79.0999984741211
1989-06-19,69.59999847412111
1989-06-20,63.9000015258789
1989-06-21,56.70000076293945
1989-06-22,51.4000015258789
1989-06-23,48.099998474121094
1989-06-24,46.599998474121094
1989-06-25,48.20000076293945
1989-06-26,47.5
1989-06-27,47.70000076293945
1989-06-28,48.099998474121094
1989-06-29,46.0
1989-06-30,45.29999923706055
1989-07-01,45.5
1989-07-02,44.20000076293945
1989-07-03,41.29999923706055
1989-07-04,39.70000076293945
1989-07-05,37.70000076293945
1989-07-06,35.70000076293945
1989-07-07,34.799999237060554
1989-07-08,34.299999237060554
1989-07-09,33.900001525878906
1989-07-10,34.59999847412109
1989-07-11,34.5
1989-07-12,32.59999847412109
1989-07-13,32.700000762939446
1989-07-14,34.799999237060554
1989-07-15,34.400001525878906
1989-07-16,35.29999923706055
1989-07-17,35.79999923706055
1989-07-18,34.400001525878906
1989-07-19,32.200000762939446
1989-07-20,31.20000076293945
1989-07-21,32.900001525878906
1989-07-22,33.5
1989-07-23,31.70000076293945
1989-07-24,29.5
1989-07-25,27.70000076293945
1989-07-26,26.399999618530284
1989-07-27,25.60000038146973
1989-07-28,25.10000038146973
1989-07-29,25.0
1989-07-30,24.29999923706055
1989-07-31,23.70000076293945
1989-08-01,23.29999923706055
1989-08-02,23.20000076293945
1989-08-03,23.5
1989-08-04,22.5
1989-08-05,21.39999961853028
1989-08-06,20.700000762939453
1989-08-07,20.200000762939453
1989-08-08,20.299999237060547
1989-08-09,20.600000381469727
1989-08-10,21.299999237060547
1989-08-11,20.799999237060547
1989-08-12,20.200000762939453
1989-08-13,19.5
1989-08-14,19.5
1989-08-15,19.200000762939453
1989-08-16,18.799999237060547
1989-08-17,18.89999961853028
1989-08-18,18.200000762939453
1989-08-19,17.399999618530273
1989-08-20,17.0
1989-08-21,16.799999237060547
1989-08-22,16.799999237060547
1989-08-23,17.0
1989-08-24,17.5
1989-08-25,17.100000381469727
1989-08-26,16.899999618530273
1989-08-27,18.0
1989-08-28,19.89999961853028
1989-08-29,21.5
1989-08-30,21.700000762939453
1989-08-31,21.299999237060547
1989-09-01,20.700000762939453
1989-09-02,20.700000762939453
1989-09-03,21.299999237060547
1989-09-04,21.39999961853028
1989-09-05,21.899999618530284
1989-09-06,22.5
1989-09-07,22.200000762939453
1989-09-08,22.200000762939453
1989-09-09,21.5
1989-09-10,21.100000381469727
1989-09-11,20.0
1989-09-12,19.100000381469727
1989-09-13,18.200000762939453
1989-09-14,17.600000381469727
1989-09-15,16.899999618530273
1989-09-16,16.5
1989-09-17,16.100000381469727
1989-09-18,16.0
1989-09-19,15.699999809265135
1989-09-20,15.199999809265135
1989-09-21,14.699999809265135
1989-09-22,14.300000190734865
1989-09-23,13.699999809265135
1989-09-24,13.300000190734865
1989-09-25,12.899999618530273
1989-09-26,12.699999809265135
1989-09-27,12.300000190734865
1989-09-28,12.100000381469727
1989-09-29,11.899999618530273
1989-09-30,11.699999809265135
1989-10-01,11.699999809265135
1989-10-02,11.600000381469727
1989-10-03,11.5
1989-10-04,11.199999809265137
1989-10-05,10.899999618530273
1989-10-06,10.699999809265137
1989-10-07,10.5
1989-10-08,10.300000190734863
1989-10-09,10.0
1989-10-10,9.84000015258789
1989-10-11,9.800000190734863
1989-10-12,10.100000381469727
1989-10-13,10.600000381469727
1989-10-14,10.899999618530273
1989-10-15,10.600000381469727
1989-10-16,10.300000190734863
1989-10-17,10.100000381469727
1989-10-18,9.920000076293944
1989-10-19,9.59000015258789
1989-10-20,9.8100004196167
1989-10-21,10.199999809265137
1989-10-22,10.100000381469727
1989-10-23,10.100000381469727
1989-10-24,9.970000267028807
1989-10-25,9.949999809265137
1989-10-26,9.960000038146973
1989-10-27,9.859999656677246
1989-10-28,10.0
1989-10-29,9.800000190734863
1989-10-30,9.600000381469727
1989-10-31,9.489999771118164
1989-11-01,9.010000228881836
1989-11-02,8.84000015258789
1989-11-03,8.869999885559082
1989-11-04,8.819999694824219
1989-11-05,8.890000343322754
1989-11-06,8.819999694824219
1989-11-07,8.84000015258789
1989-11-08,8.800000190734863
1989-11-09,8.75
1989-11-10,9.489999771118164
1989-11-11,10.300000190734863
1989-11-12,10.800000190734863
1989-11-13,10.899999618530273
1989-11-14,10.699999809265137
1989-11-15,10.0
1989-11-16,10.0
1989-11-17,10.300000190734863
1989-11-18,10.300000190734863
1989-11-19,10.300000190734863
1989-11-20,10.300000190734863
1989-11-21,10.600000381469727
1989-11-22,10.600000381469727
1989-11-23,9.84000015258789
1989-11-24,9.869999885559082
1989-11-25,9.739999771118164
1989-11-26,9.050000190734863
1989-11-27,8.630000114440918
1989-11-28,8.729999542236326
1989-11-29,8.670000076293945
1989-11-30,8.439999580383299
1989-12-01,8.510000228881836
1989-12-02,8.350000381469728
1989-12-03,8.670000076293945
1989-12-04,8.850000381469727
1989-12-05,8.819999694824219
1989-12-06,8.640000343322754
1989-12-07,8.460000038146973
1989-12-08,8.420000076293945
1989-12-09,8.289999961853027
1989-12-10,7.71999979019165
1989-12-11,7.630000114440918
1989-12-12,7.199999809265138
1989-12-13,6.9000000953674325
1989-12-14,6.989999771118164
1989-12-15,7.329999923706055
1989-12-16,7.429999828338622
1989-12-17,7.449999809265138
1989-12-18,7.320000171661378
1989-12-19,6.440000057220459
1989-12-20,5.980000019073486
1989-12-21,5.78000020980835
1989-12-22,5.75
1989-12-23,6.099999904632568
1989-12-24,6.4000000953674325
1989-12-25,6.800000190734862
1989-12-26,6.820000171661378
1989-12-27,6.840000152587892
1989-12-28,6.800000190734862
1989-12-29,6.840000152587892
1989-12-30,6.949999809265138
1989-12-31,6.949999809265138
1990-01-01,6.889999866485598
1990-01-02,6.920000076293945
1990-01-03,6.53000020980835
1990-01-04,6.679999828338622
1990-01-05,6.710000038146973
1990-01-06,6.800000190734862
1990-01-07,6.949999809265138
1990-01-08,6.800000190734862
1990-01-09,6.820000171661378
1990-01-10,6.579999923706055
1990-01-11,6.349999904632568
1990-01-12,5.9000000953674325
1990-01-13,5.5
1990-01-14,5.670000076293945
1990-01-15,6.170000076293945
1990-01-16,6.199999809265138
1990-01-17,5.929999828338622
1990-01-18,4.949999809265137
1990-01-19,5.28000020980835
1990-01-20,5.320000171661377
1990-01-21,5.460000038146973
1990-01-22,5.690000057220459
1990-01-23,5.71999979019165
1990-01-24,5.570000171661377
1990-01-25,5.739999771118164
1990-01-26,5.6500000953674325
1990-01-27,5.590000152587892
1990-01-28,5.420000076293945
1990-01-29,5.539999961853027
1990-01-30,5.190000057220459
1990-01-31,4.78000020980835
1990-02-01,4.5
1990-02-02,4.369999885559082
1990-02-03,4.539999961853027
1990-02-04,5.0
1990-02-05,5.539999961853027
1990-02-06,5.420000076293945
1990-02-07,5.510000228881836
1990-02-08,5.440000057220459
1990-02-09,5.230000019073486
1990-02-10,5.4099998474121085
1990-02-11,5.679999828338622
1990-02-12,5.5
1990-02-13,5.1599998474121085
1990-02-14,4.860000133514403
1990-02-15,4.679999828338623
1990-02-16,4.329999923706056
1990-02-17,4.0
1990-02-18,4.079999923706056
1990-02-19,4.300000190734863
1990-02-20,4.599999904632568
1990-02-21,5.0
1990-02-22,5.300000190734863
1990-02-23,5.380000114440918
1990-02-24,5.510000228881836
1990-02-25,5.519999980926514
1990-02-26,5.449999809265137
1990-02-27,5.380000114440918
1990-02-28,5.429999828338623
1990-03-01,5.46999979019165
1990-03-02,5.460000038146973
1990-03-03,5.510000228881836
1990-03-04,5.519999980926514
1990-03-05,5.610000133514403
1990-03-06,5.630000114440918
1990-03-07,5.599999904632568
1990-03-08,6.050000190734862
1990-03-09,5.869999885559082
1990-03-10,5.679999828338622
1990-03-11,5.840000152587892
1990-03-12,5.849999904632568
1990-03-13,5.789999961853027
1990-03-14,5.690000057220459
1990-03-15,5.809999942779541
1990-03-16,5.809999942779541
1990-03-17,5.989999771118164
1990-03-18,6.0
1990-03-19,6.230000019073486
1990-03-20,6.4099998474121085
1990-03-21,6.599999904632568
1990-03-22,6.230000019073486
1990-03-23,5.670000076293945
1990-03-24,5.4099998474121085
1990-03-25,5.679999828338622
1990-03-26,5.940000057220459
1990-03-27,6.099999904632568
1990-03-28,6.239999771118164
1990-03-29,6.550000190734862
1990-03-30,7.059999942779541
1990-03-31,7.679999828338622
1990-04-01,8.590000152587889
1990-04-02,9.539999961853027
1990-04-03,10.300000190734863
1990-04-04,10.699999809265137
1990-04-05,10.800000190734863
1990-04-06,10.899999618530273
1990-04-07,11.399999618530273
1990-04-08,11.899999618530273
1990-04-09,11.800000190734865
1990-04-10,11.399999618530273
1990-04-11,11.300000190734865
1990-04-12,11.399999618530273
1990-04-13,11.5
1990-04-14,11.600000381469727
1990-04-15,12.0
1990-04-16,12.600000381469727
1990-04-17,13.300000190734865
1990-04-18,14.5
1990-04-19,16.700000762939453
1990-04-20,20.0
1990-04-21,24.5
1990-04-22,29.70000076293945
1990-04-23,33.0
1990-04-24,34.299999237060554
1990-04-25,33.900001525878906
1990-04-26,33.400001525878906
1990-04-27,31.60000038146973
1990-04-28,29.899999618530284
1990-04-29,27.5
1990-04-30,25.399999618530284
1990-05-01,24.20000076293945
1990-05-02,23.10000038146973
1990-05-03,23.0
1990-05-04,23.79999923706055
1990-05-05,27.0
1990-05-06,32.09999847412109
1990-05-07,52.20000076293945
1990-05-08,51.0
1990-05-09,47.5
1990-05-10,44.099998474121094
1990-05-11,41.70000076293945
1990-05-12,40.099998474121094
1990-05-13,39.70000076293945
1990-05-14,38.29999923706055
1990-05-15,37.400001525878906
1990-05-16,35.900001525878906
1990-05-17,35.400001525878906
1990-05-18,36.599998474121094
1990-05-19,39.099998474121094
1990-05-20,40.0
1990-05-21,41.0
1990-05-22,42.20000076293945
1990-05-23,45.0
1990-05-24,57.20000076293945
1990-05-25,90.3000030517578
1990-05-26,110.0
1990-05-27,116.0
1990-05-28,118.0
1990-05-29,146.0
1990-05-30,180.0
1990-05-31,193.0
1990-06-01,185.0
1990-06-02,164.0
1990-06-03,146.0
1990-06-04,137.0
1990-06-05,131.0
1990-06-06,121.0
1990-06-07,116.0
1990-06-08,111.0
1990-06-09,105.0
1990-06-10,110.0
1990-06-11,123.0
1990-06-12,123.0
1990-06-13,109.0
1990-06-14,95.8000030517578
1990-06-15,88.5999984741211
1990-06-16,88.0999984741211
1990-06-17,92.8000030517578
1990-06-18,103.0
1990-06-19,111.0
1990-06-20,116.0
1990-06-21,118.0
1990-06-22,122.0
1990-06-23,127.0
1990-06-24,134.0
1990-06-25,136.0
1990-06-26,135.0
1990-06-27,129.0
1990-06-28,120.0
1990-06-29,108.0
1990-06-30,102.0
1990-07-01,106.0
1990-07-02,103.0
1990-07-03,96.5999984741211
1990-07-04,90.1999969482422
1990-07-05,81.5
1990-07-06,75.5
1990-07-07,75.80000305175781
1990-07-08,75.19999694824219
1990-07-09,72.69999694824219
1990-07-10,71.80000305175781
1990-07-11,70.69999694824219
1990-07-12,69.40000152587889
1990-07-13,69.80000305175781
1990-07-14,68.59999847412111
1990-07-15,64.5
1990-07-16,59.9000015258789
1990-07-17,56.099998474121094
1990-07-18,53.4000015258789
1990-07-19,51.5
1990-07-20,48.4000015258789
1990-07-21,44.79999923706055
1990-07-22,41.099998474121094
1990-07-23,39.79999923706055
1990-07-24,40.900001525878906
1990-07-25,52.70000076293945
1990-07-26,73.5
1990-07-27,74.30000305175781
1990-07-28,67.5
1990-07-29,60.599998474121094
1990-07-30,55.29999923706055
1990-07-31,52.4000015258789
1990-08-01,51.599998474121094
1990-08-02,49.9000015258789
1990-08-03,46.79999923706055
1990-08-04,43.599998474121094
1990-08-05,40.5
1990-08-06,38.5
1990-08-07,37.29999923706055
1990-08-08,36.900001525878906
1990-08-09,35.70000076293945
1990-08-10,34.59999847412109
1990-08-11,33.799999237060554
1990-08-12,33.5
1990-08-13,32.299999237060554
1990-08-14,31.70000076293945
1990-08-15,30.5
1990-08-16,30.29999923706055
1990-08-17,29.60000038146973
1990-08-18,28.29999923706055
1990-08-19,28.20000076293945
1990-08-20,28.29999923706055
1990-08-21,27.0
1990-08-22,26.399999618530284
1990-08-23,27.0
1990-08-24,28.399999618530284
1990-08-25,27.899999618530284
1990-08-26,26.5
1990-08-27,24.79999923706055
1990-08-28,23.399999618530284
1990-08-29,22.5
1990-08-30,21.39999961853028
1990-08-31,21.200000762939453
1990-09-01,21.100000381469727
1990-09-02,20.600000381469727
1990-09-03,20.200000762939453
1990-09-04,19.700000762939453
1990-09-05,19.0
1990-09-06,18.799999237060547
1990-09-07,18.600000381469727
1990-09-08,18.299999237060547
1990-09-09,18.0
1990-09-10,17.899999618530273
1990-09-11,17.799999237060547
1990-09-12,17.399999618530273
1990-09-13,17.200000762939453
1990-09-14,17.100000381469727
1990-09-15,17.0
1990-09-16,16.5
1990-09-17,16.200000762939453
1990-09-18,16.200000762939453
1990-09-19,15.5
1990-09-20,14.899999618530273
1990-09-21,14.800000190734865
1990-09-22,14.300000190734865
1990-09-23,14.0
1990-09-24,13.800000190734865
1990-09-25,13.600000381469727
1990-09-26,13.699999809265135
1990-09-27,13.800000190734865
1990-09-28,13.600000381469727
1990-09-29,13.399999618530273
1990-09-30,13.300000190734865
1990-10-01,13.300000190734865
1990-10-02,13.199999809265135
1990-10-03,13.0
1990-10-04,13.399999618530273
1990-10-05,16.600000381469727
1990-10-06,17.200000762939453
1990-10-07,16.799999237060547
1990-10-08,16.0
1990-10-09,15.5
1990-10-10,15.399999618530273
1990-10-11,15.0
1990-10-12,14.699999809265135
1990-10-13,14.199999809265135
1990-10-14,13.899999618530273
1990-10-15,13.5
1990-10-16,13.399999618530273
1990-10-17,13.399999618530273
1990-10-18,13.0
1990-10-19,12.600000381469727
1990-10-20,12.399999618530273
1990-10-21,12.100000381469727
1990-10-22,11.899999618530273
1990-10-23,11.399999618530273
1990-10-24,11.300000190734865
1990-10-25,11.300000190734865
1990-10-26,11.5
1990-10-27,11.399999618530273
1990-10-28,11.5
1990-10-29,11.5
1990-10-30,11.399999618530273
1990-10-31,11.699999809265135
1990-11-01,11.399999618530273
1990-11-02,11.300000190734865
1990-11-03,10.800000190734863
1990-11-04,10.399999618530273
1990-11-05,10.300000190734863
1990-11-06,10.199999809265137
1990-11-07,10.0
1990-11-08,9.93000030517578
1990-11-09,10.399999618530273
1990-11-10,11.699999809265135
1990-11-11,12.899999618530273
1990-11-12,13.100000381469727
1990-11-13,13.300000190734865
1990-11-14,13.899999618530273
1990-11-15,13.800000190734865
1990-11-16,13.5
1990-11-17,13.199999809265135
1990-11-18,12.899999618530273
1990-11-19,12.399999618530273
1990-11-20,12.0
1990-11-21,11.699999809265135
1990-11-22,11.600000381469727
1990-11-23,11.800000190734865
1990-11-24,12.699999809265135
1990-11-25,12.300000190734865
1990-11-26,10.5
1990-11-27,9.390000343322754
1990-11-28,9.18000030517578
1990-11-29,10.199999809265137
1990-11-30,10.699999809265137
1990-12-01,10.600000381469727
1990-12-02,10.399999618530273
1990-12-03,10.5
1990-12-04,11.0
1990-12-05,10.800000190734863
1990-12-06,10.399999618530273
1990-12-07,10.300000190734863
1990-12-08,9.829999923706056
1990-12-09,10.5
1990-12-10,10.399999618530273
1990-12-11,10.199999809265137
1990-12-12,9.5600004196167
1990-12-13,8.159999847412111
1990-12-14,7.5
1990-12-15,7.300000190734862
1990-12-16,7.190000057220459
1990-12-17,7.28000020980835
1990-12-18,7.21999979019165
1990-12-19,6.960000038146973
1990-12-20,6.78000020980835
1990-12-21,6.429999828338622
1990-12-22,6.480000019073486
1990-12-23,6.699999809265138
1990-12-24,7.070000171661378
1990-12-25,7.4099998474121085
1990-12-26,7.400000095367432
1990-12-27,7.0
1990-12-28,6.480000019073486
1990-12-29,6.71999979019165
1990-12-30,7.369999885559082
1990-12-31,7.78000020980835
1991-01-01,7.71999979019165
1991-01-02,7.400000095367432
1991-01-03,6.960000038146973
1991-01-04,6.820000171661378
1991-01-05,6.9000000953674325
1991-01-06,7.079999923706055
1991-01-07,7.420000076293945
1991-01-08,7.860000133514402
1991-01-09,8.529999732971191
1991-01-10,8.979999542236328
1991-01-11,9.199999809265137
1991-01-12,9.279999732971193
1991-01-13,8.600000381469728
1991-01-14,7.920000076293945
1991-01-15,7.349999904632567
1991-01-16,6.980000019073486
1991-01-17,6.820000171661378
1991-01-18,6.78000020980835
1991-01-19,6.559999942779541
1991-01-20,6.389999866485598
1991-01-21,6.199999809265138
1991-01-22,5.980000019073486
1991-01-23,6.019999980926514
1991-01-24,6.099999904632568
1991-01-25,6.119999885559082
1991-01-26,6.0
1991-01-27,5.840000152587892
1991-01-28,5.670000076293945
1991-01-29,5.570000171661377
1991-01-30,5.5
1991-01-31,5.829999923706055
1991-02-01,6.079999923706055
1991-02-02,6.199999809265138
1991-02-03,6.489999771118164
1991-02-04,6.639999866485598
1991-02-05,7.369999885559082
1991-02-06,7.420000076293945
1991-02-07,7.25
1991-02-08,7.110000133514402
1991-02-09,7.090000152587892
1991-02-10,7.039999961853027
1991-02-11,6.889999866485598
1991-02-12,6.800000190734862
1991-02-13,6.699999809265138
1991-02-14,6.610000133514402
1991-02-15,6.550000190734862
1991-02-16,6.6599998474121085
1991-02-17,6.800000190734862
1991-02-18,6.829999923706055
1991-02-19,6.639999866485598
1991-02-20,6.550000190734862
1991-02-21,6.440000057220459
1991-02-22,6.190000057220459
1991-02-23,5.980000019073486
1991-02-24,6.179999828338622
1991-02-25,5.880000114440918
1991-02-26,5.9000000953674325
1991-02-27,6.1500000953674325
1991-02-28,5.96999979019165
1991-03-01,5.099999904632568
1991-03-02,5.010000228881836
1991-03-03,5.940000057220459
1991-03-04,5.699999809265138
1991-03-05,5.679999828338622
1991-03-06,5.630000114440918
1991-03-07,5.699999809265138
1991-03-08,5.6500000953674325
1991-03-09,5.630000114440918
1991-03-10,5.760000228881836
1991-03-11,5.809999942779541
1991-03-12,5.880000114440918
1991-03-13,5.840000152587892
1991-03-14,5.71999979019165
1991-03-15,5.730000019073486
1991-03-16,5.829999923706055
1991-03-17,5.849999904632568
1991-03-18,5.769999980926514
1991-03-19,5.820000171661378
1991-03-20,5.889999866485598
1991-03-21,6.019999980926514
1991-03-22,6.340000152587892
1991-03-23,6.420000076293945
1991-03-24,6.349999904632568
1991-03-25,6.360000133514402
1991-03-26,6.139999866485598
1991-03-27,6.059999942779541
1991-03-28,6.4099998474121085
1991-03-29,6.4099998474121085
1991-03-30,6.460000038146973
1991-03-31,6.849999904632568
1991-04-01,7.489999771118164
1991-04-02,8.130000114440918
1991-04-03,8.8100004196167
1991-04-04,10.300000190734863
1991-04-05,12.5
1991-04-06,13.5
1991-04-07,12.399999618530273
1991-04-08,11.600000381469727
1991-04-09,11.300000190734865
1991-04-10,11.399999618530273
1991-04-11,11.0
1991-04-12,10.699999809265137
1991-04-13,10.800000190734863
1991-04-14,11.399999618530273
1991-04-15,11.5
1991-04-16,11.5
1991-04-17,11.600000381469727
1991-04-18,12.0
1991-04-19,12.600000381469727
1991-04-20,13.5
1991-04-21,15.100000381469727
1991-04-22,18.5
1991-04-23,23.70000076293945
1991-04-24,29.399999618530284
1991-04-25,33.799999237060554
1991-04-26,35.20000076293945
1991-04-27,34.200000762939446
1991-04-28,32.200000762939446
1991-04-29,30.5
1991-04-30,29.20000076293945
1991-05-01,28.79999923706055
1991-05-02,27.60000038146973
1991-05-03,26.60000038146973
1991-05-04,25.79999923706055
1991-05-05,25.399999618530284
1991-05-06,26.0
1991-05-07,27.60000038146973
1991-05-08,30.899999618530284
1991-05-09,33.799999237060554
1991-05-10,34.200000762939446
1991-05-11,35.599998474121094
1991-05-12,46.70000076293945
1991-05-13,71.80000305175781
1991-05-14,80.5
1991-05-15,79.5999984741211
1991-05-16,80.5999984741211
1991-05-17,86.9000015258789
1991-05-18,116.0
1991-05-19,139.0
1991-05-20,148.0
1991-05-21,161.0
1991-05-22,164.0
1991-05-23,156.0
1991-05-24,146.0
1991-05-25,138.0
1991-05-26,125.0
1991-05-27,113.0
1991-05-28,105.0
1991-05-29,103.0
1991-05-30,108.0
1991-05-31,114.0
1991-06-01,126.0
1991-06-02,141.0
1991-06-03,153.0
1991-06-04,155.0
1991-06-05,146.0
1991-06-06,132.0
1991-06-07,123.0
1991-06-08,121.0
1991-06-09,123.0
1991-06-10,128.0
1991-06-11,138.0
1991-06-12,144.0
1991-06-13,136.0
1991-06-14,119.0
1991-06-15,104.0
1991-06-16,93.3000030517578
1991-06-17,85.80000305175781
1991-06-18,79.5999984741211
1991-06-19,77.0999984741211
1991-06-20,88.9000015258789
1991-06-21,105.0
1991-06-22,111.0
1991-06-23,109.0
1991-06-24,111.0
1991-06-25,112.0
1991-06-26,116.0
1991-06-27,118.0
1991-06-28,118.0
1991-06-29,116.0
1991-06-30,115.0
1991-07-01,117.0
1991-07-02,122.0
1991-07-03,125.0
1991-07-04,128.0
1991-07-05,129.0
1991-07-06,121.0
1991-07-07,107.0
1991-07-08,94.9000015258789
1991-07-09,89.9000015258789
1991-07-10,91.3000030517578
1991-07-11,92.6999969482422
1991-07-12,88.4000015258789
1991-07-13,88.0
1991-07-14,90.6999969482422
1991-07-15,88.19999694824219
1991-07-16,82.4000015258789
1991-07-17,76.69999694824219
1991-07-18,74.69999694824219
1991-07-19,70.9000015258789
1991-07-20,64.5
1991-07-21,59.599998474121094
1991-07-22,57.099998474121094
1991-07-23,55.79999923706055
1991-07-24,54.70000076293945
1991-07-25,54.5
1991-07-26,55.0
1991-07-27,55.0
1991-07-28,51.599998474121094
1991-07-29,49.0
1991-07-30,47.0
1991-07-31,45.5
1991-08-01,44.0
1991-08-02,43.400001525878906
1991-08-03,41.0
1991-08-04,39.5
1991-08-05,38.29999923706055
1991-08-06,38.599998474121094
1991-08-07,39.70000076293945
1991-08-08,38.599998474121094
1991-08-09,37.900001525878906
1991-08-10,37.20000076293945
1991-08-11,36.599998474121094
1991-08-12,36.29999923706055
1991-08-13,35.70000076293945
1991-08-14,34.0
1991-08-15,34.299999237060554
1991-08-16,33.400001525878906
1991-08-17,33.299999237060554
1991-08-18,33.799999237060554
1991-08-19,34.200000762939446
1991-08-20,33.5
1991-08-21,32.0
1991-08-22,31.10000038146973
1991-08-23,30.20000076293945
1991-08-24,29.29999923706055
1991-08-25,28.20000076293945
1991-08-26,26.60000038146973
1991-08-27,25.10000038146973
1991-08-28,24.0
1991-08-29,22.79999923706055
1991-08-30,22.100000381469727
1991-08-31,21.39999961853028
1991-09-01,21.39999961853028
1991-09-02,21.5
1991-09-03,21.200000762939453
1991-09-04,20.299999237060547
1991-09-05,19.200000762939453
1991-09-06,18.299999237060547
1991-09-07,18.100000381469727
1991-09-08,18.89999961853028
1991-09-09,19.700000762939453
1991-09-10,18.700000762939453
1991-09-11,17.799999237060547
1991-09-12,17.100000381469727
1991-09-13,17.0
1991-09-14,17.299999237060547
1991-09-15,17.100000381469727
1991-09-16,16.799999237060547
1991-09-17,17.100000381469727
1991-09-18,16.700000762939453
1991-09-19,16.299999237060547
1991-09-20,15.699999809265135
1991-09-21,16.899999618530273
1991-09-22,16.600000381469727
1991-09-23,15.899999618530273
1991-09-24,15.5
1991-09-25,15.199999809265135
1991-09-26,14.899999618530273
1991-09-27,15.0
1991-09-28,14.899999618530273
1991-09-29,14.699999809265135
1991-09-30,14.600000381469727
1991-10-01,14.300000190734865
1991-10-02,14.399999618530273
1991-10-03,14.399999618530273
1991-10-04,14.100000381469727
1991-10-05,14.100000381469727
1991-10-06,13.800000190734865
1991-10-07,13.399999618530273
1991-10-08,13.100000381469727
1991-10-09,12.899999618530273
1991-10-10,12.600000381469727
1991-10-11,12.399999618530273
1991-10-12,12.600000381469727
1991-10-13,12.399999618530273
1991-10-14,12.300000190734865
1991-10-15,12.0
1991-10-16,11.899999618530273
1991-10-17,11.899999618530273
1991-10-18,12.0
1991-10-19,11.699999809265135
1991-10-20,11.600000381469727
1991-10-21,11.899999618530273
1991-10-22,12.300000190734865
1991-10-23,11.800000190734865
1991-10-24,11.5
1991-10-25,11.600000381469727
1991-10-26,11.199999809265137
1991-10-27,11.0
1991-10-28,9.800000190734863
1991-10-29,8.399999618530272
1991-10-30,8.229999542236326
1991-10-31,8.640000343322754
1991-11-01,8.659999847412111
1991-11-02,8.319999694824219
1991-11-03,8.270000457763674
1991-11-04,8.380000114440918
1991-11-05,8.729999542236326
1991-11-06,9.079999923706056
1991-11-07,9.09000015258789
1991-11-08,9.109999656677246
1991-11-09,9.289999961853027
1991-11-10,9.140000343322754
1991-11-11,9.050000190734863
1991-11-12,9.210000038146973
1991-11-13,9.270000457763672
1991-11-14,8.979999542236328
1991-11-15,8.590000152587889
1991-11-16,8.539999961853027
1991-11-17,8.630000114440918
1991-11-18,8.619999885559082
1991-11-19,8.460000038146973
1991-11-20,8.449999809265138
1991-11-21,8.470000267028809
1991-11-22,7.880000114440918
1991-11-23,7.360000133514402
1991-11-24,7.690000057220459
1991-11-25,7.960000038146973
1991-11-26,7.929999828338622
1991-11-27,7.289999961853027
1991-11-28,6.800000190734862
1991-11-29,6.630000114440918
1991-11-30,6.78000020980835
1991-12-01,7.070000171661378
1991-12-02,7.139999866485598
1991-12-03,7.369999885559082
1991-12-04,7.809999942779541
1991-12-05,7.920000076293945
1991-12-06,8.050000190734862
1991-12-07,7.610000133514402
1991-12-08,7.389999866485598
1991-12-09,7.46999979019165
1991-12-10,7.199999809265138
1991-12-11,6.940000057220459
1991-12-12,6.6500000953674325
1991-12-13,6.079999923706055
1991-12-14,5.579999923706055
1991-12-15,5.03000020980835
1991-12-16,5.03000020980835
1991-12-17,5.050000190734863
1991-12-18,5.130000114440918
1991-12-19,5.300000190734863
1991-12-20,5.480000019073486
1991-12-21,5.75
1991-12-22,6.0
1991-12-23,5.980000019073486
1991-12-24,6.079999923706055
1991-12-25,6.059999942779541
1991-12-26,6.1500000953674325
1991-12-27,6.019999980926514
1991-12-28,5.789999961853027
1991-12-29,5.739999771118164
1991-12-30,5.75
1991-12-31,5.429999828338623
1992-01-01,5.789999961853027
1992-01-02,5.800000190734862
1992-01-03,5.860000133514402
1992-01-04,5.71999979019165
1992-01-05,5.730000019073486
1992-01-06,5.889999866485598
1992-01-07,5.869999885559082
1992-01-08,5.800000190734862
1992-01-09,5.869999885559082
1992-01-10,5.849999904632568
1992-01-11,5.809999942779541
1992-01-12,5.789999961853027
1992-01-13,5.829999923706055
1992-01-14,5.980000019073486
1992-01-15,5.860000133514402
1992-01-16,5.9099998474121085
1992-01-17,5.71999979019165
1992-01-18,5.590000152587892
1992-01-19,5.679999828338622
1992-01-20,5.760000228881836
1992-01-21,5.559999942779541
1992-01-22,5.460000038146973
1992-01-23,5.420000076293945
1992-01-24,5.449999809265137
1992-01-25,5.369999885559082
1992-01-26,5.4099998474121085
1992-01-27,5.449999809265137
1992-01-28,5.699999809265138
1992-01-29,6.099999904632568
1992-01-30,6.110000133514402
1992-01-31,6.4000000953674325
1992-02-01,6.4099998474121085
1992-02-02,6.289999961853027
1992-02-03,6.039999961853027
1992-02-04,5.699999809265138
1992-02-05,5.619999885559082
1992-02-06,5.480000019073486
1992-02-07,5.46999979019165
1992-02-08,5.389999866485597
1992-02-09,5.690000057220459
1992-02-10,5.670000076293945
1992-02-11,5.300000190734863
1992-02-12,5.550000190734863
1992-02-13,5.550000190734863
1992-02-14,5.570000171661377
1992-02-15,5.460000038146973
1992-02-16,5.429999828338623
1992-02-17,5.420000076293945
1992-02-18,5.400000095367432
1992-02-19,5.429999828338623
1992-02-20,5.329999923706055
1992-02-21,5.570000171661377
1992-02-22,5.619999885559082
1992-02-23,5.510000228881836
1992-02-24,5.329999923706055
1992-02-25,5.28000020980835
1992-02-26,5.239999771118164
1992-02-27,5.269999980926514
1992-02-28,5.349999904632568
1992-02-29,5.389999866485597
1992-03-01,5.440000057220459
1992-03-02,5.329999923706055
1992-03-03,5.489999771118164
1992-03-04,5.460000038146973
1992-03-05,5.679999828338622
1992-03-06,5.730000019073486
1992-03-07,5.75
1992-03-08,5.599999904632568
1992-03-09,5.6500000953674325
1992-03-10,5.699999809265138
1992-03-11,5.75
1992-03-12,5.920000076293945
1992-03-13,6.230000019073486
1992-03-14,6.480000019073486
1992-03-15,6.599999904632568
1992-03-16,6.849999904632568
1992-03-17,7.03000020980835
1992-03-18,7.170000076293945
1992-03-19,7.449999809265138
1992-03-20,7.789999961853027
1992-03-21,7.880000114440918
1992-03-22,7.829999923706055
1992-03-23,7.96999979019165
1992-03-24,8.119999885559082
1992-03-25,8.069999694824219
1992-03-26,8.210000038146973
1992-03-27,8.279999732971191
1992-03-28,8.430000305175781
1992-03-29,8.640000343322754
1992-03-30,8.520000457763674
1992-03-31,8.619999885559082
1992-04-01,8.710000038146973
1992-04-02,9.1899995803833
1992-04-03,10.300000190734863
1992-04-04,11.600000381469727
1992-04-05,12.300000190734865
1992-04-06,12.600000381469727
1992-04-07,12.399999618530273
1992-04-08,12.300000190734865
1992-04-09,12.100000381469727
1992-04-10,12.0
1992-04-11,11.899999618530273
1992-04-12,11.699999809265135
1992-04-13,11.5
1992-04-14,11.699999809265135
1992-04-15,11.800000190734865
1992-04-16,12.300000190734865
1992-04-17,13.600000381469727
1992-04-18,14.300000190734865
1992-04-19,14.5
1992-04-20,15.0
1992-04-21,15.699999809265135
1992-04-22,16.600000381469727
1992-04-23,16.799999237060547
1992-04-24,16.899999618530273
1992-04-25,16.899999618530273
1992-04-26,17.299999237060547
1992-04-27,19.100000381469727
1992-04-28,22.5
1992-04-29,26.5
1992-04-30,34.700000762939446
1992-05-01,40.20000076293945
1992-05-02,38.599998474121094
1992-05-03,35.79999923706055
1992-05-04,35.79999923706055
1992-05-05,39.400001525878906
1992-05-06,46.0
1992-05-07,55.70000076293945
1992-05-08,61.9000015258789
1992-05-09,63.29999923706055
1992-05-10,58.599998474121094
1992-05-11,52.70000076293945
1992-05-12,46.29999923706055
1992-05-13,41.900001525878906
1992-05-14,37.599998474121094
1992-05-15,35.20000076293945
1992-05-16,33.200000762939446
1992-05-17,31.79999923706055
1992-05-18,31.10000038146973
1992-05-19,32.799999237060554
1992-05-20,39.20000076293945
1992-05-21,43.900001525878906
1992-05-22,44.099998474121094
1992-05-23,42.900001525878906
1992-05-24,42.400001525878906
1992-05-25,43.599998474121094
1992-05-26,49.70000076293945
1992-05-27,60.4000015258789
1992-05-28,65.69999694824219
1992-05-29,64.80000305175781
1992-05-30,63.20000076293945
1992-05-31,60.9000015258789
1992-06-01,57.70000076293945
1992-06-02,62.099998474121094
1992-06-03,68.0
1992-06-04,63.5
1992-06-05,56.9000015258789
1992-06-06,51.79999923706055
1992-06-07,47.29999923706055
1992-06-08,46.5
1992-06-09,48.0
1992-06-10,49.9000015258789
1992-06-11,50.4000015258789
1992-06-12,53.79999923706055
1992-06-13,59.70000076293945
1992-06-14,69.80000305175781
1992-06-15,71.30000305175781
1992-06-16,67.19999694824219
1992-06-17,66.09999847412111
1992-06-18,68.40000152587889
1992-06-19,64.40000152587889
1992-06-20,60.9000015258789
1992-06-21,58.29999923706055
1992-06-22,55.5
1992-06-23,53.099998474121094
1992-06-24,51.5
1992-06-25,48.0
1992-06-26,45.9000015258789
1992-06-27,46.099998474121094
1992-06-28,47.4000015258789
1992-06-29,49.099998474121094
1992-06-30,49.9000015258789
1992-07-01,47.70000076293945
1992-07-02,45.20000076293945
1992-07-03,44.599998474121094
1992-07-04,45.5
1992-07-05,46.29999923706055
1992-07-06,47.29999923706055
1992-07-07,46.70000076293945
1992-07-08,52.79999923706055
1992-07-09,77.19999694824219
1992-07-10,89.30000305175781
1992-07-11,83.5999984741211
1992-07-12,74.0
1992-07-13,66.80000305175781
1992-07-14,61.099998474121094
1992-07-15,54.599998474121094
1992-07-16,49.599998474121094
1992-07-17,45.4000015258789
1992-07-18,42.29999923706055
1992-07-19,40.70000076293945
1992-07-20,38.400001525878906
1992-07-21,35.70000076293945
1992-07-22,33.799999237060554
1992-07-23,35.5
1992-07-24,39.099998474121094
1992-07-25,39.099998474121094
1992-07-26,36.79999923706055
1992-07-27,35.29999923706055
1992-07-28,33.5
1992-07-29,31.60000038146973
1992-07-30,30.5
1992-07-31,29.10000038146973
1992-08-01,28.60000038146973
1992-08-02,28.70000076293945
1992-08-03,28.899999618530284
1992-08-04,27.899999618530284
1992-08-05,27.60000038146973
1992-08-06,26.79999923706055
1992-08-07,25.70000076293945
1992-08-08,26.0
1992-08-09,25.399999618530284
1992-08-10,24.20000076293945
1992-08-11,23.0
1992-08-12,21.899999618530284
1992-08-13,21.200000762939453
1992-08-14,20.700000762939453
1992-08-15,21.0
1992-08-16,21.299999237060547
1992-08-17,21.200000762939453
1992-08-18,20.89999961853028
1992-08-19,20.600000381469727
1992-08-20,20.5
1992-08-21,20.5
1992-08-22,20.600000381469727
1992-08-23,19.700000762939453
1992-08-24,19.0
1992-08-25,18.200000762939453
1992-08-26,17.399999618530273
1992-08-27,16.600000381469727
1992-08-28,16.299999237060547
1992-08-29,16.399999618530273
1992-08-30,16.200000762939453
1992-08-31,15.800000190734865
1992-09-01,15.300000190734865
1992-09-02,15.0
1992-09-03,14.699999809265135
1992-09-04,14.600000381469727
1992-09-05,15.5
1992-09-06,16.399999618530273
1992-09-07,16.299999237060547
1992-09-08,15.600000381469727
1992-09-09,15.300000190734865
1992-09-10,14.800000190734865
1992-09-11,14.399999618530273
1992-09-12,14.899999618530273
1992-09-13,16.0
1992-09-14,16.799999237060547
1992-09-15,16.600000381469727
1992-09-16,16.299999237060547
1992-09-17,16.0
1992-09-18,15.600000381469727
1992-09-19,15.300000190734865
1992-09-20,15.100000381469727
1992-09-21,15.100000381469727
1992-09-22,15.5
1992-09-23,16.100000381469727
1992-09-24,16.600000381469727
1992-09-25,17.299999237060547
1992-09-26,17.899999618530273
1992-09-27,17.799999237060547
1992-09-28,17.5
1992-09-29,17.0
1992-09-30,16.399999618530273
1992-10-01,15.899999618530273
1992-10-02,15.600000381469727
1992-10-03,15.5
1992-10-04,15.800000190734865
1992-10-05,16.200000762939453
1992-10-06,16.200000762939453
1992-10-07,15.899999618530273
1992-10-08,15.600000381469727
1992-10-09,15.100000381469727
1992-10-10,14.699999809265135
1992-10-11,14.399999618530273
1992-10-12,14.0
1992-10-13,14.5
1992-10-14,14.399999618530273
1992-10-15,14.300000190734865
1992-10-16,13.800000190734865
1992-10-17,13.5
1992-10-18,13.100000381469727
1992-10-19,13.0
1992-10-20,13.100000381469727
1992-10-21,13.0
1992-10-22,13.199999809265135
1992-10-23,13.199999809265135
1992-10-24,13.399999618530273
1992-10-25,13.699999809265135
1992-10-26,13.800000190734865
1992-10-27,13.899999618530273
1992-10-28,13.800000190734865
1992-10-29,13.600000381469727
1992-10-30,13.600000381469727
1992-10-31,13.600000381469727
1992-11-01,13.399999618530273
1992-11-02,13.100000381469727
1992-11-03,12.899999618530273
1992-11-04,12.800000190734865
1992-11-05,12.699999809265135
1992-11-06,12.5
1992-11-07,12.5
1992-11-08,12.199999809265135
1992-11-09,11.600000381469727
1992-11-10,11.300000190734865
1992-11-11,11.100000381469727
1992-11-12,10.800000190734863
1992-11-13,10.600000381469727
1992-11-14,10.199999809265137
1992-11-15,10.199999809265137
1992-11-16,10.199999809265137
1992-11-17,10.600000381469727
1992-11-18,10.300000190734863
1992-11-19,10.300000190734863
1992-11-20,10.199999809265137
1992-11-21,9.9399995803833
1992-11-22,9.829999923706056
1992-11-23,8.25
1992-11-24,7.199999809265138
1992-11-25,6.449999809265138
1992-11-26,6.6599998474121085
1992-11-27,6.309999942779541
1992-11-28,6.630000114440918
1992-11-29,6.989999771118164
1992-11-30,6.960000038146973
1992-12-01,6.860000133514402
1992-12-02,6.4000000953674325
1992-12-03,5.949999809265138
1992-12-04,5.510000228881836
1992-12-05,5.28000020980835
1992-12-06,4.980000019073486
1992-12-07,4.920000076293945
1992-12-08,5.0
1992-12-09,5.599999904632568
1992-12-10,6.199999809265138
1992-12-11,6.599999904632568
1992-12-12,6.78000020980835
1992-12-13,6.75
1992-12-14,6.699999809265138
1992-12-15,6.599999904632568
1992-12-16,6.579999923706055
1992-12-17,6.559999942779541
1992-12-18,6.199999809265138
1992-12-19,5.800000190734862
1992-12-20,5.800000190734862
1992-12-21,5.9000000953674325
1992-12-22,5.929999828338622
1992-12-23,6.139999866485598
1992-12-24,6.300000190734862
1992-12-25,6.380000114440918
1992-12-26,6.300000190734862
1992-12-27,6.239999771118164
1992-12-28,6.099999904632568
1992-12-29,5.699999809265138
1992-12-30,5.179999828338623
1992-12-31,5.079999923706055
1993-01-01,5.199999809265137
1993-01-02,5.300000190734863
1993-01-03,5.300000190734863
1993-01-04,5.519999980926514
1993-01-05,5.6599998474121085
1993-01-06,5.789999961853027
1993-01-07,5.840000152587892
1993-01-08,5.760000228881836
1993-01-09,5.599999904632568
1993-01-10,5.619999885559082
1993-01-11,5.639999866485598
1993-01-12,5.6599998474121085
1993-01-13,5.639999866485598
1993-01-14,5.639999866485598
1993-01-15,5.699999809265138
1993-01-16,5.800000190734862
1993-01-17,5.880000114440918
1993-01-18,5.980000019073486
1993-01-19,5.980000019073486
1993-01-20,5.96999979019165
1993-01-21,5.980000019073486
1993-01-22,6.03000020980835
1993-01-23,6.019999980926514
1993-01-24,6.0
1993-01-25,5.880000114440918
1993-01-26,5.869999885559082
1993-01-27,5.9000000953674325
1993-01-28,5.889999866485598
1993-01-29,5.670000076293945
1993-01-30,5.710000038146973
1993-01-31,5.840000152587892
1993-02-01,5.840000152587892
1993-02-02,5.920000076293945
1993-02-03,5.880000114440918
1993-02-04,5.9000000953674325
1993-02-05,5.71999979019165
1993-02-06,5.71999979019165
1993-02-07,5.769999980926514
1993-02-08,5.9000000953674325
1993-02-09,5.920000076293945
1993-02-10,5.9000000953674325
1993-02-11,5.9099998474121085
1993-02-12,5.880000114440918
1993-02-13,5.769999980926514
1993-02-14,5.739999771118164
1993-02-15,5.710000038146973
1993-02-16,5.179999828338623
1993-02-17,4.949999809265137
1993-02-18,4.980000019073486
1993-02-19,4.940000057220459
1993-02-20,4.9099998474121085
1993-02-21,5.0
1993-02-22,5.199999809265137
1993-02-23,5.340000152587892
1993-02-24,5.380000114440918
1993-02-25,5.300000190734863
1993-02-26,5.179999828338623
1993-02-27,5.099999904632568
1993-02-28,5.090000152587892
1993-03-01,5.179999828338623
1993-03-02,5.190000057220459
1993-03-03,5.199999809265137
1993-03-04,5.360000133514403
1993-03-05,5.630000114440918
1993-03-06,5.6599998474121085
1993-03-07,5.78000020980835
1993-03-08,5.840000152587892
1993-03-09,5.78000020980835
1993-03-10,5.71999979019165
1993-03-11,5.6500000953674325
1993-03-12,5.539999961853027
1993-03-13,5.6599998474121085
1993-03-14,5.610000133514403
1993-03-15,5.75
1993-03-16,5.710000038146973
1993-03-17,5.829999923706055
1993-03-18,5.760000228881836
1993-03-19,5.789999961853027
1993-03-20,5.710000038146973
1993-03-21,5.9000000953674325
1993-03-22,6.03000020980835
1993-03-23,6.980000019073486
1993-03-24,7.559999942779541
1993-03-25,7.380000114440918
1993-03-26,7.300000190734862
1993-03-27,6.920000076293945
1993-03-28,6.639999866485598
1993-03-29,6.739999771118164
1993-03-30,6.690000057220459
1993-03-31,6.760000228881836
1993-04-01,6.880000114440918
1993-04-02,7.010000228881836
1993-04-03,7.019999980926514
1993-04-04,7.210000038146973
1993-04-05,7.760000228881836
1993-04-06,7.559999942779541
1993-04-07,7.610000133514402
1993-04-08,7.599999904632567
1993-04-09,7.820000171661378
1993-04-10,7.949999809265138
1993-04-11,8.029999732971191
1993-04-12,8.090000152587889
1993-04-13,8.119999885559082
1993-04-14,8.159999847412111
1993-04-15,8.289999961853027
1993-04-16,8.369999885559082
1993-04-17,8.449999809265138
1993-04-18,8.800000190734863
1993-04-19,9.170000076293944
1993-04-20,9.149999618530273
1993-04-21,9.210000038146973
1993-04-22,9.420000076293944
1993-04-23,9.59000015258789
1993-04-24,9.960000038146973
1993-04-25,10.300000190734863
1993-04-26,10.699999809265137
1993-04-27,11.100000381469727
1993-04-28,11.199999809265137
1993-04-29,11.399999618530273
1993-04-30,11.600000381469727
1993-05-01,12.0
1993-05-02,12.800000190734865
1993-05-03,13.100000381469727
1993-05-04,13.600000381469727
1993-05-05,14.300000190734865
1993-05-06,17.399999618530273
1993-05-07,21.299999237060547
1993-05-08,23.29999923706055
1993-05-09,23.20000076293945
1993-05-10,22.70000076293945
1993-05-11,27.10000038146973
1993-05-12,47.29999923706055
1993-05-13,73.5
1993-05-14,91.6999969482422
1993-05-15,103.0
1993-05-16,112.0
1993-05-17,112.0
1993-05-18,111.0
1993-05-19,108.0
1993-05-20,104.0
1993-05-21,101.0
1993-05-22,95.9000015258789
1993-05-23,86.0
1993-05-24,75.5
1993-05-25,68.90000152587889
1993-05-26,66.30000305175781
1993-05-27,65.5
1993-05-28,64.5
1993-05-29,67.40000152587889
1993-05-30,71.0999984741211
1993-05-31,69.59999847412111
1993-06-01,93.0999984741211
1993-06-02,133.0
1993-06-03,127.0
1993-06-04,105.0
1993-06-05,87.19999694824219
1993-06-06,76.0999984741211
1993-06-07,69.30000305175781
1993-06-08,63.20000076293945
1993-06-09,58.70000076293945
1993-06-10,54.79999923706055
1993-06-11,51.0
1993-06-12,52.29999923706055
1993-06-13,55.099998474121094
1993-06-14,55.9000015258789
1993-06-15,60.20000076293945
1993-06-16,69.40000152587889
1993-06-17,71.19999694824219
1993-06-18,71.5999984741211
1993-06-19,72.69999694824219
1993-06-20,69.40000152587889
1993-06-21,65.59999847412111
1993-06-22,64.19999694824219
1993-06-23,60.4000015258789
1993-06-24,55.79999923706055
1993-06-25,50.5
1993-06-26,47.4000015258789
1993-06-27,50.0
1993-06-28,52.599998474121094
1993-06-29,54.9000015258789
1993-06-30,61.0
1993-07-01,63.4000015258789
1993-07-02,65.80000305175781
1993-07-03,63.4000015258789
1993-07-04,62.29999923706055
1993-07-05,63.29999923706055
1993-07-06,67.69999694824219
1993-07-07,71.0999984741211
1993-07-08,76.5999984741211
1993-07-09,81.69999694824219
1993-07-10,85.5999984741211
1993-07-11,80.30000305175781
1993-07-12,83.80000305175781
1993-07-13,89.0999984741211
1993-07-14,86.0999984741211
1993-07-15,82.69999694824219
1993-07-16,78.69999694824219
1993-07-17,75.69999694824219
1993-07-18,73.30000305175781
1993-07-19,70.5
1993-07-20,68.80000305175781
1993-07-21,68.30000305175781
1993-07-22,65.09999847412111
1993-07-23,61.70000076293945
1993-07-24,58.4000015258789
1993-07-25,57.20000076293945
1993-07-26,55.9000015258789
1993-07-27,56.5
1993-07-28,54.9000015258789
1993-07-29,52.099998474121094
1993-07-30,49.79999923706055
1993-07-31,47.599998474121094
1993-08-01,44.29999923706055
1993-08-02,41.70000076293945
1993-08-03,39.599998474121094
1993-08-04,37.5
1993-08-05,36.70000076293945
1993-08-06,37.0
1993-08-07,36.79999923706055
1993-08-08,37.20000076293945
1993-08-09,35.900001525878906
1993-08-10,34.0
1993-08-11,34.09999847412109
1993-08-12,32.400001525878906
1993-08-13,30.79999923706055
1993-08-14,29.60000038146973
1993-08-15,29.10000038146973
1993-08-16,30.899999618530284
1993-08-17,37.900001525878906
1993-08-18,39.79999923706055
1993-08-19,39.0
1993-08-20,35.599998474121094
1993-08-21,33.5
1993-08-22,32.700000762939446
1993-08-23,31.20000076293945
1993-08-24,30.79999923706055
1993-08-25,30.0
1993-08-26,29.5
1993-08-27,28.20000076293945
1993-08-28,28.899999618530284
1993-08-29,30.0
1993-08-30,31.20000076293945
1993-08-31,31.20000076293945
1993-09-01,31.399999618530284
1993-09-02,31.10000038146973
1993-09-03,30.899999618530284
1993-09-04,30.79999923706055
1993-09-05,30.0
1993-09-06,29.0
1993-09-07,27.5
1993-09-08,26.399999618530284
1993-09-09,25.5
1993-09-10,24.899999618530284
1993-09-11,24.399999618530284
1993-09-12,24.399999618530284
1993-09-13,24.60000038146973
1993-09-14,23.899999618530284
1993-09-15,23.79999923706055
1993-09-16,23.5
1993-09-17,22.5
1993-09-18,22.100000381469727
1993-09-19,21.799999237060547
1993-09-20,21.5
1993-09-21,21.39999961853028
1993-09-22,21.0
1993-09-23,20.5
1993-09-24,20.0
1993-09-25,19.700000762939453
1993-09-26,19.5
1993-09-27,19.0
1993-09-28,18.600000381469727
1993-09-29,18.700000762939453
1993-09-30,18.5
1993-10-01,18.299999237060547
1993-10-02,18.299999237060547
1993-10-03,17.799999237060547
1993-10-04,17.600000381469727
1993-10-05,17.200000762939453
1993-10-06,16.799999237060547
1993-10-07,16.700000762939453
1993-10-08,16.700000762939453
1993-10-09,16.5
1993-10-10,16.100000381469727
1993-10-11,15.800000190734865
1993-10-12,15.5
1993-10-13,15.300000190734865
1993-10-14,15.5
1993-10-15,15.600000381469727
1993-10-16,15.399999618530273
1993-10-17,15.100000381469727
1993-10-18,14.899999618530273
1993-10-19,14.600000381469727
1993-10-20,14.600000381469727
1993-10-21,14.100000381469727
1993-10-22,13.899999618530273
1993-10-23,13.600000381469727
1993-10-24,13.699999809265135
1993-10-25,13.5
1993-10-26,13.199999809265135
1993-10-27,13.300000190734865
1993-10-28,13.199999809265135
1993-10-29,12.899999618530273
1993-10-30,12.600000381469727
1993-10-31,12.399999618530273
1993-11-01,12.199999809265135
1993-11-02,12.0
1993-11-03,11.899999618530273
1993-11-04,11.800000190734865
1993-11-05,11.199999809265137
1993-11-06,10.5
1993-11-07,10.699999809265137
1993-11-08,10.699999809265137
1993-11-09,10.699999809265137
1993-11-10,10.5
1993-11-11,10.300000190734863
1993-11-12,10.5
1993-11-13,10.300000190734863
1993-11-14,9.770000457763672
1993-11-15,10.300000190734863
1993-11-16,10.199999809265137
1993-11-17,10.100000381469727
1993-11-18,9.960000038146973
1993-11-19,9.970000267028807
1993-11-20,9.949999809265137
1993-11-21,9.9399995803833
1993-11-22,8.149999618530272
1993-11-23,7.0
1993-11-24,6.539999961853027
1993-11-25,6.039999961853027
1993-11-26,6.0
1993-11-27,6.4000000953674325
1993-11-28,7.320000171661378
1993-11-29,8.0
1993-11-30,8.539999961853027
1993-12-01,9.1899995803833
1993-12-02,9.289999961853027
1993-12-03,9.300000190734863
1993-12-04,9.75
1993-12-05,9.59000015258789
1993-12-06,9.09000015258789
1993-12-07,8.619999885559082
1993-12-08,8.920000076293945
1993-12-09,9.25
1993-12-10,9.390000343322754
1993-12-11,10.199999809265137
1993-12-12,9.770000457763672
1993-12-13,9.300000190734863
1993-12-14,9.119999885559082
1993-12-15,8.890000343322754
1993-12-16,8.270000457763674
1993-12-17,8.0
1993-12-18,7.679999828338622
1993-12-19,7.440000057220459
1993-12-20,7.710000038146973
1993-12-21,7.9099998474121085
1993-12-22,7.980000019073486
1993-12-23,8.039999961853027
1993-12-24,8.140000343322754
1993-12-25,8.039999961853027
1993-12-26,7.849999904632567
1993-12-27,7.710000038146973
1993-12-28,7.5900001525878915
1993-12-29,7.849999904632567
1993-12-30,7.989999771118164
1993-12-31,8.020000457763674
1994-01-01,8.079999923706055
1994-01-02,7.96999979019165
1994-01-03,7.920000076293945
1994-01-04,7.920000076293945
1994-01-05,7.929999828338622
1994-01-06,7.510000228881836
1994-01-07,7.21999979019165
1994-01-08,7.170000076293945
1994-01-09,7.420000076293945
1994-01-10,7.579999923706055
1994-01-11,7.630000114440918
1994-01-12,7.670000076293945
1994-01-13,7.539999961853027
1994-01-14,7.46999979019165
1994-01-15,7.440000057220459
1994-01-16,7.360000133514402
1994-01-17,7.099999904632568
1994-01-18,7.0
1994-01-19,6.96999979019165
1994-01-20,6.78000020980835
1994-01-21,6.989999771118164
1994-01-22,6.630000114440918
1994-01-23,7.059999942779541
1994-01-24,7.210000038146973
1994-01-25,7.210000038146973
1994-01-26,6.820000171661378
1994-01-27,6.889999866485598
1994-01-28,6.4099998474121085
1994-01-29,6.519999980926514
1994-01-30,6.329999923706055
1994-01-31,6.420000076293945
1994-02-01,6.369999885559082
1994-02-02,6.46999979019165
1994-02-03,6.440000057220459
1994-02-04,6.300000190734862
1994-02-05,6.179999828338622
1994-02-06,6.1599998474121085
1994-02-07,6.050000190734862
1994-02-08,5.800000190734862
1994-02-09,5.400000095367432
1994-02-10,5.0
1994-02-11,4.960000038146973
1994-02-12,5.21999979019165
1994-02-13,5.519999980926514
1994-02-14,5.679999828338622
1994-02-15,5.800000190734862
1994-02-16,5.840000152587892
1994-02-17,5.869999885559082
1994-02-18,5.949999809265138
1994-02-19,5.869999885559082
1994-02-20,5.809999942779541
1994-02-21,5.739999771118164
1994-02-22,5.78000020980835
1994-02-23,5.75
1994-02-24,5.6599998474121085
1994-02-25,5.619999885559082
1994-02-26,5.639999866485598
1994-02-27,5.760000228881836
1994-02-28,5.809999942779541
1994-03-01,6.010000228881836
1994-03-02,6.71999979019165
1994-03-03,7.690000057220459
1994-03-04,8.260000228881836
1994-03-05,7.800000190734862
1994-03-06,6.869999885559082
1994-03-07,6.619999885559082
1994-03-08,6.570000171661378
1994-03-09,6.639999866485598
1994-03-10,6.639999866485598
1994-03-11,6.630000114440918
1994-03-12,6.599999904632568
1994-03-13,7.050000190734862
1994-03-14,7.579999923706055
1994-03-15,7.809999942779541
1994-03-16,8.140000343322754
1994-03-17,8.180000305175781
1994-03-18,8.159999847412111
1994-03-19,7.940000057220459
1994-03-20,7.630000114440918
1994-03-21,7.489999771118164
1994-03-22,7.289999961853027
1994-03-23,7.1599998474121085
1994-03-24,6.96999979019165
1994-03-25,6.840000152587892
1994-03-26,7.21999979019165
1994-03-27,7.119999885559082
1994-03-28,7.289999961853027
1994-03-29,7.53000020980835
1994-03-30,7.960000038146973
1994-03-31,8.609999656677246
1994-04-01,8.989999771118164
1994-04-02,9.399999618530273
1994-04-03,10.300000190734863
1994-04-04,10.399999618530273
1994-04-05,10.600000381469727
1994-04-06,10.300000190734863
1994-04-07,10.100000381469727
1994-04-08,10.100000381469727
1994-04-09,10.199999809265137
1994-04-10,10.699999809265137
1994-04-11,11.300000190734865
1994-04-12,12.100000381469727
1994-04-13,12.699999809265135
1994-04-14,12.800000190734865
1994-04-15,12.600000381469727
1994-04-16,13.399999618530273
1994-04-17,15.300000190734865
1994-04-18,18.700000762939453
1994-04-19,22.399999618530284
1994-04-20,25.70000076293945
1994-04-21,31.5
1994-04-22,41.29999923706055
1994-04-23,45.70000076293945
1994-04-24,45.0
1994-04-25,41.5
1994-04-26,37.599998474121094
1994-04-27,34.200000762939446
1994-04-28,32.400001525878906
1994-04-29,30.60000038146973
1994-04-30,30.29999923706055
1994-05-01,30.70000076293945
1994-05-02,30.899999618530284
1994-05-03,30.70000076293945
1994-05-04,30.79999923706055
1994-05-05,31.20000076293945
1994-05-06,32.200000762939446
1994-05-07,37.599998474121094
1994-05-08,49.79999923706055
1994-05-09,61.099998474121094
1994-05-10,73.0999984741211
1994-05-11,78.19999694824219
1994-05-12,83.5
1994-05-13,91.4000015258789
1994-05-14,89.5
1994-05-15,80.69999694824219
1994-05-16,74.80000305175781
1994-05-17,68.5
1994-05-18,62.4000015258789
1994-05-19,58.0
1994-05-20,57.4000015258789
1994-05-21,56.5
1994-05-22,54.70000076293945
1994-05-23,53.599998474121094
1994-05-24,56.29999923706055
1994-05-25,65.90000152587889
1994-05-26,79.4000015258789
1994-05-27,90.6999969482422
1994-05-28,92.9000015258789
1994-05-29,85.5
1994-05-30,75.80000305175781
1994-05-31,67.09999847412111
1994-06-01,64.09999847412111
1994-06-02,67.19999694824219
1994-06-03,70.5999984741211
1994-06-04,74.4000015258789
1994-06-05,80.0999984741211
1994-06-06,83.69999694824219
1994-06-07,93.0
1994-06-08,92.0999984741211
1994-06-09,82.5999984741211
1994-06-10,73.5999984741211
1994-06-11,70.09999847412111
1994-06-12,68.69999694824219
1994-06-13,71.30000305175781
1994-06-14,75.4000015258789
1994-06-15,71.5
1994-06-16,65.09999847412111
1994-06-17,57.9000015258789
1994-06-18,54.9000015258789
1994-06-19,54.099998474121094
1994-06-20,53.79999923706055
1994-06-21,55.0
1994-06-22,58.5
1994-06-23,64.30000305175781
1994-06-24,68.59999847412111
1994-06-25,69.30000305175781
1994-06-26,67.69999694824219
1994-06-27,68.09999847412111
1994-06-28,66.09999847412111
1994-06-29,63.099998474121094
1994-06-30,60.0
1994-07-01,56.599998474121094
1994-07-02,54.9000015258789
1994-07-03,54.099998474121094
1994-07-04,49.70000076293945
1994-07-05,45.599998474121094
1994-07-06,43.099998474121094
1994-07-07,41.400001525878906
1994-07-08,41.099998474121094
1994-07-09,41.599998474121094
1994-07-10,42.20000076293945
1994-07-11,40.70000076293945
1994-07-12,38.5
1994-07-13,36.5
1994-07-14,35.29999923706055
1994-07-15,36.20000076293945
1994-07-16,37.099998474121094
1994-07-17,37.099998474121094
1994-07-18,35.900001525878906
1994-07-19,35.599998474121094
1994-07-20,34.200000762939446
1994-07-21,32.400001525878906
1994-07-22,31.399999618530284
1994-07-23,31.5
1994-07-24,31.399999618530284
1994-07-25,32.200000762939446
1994-07-26,31.60000038146973
1994-07-27,30.60000038146973
1994-07-28,29.399999618530284
1994-07-29,28.10000038146973
1994-07-30,27.10000038146973
1994-07-31,26.399999618530284
1994-08-01,25.70000076293945
1994-08-02,24.79999923706055
1994-08-03,23.899999618530284
1994-08-04,24.10000038146973
1994-08-05,24.60000038146973
1994-08-06,23.79999923706055
1994-08-07,23.899999618530284
1994-08-08,24.899999618530284
1994-08-09,25.20000076293945
1994-08-10,23.60000038146973
1994-08-11,22.299999237060547
1994-08-12,21.39999961853028
1994-08-13,20.700000762939453
1994-08-14,20.299999237060547
1994-08-15,20.100000381469727
1994-08-16,19.799999237060547
1994-08-17,19.89999961853028
1994-08-18,19.600000381469727
1994-08-19,18.89999961853028
1994-08-20,18.200000762939453
1994-08-21,17.700000762939453
1994-08-22,17.5
1994-08-23,17.299999237060547
1994-08-24,16.700000762939453
1994-08-25,16.200000762939453
1994-08-26,16.399999618530273
1994-08-27,17.200000762939453
1994-08-28,16.600000381469727
1994-08-29,16.0
1994-08-30,16.200000762939453
1994-08-31,16.399999618530273
1994-09-01,16.299999237060547
1994-09-02,16.0
1994-09-03,15.600000381469727
1994-09-04,15.5
1994-09-05,15.300000190734865
1994-09-06,14.899999618530273
1994-09-07,14.5
1994-09-08,14.199999809265135
1994-09-09,13.899999618530273
1994-09-10,14.0
1994-09-11,14.199999809265135
1994-09-12,13.699999809265135
1994-09-13,13.399999618530273
1994-09-14,13.0
1994-09-15,12.899999618530273
1994-09-16,12.600000381469727
1994-09-17,12.199999809265135
1994-09-18,12.100000381469727
1994-09-19,12.0
1994-09-20,12.100000381469727
1994-09-21,12.0
1994-09-22,12.100000381469727
1994-09-23,11.899999618530273
1994-09-24,11.600000381469727
1994-09-25,11.600000381469727
1994-09-26,11.600000381469727
1994-09-27,11.399999618530273
1994-09-28,11.399999618530273
1994-09-29,11.199999809265137
1994-09-30,11.100000381469727
1994-10-01,11.199999809265137
1994-10-02,10.800000190734863
1994-10-03,10.699999809265137
1994-10-04,11.0
1994-10-05,11.199999809265137
1994-10-06,11.399999618530273
1994-10-07,11.199999809265137
1994-10-08,11.0
1994-10-09,10.800000190734863
1994-10-10,10.5
1994-10-11,10.5
1994-10-12,10.399999618530273
1994-10-13,10.100000381469727
1994-10-14,9.9399995803833
1994-10-15,9.850000381469727
1994-10-16,9.760000228881836
1994-10-17,9.520000457763672
1994-10-18,9.43000030517578
1994-10-19,9.420000076293944
1994-10-20,9.220000267028807
1994-10-21,9.789999961853027
1994-10-22,9.550000190734863
1994-10-23,9.43000030517578
1994-10-24,9.210000038146973
1994-10-25,9.149999618530273
1994-10-26,9.369999885559082
1994-10-27,10.300000190734863
1994-10-28,9.93000030517578
1994-10-29,9.68000030517578
1994-10-30,9.489999771118164
1994-10-31,9.279999732971193
1994-11-01,9.350000381469727
1994-11-02,9.229999542236328
1994-11-03,8.770000457763674
1994-11-04,8.600000381469728
1994-11-05,8.520000457763674
1994-11-06,7.96999979019165
1994-11-07,8.229999542236326
1994-11-08,8.189999580383299
1994-11-09,8.090000152587889
1994-11-10,8.329999923706055
1994-11-11,8.149999618530272
1994-11-12,8.180000305175781
1994-11-13,8.079999923706055
1994-11-14,7.539999961853027
1994-11-15,7.829999923706055
1994-11-16,7.960000038146973
1994-11-17,7.8400001525878915
1994-11-18,6.710000038146973
1994-11-19,6.6500000953674325
1994-11-20,6.4000000953674325
1994-11-21,6.309999942779541
1994-11-22,6.429999828338622
1994-11-23,6.599999904632568
1994-11-24,7.0
1994-11-25,7.369999885559082
1994-11-26,7.119999885559082
1994-11-27,6.920000076293945
1994-11-28,6.800000190734862
1994-11-29,6.849999904632568
1994-11-30,7.460000038146973
1994-12-01,7.650000095367432
1994-12-02,7.360000133514402
1994-12-03,6.380000114440918
1994-12-04,5.989999771118164
1994-12-05,5.5
1994-12-06,5.059999942779541
1994-12-07,5.099999904632568
1994-12-08,5.360000133514403
1994-12-09,5.599999904632568
1994-12-10,5.9000000953674325
1994-12-11,6.059999942779541
1994-12-12,6.320000171661378
1994-12-13,6.4000000953674325
1994-12-14,6.420000076293945
1994-12-15,6.380000114440918
1994-12-16,6.349999904632568
1994-12-17,6.559999942779541
1994-12-18,6.599999904632568
1994-12-19,6.619999885559082
1994-12-20,6.730000019073486
1994-12-21,6.800000190734862
1994-12-22,6.869999885559082
1994-12-23,6.78000020980835
1994-12-24,6.260000228881836
1994-12-25,6.010000228881836
1994-12-26,6.25
1994-12-27,6.610000133514402
1994-12-28,6.800000190734862
1994-12-29,6.599999904632568
1994-12-30,6.300000190734862
1994-12-31,5.960000038146973
1995-01-01,5.769999980926514
1995-01-02,4.699999809265137
1995-01-03,3.900000095367432
1995-01-04,3.299999952316284
1995-01-05,3.0899999141693115
1995-01-06,3.119999885559082
1995-01-07,3.299999952316284
1995-01-08,3.5899999141693115
1995-01-09,3.7799999713897705
1995-01-10,4.199999809265137
1995-01-11,4.460000038146973
1995-01-12,4.730000019073486
1995-01-13,4.980000019073486
1995-01-14,5.1599998474121085
1995-01-15,5.389999866485597
1995-01-16,5.389999866485597
1995-01-17,5.389999866485597
1995-01-18,5.210000038146973
1995-01-19,4.389999866485597
1995-01-20,3.990000009536743
1995-01-21,3.9300000667572017
1995-01-22,3.829999923706055
1995-01-23,3.5999999046325684
1995-01-24,3.609999895095825
1995-01-25,3.7200000286102295
1995-01-26,4.0
1995-01-27,4.280000209808351
1995-01-28,4.5
1995-01-29,5.329999923706055
1995-01-30,5.380000114440918
1995-01-31,5.5
1995-02-01,5.820000171661378
1995-02-02,5.610000133514403
1995-02-03,5.599999904632568
1995-02-04,5.070000171661377
1995-02-05,4.639999866485597
1995-02-06,5.480000019073486
1995-02-07,5.599999904632568
1995-02-08,4.9099998474121085
1995-02-09,4.869999885559082
1995-02-10,4.699999809265137
1995-02-11,4.570000171661377
1995-02-12,4.230000019073486
1995-02-13,3.900000095367432
1995-02-14,4.099999904632568
1995-02-15,4.579999923706055
1995-02-16,4.829999923706055
1995-02-17,5.110000133514403
1995-02-18,5.230000019073486
1995-02-19,5.360000133514403
1995-02-20,5.420000076293945
1995-02-21,5.789999961853027
1995-02-22,5.090000152587892
1995-02-23,4.639999866485597
1995-02-24,5.53000020980835
1995-02-25,5.710000038146973
1995-02-26,5.170000076293945
1995-02-27,4.070000171661377
1995-02-28,3.809999942779541
1995-03-01,3.7200000286102295
1995-03-02,3.7300000190734863
1995-03-03,4.420000076293945
1995-03-04,5.260000228881836
1995-03-05,5.480000019073486
1995-03-06,4.690000057220459
1995-03-07,4.929999828338623
1995-03-08,5.170000076293945
1995-03-09,5.079999923706055
1995-03-10,5.860000133514402
1995-03-11,6.619999885559082
1995-03-12,6.619999885559082
1995-03-13,6.510000228881836
1995-03-14,6.420000076293945
1995-03-15,6.239999771118164
1995-03-16,5.78000020980835
1995-03-17,5.619999885559082
1995-03-18,6.110000133514402
1995-03-19,6.170000076293945
1995-03-20,6.179999828338622
1995-03-21,5.980000019073486
1995-03-22,5.420000076293945
1995-03-23,5.739999771118164
1995-03-24,5.690000057220459
1995-03-25,5.329999923706055
1995-03-26,4.769999980926514
1995-03-27,4.46999979019165
1995-03-28,4.400000095367432
1995-03-29,5.019999980926514
1995-03-30,5.960000038146973
1995-03-31,6.130000114440918
1995-04-01,6.309999942779541
1995-04-02,6.4099998474121085
1995-04-03,6.489999771118164
1995-04-04,6.630000114440918
1995-04-05,6.9000000953674325
1995-04-06,6.940000057220459
1995-04-07,7.110000133514402
1995-04-08,7.380000114440918
1995-04-09,7.639999866485598
1995-04-10,7.699999809265138
1995-04-11,7.619999885559082
1995-04-12,7.710000038146973
1995-04-13,8.020000457763674
1995-04-14,8.149999618530272
1995-04-15,8.270000457763674
1995-04-16,8.229999542236326
1995-04-17,8.149999618530272
1995-04-18,8.119999885559082
1995-04-19,8.220000267028809
1995-04-20,8.579999923706055
1995-04-21,8.880000114440918
1995-04-22,8.890000343322754
1995-04-23,9.010000228881836
1995-04-24,9.199999809265137
1995-04-25,9.479999542236328
1995-04-26,9.5600004196167
1995-04-27,9.81999969482422
1995-04-28,9.93000030517578
1995-04-29,10.199999809265137
1995-04-30,10.199999809265137
1995-05-01,10.199999809265137
1995-05-02,10.300000190734863
1995-05-03,10.5
1995-05-04,10.899999618530273
1995-05-05,11.300000190734865
1995-05-06,12.5
1995-05-07,13.100000381469727
1995-05-08,13.699999809265135
1995-05-09,14.100000381469727
1995-05-10,15.0
1995-05-11,16.799999237060547
1995-05-12,20.600000381469727
1995-05-13,25.399999618530284
1995-05-14,27.399999618530284
1995-05-15,31.29999923706055
1995-05-16,39.29999923706055
1995-05-17,49.0
1995-05-18,58.5
1995-05-19,61.5
1995-05-20,60.5
1995-05-21,59.70000076293945
1995-05-22,55.9000015258789
1995-05-23,54.70000076293945
1995-05-24,57.70000076293945
1995-05-25,62.9000015258789
1995-05-26,63.0
1995-05-27,59.79999923706055
1995-05-28,64.69999694824219
1995-05-29,82.69999694824219
1995-05-30,113.0
1995-05-31,149.0
1995-06-01,170.0
1995-06-02,171.0
1995-06-03,177.0
1995-06-04,188.0
1995-06-05,186.0
1995-06-06,211.0
1995-06-07,333.0
1995-06-08,274.0
1995-06-09,206.0
1995-06-10,158.0
1995-06-11,139.0
1995-06-12,128.0
1995-06-13,122.0
1995-06-14,115.0
1995-06-15,100.0
1995-06-16,95.0
1995-06-17,100.0
1995-06-18,99.9000015258789
1995-06-19,92.0999984741211
1995-06-20,92.8000030517578
1995-06-21,90.5999984741211
1995-06-22,92.0999984741211
1995-06-23,93.4000015258789
1995-06-24,92.0
1995-06-25,91.1999969482422
1995-06-26,91.3000030517578
1995-06-27,93.5
1995-06-28,83.5999984741211
1995-06-29,79.80000305175781
1995-06-30,80.69999694824219
1995-07-01,82.0
1995-07-02,81.4000015258789
1995-07-03,85.5
1995-07-04,101.0
1995-07-05,104.0
1995-07-06,96.3000030517578
1995-07-07,89.69999694824219
1995-07-08,83.5
1995-07-09,81.0
1995-07-10,80.4000015258789
1995-07-11,76.9000015258789
1995-07-12,71.5
1995-07-13,64.80000305175781
1995-07-14,60.099998474121094
1995-07-15,56.79999923706055
1995-07-16,53.29999923706055
1995-07-17,50.29999923706055
1995-07-18,47.4000015258789
1995-07-19,45.79999923706055
1995-07-20,44.29999923706055
1995-07-21,45.5
1995-07-22,45.20000076293945
1995-07-23,42.599998474121094
1995-07-24,42.900001525878906
1995-07-25,42.70000076293945
1995-07-26,41.70000076293945
1995-07-27,43.0
1995-07-28,43.79999923706055
1995-07-29,40.5
1995-07-30,38.20000076293945
1995-07-31,35.79999923706055
1995-08-01,33.59999847412109
1995-08-02,33.200000762939446
1995-08-03,31.60000038146973
1995-08-04,30.5
1995-08-05,29.79999923706055
1995-08-06,29.79999923706055
1995-08-07,33.200000762939446
1995-08-08,36.5
1995-08-09,35.29999923706055
1995-08-10,33.400001525878906
1995-08-11,33.299999237060554
1995-08-12,33.5
1995-08-13,34.799999237060554
1995-08-14,33.0
1995-08-15,30.899999618530284
1995-08-16,30.0
1995-08-17,28.899999618530284
1995-08-18,27.70000076293945
1995-08-19,26.29999923706055
1995-08-20,24.899999618530284
1995-08-21,23.70000076293945
1995-08-22,22.79999923706055
1995-08-23,22.200000762939453
1995-08-24,22.100000381469727
1995-08-25,21.700000762939453
1995-08-26,21.200000762939453
1995-08-27,20.600000381469727
1995-08-28,20.0
1995-08-29,19.700000762939453
1995-08-30,19.600000381469727
1995-08-31,19.100000381469727
1995-09-01,18.600000381469727
1995-09-02,18.100000381469727
1995-09-03,17.5
1995-09-04,17.299999237060547
1995-09-05,17.399999618530273
1995-09-06,18.0
1995-09-07,19.100000381469727
1995-09-08,19.5
1995-09-09,19.0
1995-09-10,18.299999237060547
1995-09-11,17.899999618530273
1995-09-12,17.5
1995-09-13,17.399999618530273
1995-09-14,17.299999237060547
1995-09-15,17.100000381469727
1995-09-16,16.799999237060547
1995-09-17,16.5
1995-09-18,16.0
1995-09-19,15.800000190734865
1995-09-20,15.5
1995-09-21,15.100000381469727
1995-09-22,14.699999809265135
1995-09-23,14.100000381469727
1995-09-24,13.699999809265135
1995-09-25,13.5
1995-09-26,12.899999618530273
1995-09-27,12.699999809265135
1995-09-28,12.5
1995-09-29,12.5
1995-09-30,12.5
1995-10-01,12.699999809265135
1995-10-02,12.600000381469727
1995-10-03,12.699999809265135
1995-10-04,12.600000381469727
1995-10-05,12.199999809265135
1995-10-06,12.0
1995-10-07,11.800000190734865
1995-10-08,11.699999809265135
1995-10-09,11.5
1995-10-10,11.699999809265135
1995-10-11,12.600000381469727
1995-10-12,12.5
1995-10-13,12.5
1995-10-14,12.199999809265135
1995-10-15,11.800000190734865
1995-10-16,11.800000190734865
1995-10-17,12.100000381469727
1995-10-18,12.5
1995-10-19,12.399999618530273
1995-10-20,12.300000190734865
1995-10-21,12.100000381469727
1995-10-22,12.0
1995-10-23,11.699999809265135
1995-10-24,11.600000381469727
1995-10-25,11.399999618530273
1995-10-26,11.399999618530273
1995-10-27,11.199999809265137
1995-10-28,10.899999618530273
1995-10-29,10.800000190734863
1995-10-30,10.600000381469727
1995-10-31,10.199999809265137
1995-11-01,9.869999885559082
1995-11-02,9.260000228881836
1995-11-03,9.0600004196167
1995-11-04,9.0
1995-11-05,9.239999771118164
1995-11-06,9.25
1995-11-07,9.140000343322754
1995-11-08,9.640000343322754
1995-11-09,9.970000267028807
1995-11-10,9.260000228881836
1995-11-11,9.1899995803833
1995-11-12,9.479999542236328
1995-11-13,9.300000190734863
1995-11-14,9.43000030517578
1995-11-15,9.609999656677246
1995-11-16,9.729999542236328
1995-11-17,9.720000267028807
1995-11-18,10.399999618530273
1995-11-19,10.300000190734863
1995-11-20,10.0
1995-11-21,9.770000457763672
1995-11-22,9.579999923706056
1995-11-23,9.68000030517578
1995-11-24,9.989999771118164
1995-11-25,10.399999618530273
1995-11-26,10.199999809265137
1995-11-27,9.9399995803833
1995-11-28,9.859999656677246
1995-11-29,10.300000190734863
1995-11-30,11.699999809265135
1995-12-01,11.699999809265135
1995-12-02,11.5
1995-12-03,11.0
1995-12-04,10.800000190734863
1995-12-05,9.81999969482422
1995-12-06,9.09000015258789
1995-12-07,9.579999923706056
1995-12-08,6.940000057220459
1995-12-09,6.260000228881836
1995-12-10,6.599999904632568
1995-12-11,7.599999904632567
1995-12-12,8.680000305175781
1995-12-13,9.800000190734863
1995-12-14,9.8100004196167
1995-12-15,9.949999809265137
1995-12-16,9.6899995803833
1995-12-17,9.4399995803833
1995-12-18,9.369999885559082
1995-12-19,9.220000267028807
1995-12-20,9.140000343322754
1995-12-21,8.949999809265137
1995-12-22,8.800000190734863
1995-12-23,8.399999618530272
1995-12-24,8.180000305175781
1995-12-25,7.71999979019165
1995-12-26,7.28000020980835
1995-12-27,7.059999942779541
1995-12-28,7.079999923706055
1995-12-29,7.199999809265138
1995-12-30,7.269999980926514
1995-12-31,7.21999979019165
1996-01-01,6.610000133514402
1996-01-02,6.510000228881836
1996-01-03,6.380000114440918
1996-01-04,6.059999942779541
1996-01-05,5.4099998474121085
1996-01-06,5.400000095367432
1996-01-07,5.230000019073486
1996-01-08,5.369999885559082
1996-01-09,5.519999980926514
1996-01-10,6.289999961853027
1996-01-11,6.440000057220459
1996-01-12,6.389999866485598
1996-01-13,6.360000133514402
1996-01-14,6.309999942779541
1996-01-15,6.849999904632568
1996-01-16,7.510000228881836
1996-01-17,6.670000076293945
1996-01-18,5.480000019073486
1996-01-19,5.25
1996-01-20,5.010000228881836
1996-01-21,5.400000095367432
1996-01-22,5.769999980926514
1996-01-23,5.9099998474121085
1996-01-24,5.9099998474121085
1996-01-25,5.929999828338622
1996-01-26,5.820000171661378
1996-01-27,5.710000038146973
1996-01-28,5.449999809265137
1996-01-29,5.199999809265137
1996-01-30,4.960000038146973
1996-01-31,4.269999980926514
1996-02-01,4.110000133514403
1996-02-02,3.9300000667572017
1996-02-03,3.7799999713897705
1996-02-04,3.619999885559082
1996-02-05,3.670000076293945
1996-02-06,3.7100000381469727
1996-02-07,5.139999866485597
1996-02-08,5.489999771118164
1996-02-09,5.6500000953674325
1996-02-10,5.800000190734862
1996-02-11,5.6500000953674325
1996-02-12,5.489999771118164
1996-02-13,5.239999771118164
1996-02-14,5.0
1996-02-15,5.179999828338623
1996-02-16,5.369999885559082
1996-02-17,5.369999885559082
1996-02-18,5.21999979019165
1996-02-19,5.289999961853027
1996-02-20,5.349999904632568
1996-02-21,5.429999828338623
1996-02-22,5.519999980926514
1996-02-23,5.5
1996-02-24,5.289999961853027
1996-02-25,5.090000152587892
1996-02-26,4.9099998474121085
1996-02-27,4.71999979019165
1996-02-28,4.559999942779541
1996-02-29,4.150000095367432
1996-03-01,4.119999885559082
1996-03-02,4.090000152587892
1996-03-03,4.300000190734863
1996-03-04,4.53000020980835
1996-03-05,4.53000020980835
1996-03-06,4.510000228881836
1996-03-07,4.400000095367432
1996-03-08,4.539999961853027
1996-03-09,5.590000152587892
1996-03-10,6.239999771118164
1996-03-11,6.519999980926514
1996-03-12,6.809999942779541
1996-03-13,7.110000133514402
1996-03-14,7.960000038146973
1996-03-15,8.329999923706055
1996-03-16,8.800000190734863
1996-03-17,8.579999923706055
1996-03-18,8.489999771118164
1996-03-19,8.470000267028809
1996-03-20,8.449999809265138
1996-03-21,8.430000305175781
1996-03-22,8.409999847412111
1996-03-23,8.350000381469728
1996-03-24,7.480000019073486
1996-03-25,7.1599998474121085
1996-03-26,7.380000114440918
1996-03-27,7.25
1996-03-28,7.179999828338622
1996-03-29,7.380000114440918
1996-03-30,7.400000095367432
1996-03-31,7.400000095367432
1996-04-01,7.429999828338622
1996-04-02,7.550000190734862
1996-04-03,7.820000171661378
1996-04-04,7.880000114440918
1996-04-05,8.350000381469728
1996-04-06,9.34000015258789
1996-04-07,10.399999618530273
1996-04-08,12.5
1996-04-09,16.299999237060547
1996-04-10,21.700000762939453
1996-04-11,23.79999923706055
1996-04-12,23.29999923706055
1996-04-13,21.899999618530284
1996-04-14,21.0
1996-04-15,20.39999961853028
1996-04-16,20.799999237060547
1996-04-17,21.899999618530284
1996-04-18,22.5
1996-04-19,22.5
1996-04-20,22.5
1996-04-21,22.399999618530284
1996-04-22,22.399999618530284
1996-04-23,22.399999618530284
1996-04-24,27.10000038146973
1996-04-25,27.60000038146973
1996-04-26,26.399999618530284
1996-04-27,24.70000076293945
1996-04-28,23.10000038146973
1996-04-29,22.70000076293945
1996-04-30,22.299999237060547
1996-05-01,22.0
1996-05-02,21.799999237060547
1996-05-03,21.600000381469727
1996-05-04,21.100000381469727
1996-05-05,20.700000762939453
1996-05-06,20.5
1996-05-07,20.39999961853028
1996-05-08,20.0
1996-05-09,19.5
1996-05-10,19.200000762939453
1996-05-11,19.200000762939453
1996-05-12,19.299999237060547
1996-05-13,20.100000381469727
1996-05-14,22.399999618530284
1996-05-15,27.70000076293945
1996-05-16,35.79999923706055
1996-05-17,45.9000015258789
1996-05-18,55.099998474121094
1996-05-19,62.599998474121094
1996-05-20,66.09999847412111
1996-05-21,66.90000152587889
1996-05-22,67.5
1996-05-23,69.80000305175781
1996-05-24,70.0
1996-05-25,70.69999694824219
1996-05-26,85.19999694824219
1996-05-27,101.0
1996-05-28,116.0
1996-05-29,127.0
1996-05-30,128.0
1996-05-31,124.0
1996-06-01,116.0
1996-06-02,115.0
1996-06-03,130.0
1996-06-04,172.0
1996-06-05,196.0
1996-06-06,196.0
1996-06-07,191.0
1996-06-08,238.0
1996-06-09,274.0
1996-06-10,270.0
1996-06-11,202.0
1996-06-12,170.0
1996-06-13,149.0
1996-06-14,142.0
1996-06-15,140.0
1996-06-16,139.0
1996-06-17,142.0
1996-06-18,140.0
1996-06-19,126.0
1996-06-20,106.0
1996-06-21,92.4000015258789
1996-06-22,87.19999694824219
1996-06-23,85.5
1996-06-24,85.4000015258789
1996-06-25,88.5
1996-06-26,89.5
1996-06-27,93.6999969482422
1996-06-28,98.3000030517578
1996-06-29,99.4000015258789
1996-06-30,98.1999969482422
1996-07-01,98.0
1996-07-02,99.1999969482422
1996-07-03,101.0
1996-07-04,108.0
1996-07-05,119.0
1996-07-06,109.0
1996-07-07,93.0999984741211
1996-07-08,83.30000305175781
1996-07-09,79.69999694824219
1996-07-10,81.5999984741211
1996-07-11,82.0
1996-07-12,77.19999694824219
1996-07-13,71.30000305175781
1996-07-14,67.80000305175781
1996-07-15,67.09999847412111
1996-07-16,67.40000152587889
1996-07-17,66.5
1996-07-18,66.5
1996-07-19,65.09999847412111
1996-07-20,60.20000076293945
1996-07-21,52.099998474121094
1996-07-22,47.70000076293945
1996-07-23,44.900001525878906
1996-07-24,43.599998474121094
1996-07-25,44.900001525878906
1996-07-26,47.0
1996-07-27,45.599998474121094
1996-07-28,44.599998474121094
1996-07-29,43.599998474121094
1996-07-30,43.79999923706055
1996-07-31,44.29999923706055
1996-08-01,44.29999923706055
1996-08-02,42.70000076293945
1996-08-03,40.20000076293945
1996-08-04,38.099998474121094
1996-08-05,35.900001525878906
1996-08-06,34.200000762939446
1996-08-07,32.0
1996-08-08,30.0
1996-08-09,28.60000038146973
1996-08-10,28.0
1996-08-11,28.29999923706055
1996-08-12,28.10000038146973
1996-08-13,28.0
1996-08-14,27.60000038146973
1996-08-15,27.20000076293945
1996-08-16,26.5
1996-08-17,26.0
1996-08-18,25.5
1996-08-19,24.70000076293945
1996-08-20,23.70000076293945
1996-08-21,22.5
1996-08-22,21.799999237060547
1996-08-23,20.799999237060547
1996-08-24,20.299999237060547
1996-08-25,20.100000381469727
1996-08-26,20.100000381469727
1996-08-27,20.0
1996-08-28,19.89999961853028
1996-08-29,19.700000762939453
1996-08-30,19.600000381469727
1996-08-31,19.700000762939453
1996-09-01,20.0
1996-09-02,19.89999961853028
1996-09-03,19.200000762939453
1996-09-04,18.700000762939453
1996-09-05,18.200000762939453
1996-09-06,17.700000762939453
1996-09-07,17.200000762939453
1996-09-08,16.799999237060547
1996-09-09,16.299999237060547
1996-09-10,15.800000190734865
1996-09-11,15.300000190734865
1996-09-12,14.899999618530273
1996-09-13,14.600000381469727
1996-09-14,14.5
1996-09-15,14.5
1996-09-16,14.600000381469727
1996-09-17,14.800000190734865
1996-09-18,16.399999618530273
1996-09-19,16.899999618530273
1996-09-20,17.200000762939453
1996-09-21,17.5
1996-09-22,17.299999237060547
1996-09-23,17.299999237060547
1996-09-24,17.100000381469727
1996-09-25,16.299999237060547
1996-09-26,16.0
1996-09-27,15.600000381469727
1996-09-28,15.300000190734865
1996-09-29,15.300000190734865
1996-09-30,15.399999618530273
1996-10-01,15.600000381469727
1996-10-02,15.800000190734865
1996-10-03,15.899999618530273
1996-10-04,16.0
1996-10-05,16.0
1996-10-06,15.800000190734865
1996-10-07,15.800000190734865
1996-10-08,15.699999809265135
1996-10-09,16.100000381469727
1996-10-10,16.0
1996-10-11,15.800000190734865
1996-10-12,15.699999809265135
1996-10-13,15.699999809265135
1996-10-14,15.600000381469727
1996-10-15,15.600000381469727
1996-10-16,15.199999809265135
1996-10-17,14.899999618530273
1996-10-18,14.800000190734865
1996-10-19,14.399999618530273
1996-10-20,14.199999809265135
1996-10-21,13.800000190734865
1996-10-22,13.699999809265135
1996-10-23,13.399999618530273
1996-10-24,13.300000190734865
1996-10-25,13.300000190734865
1996-10-26,12.899999618530273
1996-10-27,12.399999618530273
1996-10-28,12.300000190734865
1996-10-29,12.199999809265135
1996-10-30,12.100000381469727
1996-10-31,11.800000190734865
1996-11-01,11.399999618530273
1996-11-02,11.300000190734865
1996-11-03,11.300000190734865
1996-11-04,11.199999809265137
1996-11-05,11.100000381469727
1996-11-06,11.0
1996-11-07,11.0
1996-11-08,10.899999618530273
1996-11-09,10.899999618530273
1996-11-10,10.899999618530273
1996-11-11,10.699999809265137
1996-11-12,10.699999809265137
1996-11-13,10.699999809265137
1996-11-14,10.800000190734863
1996-11-15,10.600000381469727
1996-11-16,10.100000381469727
1996-11-17,9.989999771118164
1996-11-18,10.0
1996-11-19,9.229999542236328
1996-11-20,8.8100004196167
1996-11-21,8.439999580383299
1996-11-22,8.050000190734862
1996-11-23,8.369999885559082
1996-11-24,8.640000343322754
1996-11-25,9.0600004196167
1996-11-26,9.1899995803833
1996-11-27,9.329999923706056
1996-11-28,9.550000190734863
1996-11-29,9.619999885559082
1996-11-30,9.630000114440918
1996-12-01,9.609999656677246
1996-12-02,9.579999923706056
1996-12-03,9.529999732971193
1996-12-04,9.279999732971193
1996-12-05,9.029999732971193
1996-12-06,9.010000228881836
1996-12-07,8.989999771118164
1996-12-08,9.0600004196167
1996-12-09,9.039999961853027
1996-12-10,9.0
1996-12-11,8.970000267028809
1996-12-12,8.619999885559082
1996-12-13,7.989999771118164
1996-12-14,7.5900001525878915
1996-12-15,7.1599998474121085
1996-12-16,6.75
1996-12-17,6.489999771118164
1996-12-18,6.239999771118164
1996-12-19,6.050000190734862
1996-12-20,5.840000152587892
1996-12-21,6.289999961853027
1996-12-22,6.539999961853027
1996-12-23,6.489999771118164
1996-12-24,6.269999980926514
1996-12-25,6.099999904632568
1996-12-26,5.9099998474121085
1996-12-27,5.6599998474121085
1996-12-28,5.710000038146973
1996-12-29,5.9099998474121085
1996-12-30,6.119999885559082
1996-12-31,6.920000076293945
1997-01-01,6.760000228881836
1997-01-02,6.860000133514402
1997-01-03,7.389999866485598
1997-01-04,7.1599998474121085
1997-01-05,6.940000057220459
1997-01-06,6.599999904632568
1997-01-07,6.269999980926514
1997-01-08,6.0
1997-01-09,6.070000171661378
1997-01-10,6.119999885559082
1997-01-11,6.1500000953674325
1997-01-12,6.170000076293945
1997-01-13,6.119999885559082
1997-01-14,5.619999885559082
1997-01-15,5.210000038146973
1997-01-16,4.860000133514403
1997-01-17,4.989999771118164
1997-01-18,5.400000095367432
1997-01-19,5.789999961853027
1997-01-20,6.03000020980835
1997-01-21,6.320000171661378
1997-01-22,6.110000133514402
1997-01-23,6.019999980926514
1997-01-24,5.880000114440918
1997-01-25,4.059999942779541
1997-01-26,4.889999866485597
1997-01-27,4.800000190734863
1997-01-28,4.539999961853027
1997-01-29,4.949999809265137
1997-01-30,5.110000133514403
1997-01-31,5.25
1997-02-01,5.400000095367432
1997-02-02,5.53000020980835
1997-02-03,5.400000095367432
1997-02-04,5.25
1997-02-05,5.110000133514403
1997-02-06,4.929999828338623
1997-02-07,4.760000228881836
1997-02-08,4.650000095367432
1997-02-09,4.539999961853027
1997-02-10,4.820000171661377
1997-02-11,4.949999809265137
1997-02-12,4.9099998474121085
1997-02-13,5.090000152587892
1997-02-14,5.150000095367432
1997-02-15,5.230000019073486
1997-02-16,5.75
1997-02-17,5.760000228881836
1997-02-18,5.75
1997-02-19,5.730000019073486
1997-02-20,5.710000038146973
1997-02-21,5.690000057220459
1997-02-22,5.679999828338622
1997-02-23,5.670000076293945
1997-02-24,5.6599998474121085
1997-02-25,5.6500000953674325
1997-02-26,5.639999866485598
1997-02-27,5.639999866485598
1997-02-28,5.599999904632568
1997-03-01,5.5
1997-03-02,5.510000228881836
1997-03-03,5.5
1997-03-04,5.460000038146973
1997-03-05,5.6500000953674325
1997-03-06,5.46999979019165
1997-03-07,5.559999942779541
1997-03-08,5.53000020980835
1997-03-09,5.489999771118164
1997-03-10,5.449999809265137
1997-03-11,5.380000114440918
1997-03-12,5.21999979019165
1997-03-13,5.53000020980835
1997-03-14,5.230000019073486
1997-03-15,5.5
1997-03-16,5.460000038146973
1997-03-17,5.449999809265137
1997-03-18,5.489999771118164
1997-03-19,5.9000000953674325
1997-03-20,6.96999979019165
1997-03-21,7.039999961853027
1997-03-22,7.0
1997-03-23,7.3400001525878915
1997-03-24,7.789999961853027
1997-03-25,8.199999809265138
1997-03-26,8.630000114440918
1997-03-27,8.930000305175781
1997-03-28,8.899999618530273
1997-03-29,8.75
1997-03-30,8.569999694824219
1997-03-31,8.619999885559082
1997-04-01,8.649999618530272
1997-04-02,8.689999580383299
1997-04-03,8.8100004196167
1997-04-04,8.869999885559082
1997-04-05,8.560000419616701
1997-04-06,8.510000228881836
1997-04-07,8.340000152587889
1997-04-08,8.119999885559082
1997-04-09,8.130000114440918
1997-04-10,7.889999866485598
1997-04-11,7.849999904632567
1997-04-12,8.100000381469728
1997-04-13,8.380000114440918
1997-04-14,8.489999771118164
1997-04-15,8.720000267028809
1997-04-16,9.380000114440918
1997-04-17,10.800000190734863
1997-04-18,12.199999809265135
1997-04-19,12.899999618530273
1997-04-20,14.300000190734865
1997-04-21,16.200000762939453
1997-04-22,17.399999618530273
1997-04-23,17.700000762939453
1997-04-24,17.5
1997-04-25,17.200000762939453
1997-04-26,17.5
1997-04-27,18.5
1997-04-28,20.5
1997-04-29,21.200000762939453
1997-04-30,21.100000381469727
1997-05-01,20.89999961853028
1997-05-02,20.700000762939453
1997-05-03,20.5
1997-05-04,20.5
1997-05-05,21.799999237060547
1997-05-06,23.79999923706055
1997-05-07,24.79999923706055
1997-05-08,25.399999618530284
1997-05-09,27.899999618530284
1997-05-10,34.09999847412109
1997-05-11,41.20000076293945
1997-05-12,49.29999923706055
1997-05-13,59.599998474121094
1997-05-14,72.0
1997-05-15,85.5999984741211
1997-05-16,110.0
1997-05-17,125.0
1997-05-18,152.0
1997-05-19,137.0
1997-05-20,106.0
1997-05-21,95.9000015258789
1997-05-22,88.69999694824219
1997-05-23,81.69999694824219
1997-05-24,72.30000305175781
1997-05-25,68.80000305175781
1997-05-26,65.09999847412111
1997-05-27,69.0
1997-05-28,69.0
1997-05-29,69.0
1997-05-30,76.69999694824219
1997-05-31,88.0
1997-06-01,184.0
1997-06-02,178.0
1997-06-03,172.0
1997-06-04,163.0
1997-06-05,166.0
1997-06-06,162.0
1997-06-07,158.0
1997-06-08,149.0
1997-06-09,138.0
1997-06-10,135.0
1997-06-11,135.0
1997-06-12,138.0
1997-06-13,139.0
1997-06-14,134.0
1997-06-15,129.0
1997-06-16,124.0
1997-06-17,118.0
1997-06-18,107.0
1997-06-19,99.0
1997-06-20,91.5999984741211
1997-06-21,78.30000305175781
1997-06-22,73.9000015258789
1997-06-23,69.59999847412111
1997-06-24,65.40000152587889
1997-06-25,61.9000015258789
1997-06-26,60.70000076293945
1997-06-27,60.70000076293945
1997-06-28,59.29999923706055
1997-06-29,58.0
1997-06-30,55.29999923706055
1997-07-01,52.29999923706055
1997-07-02,51.099998474121094
1997-07-03,49.9000015258789
1997-07-04,50.099998474121094
1997-07-05,50.29999923706055
1997-07-06,51.29999923706055
1997-07-07,52.4000015258789
1997-07-08,53.0
1997-07-09,51.29999923706055
1997-07-10,51.4000015258789
1997-07-11,49.79999923706055
1997-07-12,48.20000076293945
1997-07-13,45.5
1997-07-14,42.599998474121094
1997-07-15,41.20000076293945
1997-07-16,40.29999923706055
1997-07-17,39.400001525878906
1997-07-18,38.29999923706055
1997-07-19,36.29999923706055
1997-07-20,36.099998474121094
1997-07-21,36.0
1997-07-22,34.299999237060554
1997-07-23,34.09999847412109
1997-07-24,33.799999237060554
1997-07-25,32.0
1997-07-26,31.5
1997-07-27,31.0
1997-07-28,29.399999618530284
1997-07-29,27.5
1997-07-30,27.899999618530284
1997-07-31,28.29999923706055
1997-08-01,28.70000076293945
1997-08-02,28.20000076293945
1997-08-03,27.399999618530284
1997-08-04,26.20000076293945
1997-08-05,26.10000038146973
1997-08-06,26.5
1997-08-07,26.5
1997-08-08,26.5
1997-08-09,26.29999923706055
1997-08-10,24.70000076293945
1997-08-11,22.899999618530284
1997-08-12,21.899999618530284
1997-08-13,21.799999237060547
1997-08-14,21.700000762939453
1997-08-15,21.700000762939453
1997-08-16,23.29999923706055
1997-08-17,23.60000038146973
1997-08-18,22.899999618530284
1997-08-19,22.100000381469727
1997-08-20,21.0
1997-08-21,20.5
1997-08-22,20.100000381469727
1997-08-23,19.799999237060547
1997-08-24,19.600000381469727
1997-08-25,20.0
1997-08-26,19.700000762939453
1997-08-27,19.200000762939453
1997-08-28,18.700000762939453
1997-08-29,18.299999237060547
1997-08-30,17.899999618530273
1997-08-31,17.299999237060547
1997-09-01,16.5
1997-09-02,15.899999618530273
1997-09-03,16.0
1997-09-04,17.700000762939453
1997-09-05,18.600000381469727
1997-09-06,19.39999961853028
1997-09-07,20.0
1997-09-08,19.600000381469727
1997-09-09,18.5
1997-09-10,17.600000381469727
1997-09-11,16.799999237060547
1997-09-12,16.600000381469727
1997-09-13,17.0
1997-09-14,17.200000762939453
1997-09-15,17.299999237060547
1997-09-16,17.399999618530273
1997-09-17,18.100000381469727
1997-09-18,18.700000762939453
1997-09-19,18.799999237060547
1997-09-20,18.5
1997-09-21,17.799999237060547
1997-09-22,17.200000762939453
1997-09-23,16.5
1997-09-24,16.200000762939453
1997-09-25,15.899999618530273
1997-09-26,15.600000381469727
1997-09-27,15.699999809265135
1997-09-28,15.800000190734865
1997-09-29,15.5
1997-09-30,15.199999809265135
1997-10-01,14.899999618530273
1997-10-02,14.800000190734865
1997-10-03,15.0
1997-10-04,16.0
1997-10-05,16.799999237060547
1997-10-06,16.700000762939453
1997-10-07,16.399999618530273
1997-10-08,15.899999618530273
1997-10-09,15.5
1997-10-10,15.100000381469727
1997-10-11,14.699999809265135
1997-10-12,14.399999618530273
1997-10-13,13.899999618530273
1997-10-14,13.699999809265135
1997-10-15,13.300000190734865
1997-10-16,13.100000381469727
1997-10-17,13.0
1997-10-18,13.300000190734865
1997-10-19,13.399999618530273
1997-10-20,13.399999618530273
1997-10-21,13.199999809265135
1997-10-22,12.899999618530273
1997-10-23,12.800000190734865
1997-10-24,12.600000381469727
1997-10-25,12.399999618530273
1997-10-26,12.199999809265135
1997-10-27,12.100000381469727
1997-10-28,11.899999618530273
1997-10-29,11.800000190734865
1997-10-30,11.800000190734865
1997-10-31,11.699999809265135
1997-11-01,11.399999618530273
1997-11-02,11.300000190734865
1997-11-03,11.300000190734865
1997-11-04,11.100000381469727
1997-11-05,11.0
1997-11-06,10.899999618530273
1997-11-07,10.600000381469727
1997-11-08,10.5
1997-11-09,10.300000190734863
1997-11-10,9.779999732971193
1997-11-11,9.31999969482422
1997-11-12,8.970000267028809
1997-11-13,8.930000305175781
1997-11-14,8.579999923706055
1997-11-15,8.159999847412111
1997-11-16,7.980000019073486
1997-11-17,7.9099998474121085
1997-11-18,8.199999809265138
1997-11-19,8.539999961853027
1997-11-20,8.560000419616701
1997-11-21,8.529999732971191
1997-11-22,8.489999771118164
1997-11-23,8.449999809265138
1997-11-24,8.470000267028809
1997-11-25,8.409999847412111
1997-11-26,8.329999923706055
1997-11-27,8.260000228881836
1997-11-28,8.329999923706055
1997-11-29,8.189999580383299
1997-11-30,8.159999847412111
1997-12-01,8.170000076293945
1997-12-02,7.400000095367432
1997-12-03,6.880000114440918
1997-12-04,6.610000133514402
1997-12-05,5.920000076293945
1997-12-06,5.369999885559082
1997-12-07,5.059999942779541
1997-12-08,5.519999980926514
1997-12-09,5.920000076293945
1997-12-10,7.099999904632568
1997-12-11,6.96999979019165
1997-12-12,7.1599998474121085
1997-12-13,7.179999828338622
1997-12-14,7.21999979019165
1997-12-15,7.289999961853027
1997-12-16,7.3400001525878915
1997-12-17,7.389999866485598
1997-12-18,7.329999923706055
1997-12-19,7.199999809265138
1997-12-20,7.190000057220459
1997-12-21,7.25
1997-12-22,7.010000228881836
1997-12-23,6.710000038146973
1997-12-24,6.579999923706055
1997-12-25,6.670000076293945
1997-12-26,6.739999771118164
1997-12-27,6.849999904632568
1997-12-28,6.889999866485598
1997-12-29,7.010000228881836
1997-12-30,7.070000171661378
1997-12-31,6.6599998474121085
1998-01-01,7.190000057220459
1998-01-02,7.010000228881836
1998-01-03,7.0
1998-01-04,6.800000190734862
1998-01-05,6.599999904632568
1998-01-06,6.800000190734862
1998-01-07,6.5
1998-01-08,6.0
1998-01-09,5.599999904632568
1998-01-10,5.300000190734863
1998-01-11,5.0
1998-01-12,4.5
1998-01-13,4.599999904632568
1998-01-14,4.800000190734863
1998-01-15,5.150000095367432
1998-01-16,5.400000095367432
1998-01-17,5.599999904632568
1998-01-18,5.6500000953674325
1998-01-19,5.699999809265138
1998-01-20,5.710000038146973
1998-01-21,5.699999809265138
1998-01-22,5.739999771118164
1998-01-23,5.710000038146973
1998-01-24,5.739999771118164
1998-01-25,5.739999771118164
1998-01-26,5.730000019073486
1998-01-27,5.690000057220459
1998-01-28,5.679999828338622
1998-01-29,5.630000114440918
1998-01-30,5.619999885559082
1998-01-31,5.539999961853027
1998-02-01,5.440000057220459
1998-02-02,5.420000076293945
1998-02-03,5.429999828338623
1998-02-04,5.5
1998-02-05,5.539999961853027
1998-02-06,5.559999942779541
1998-02-07,5.579999923706055
1998-02-08,5.599999904632568
1998-02-09,5.610000133514403
1998-02-10,5.590000152587892
1998-02-11,5.5
1998-02-12,5.489999771118164
1998-02-13,5.449999809265137
1998-02-14,5.53000020980835
1998-02-15,5.590000152587892
1998-02-16,5.559999942779541
1998-02-17,5.519999980926514
1998-02-18,5.539999961853027
1998-02-19,5.639999866485598
1998-02-20,5.690000057220459
1998-02-21,5.6599998474121085
1998-02-22,5.619999885559082
1998-02-23,5.400000095367432
1998-02-24,5.0
1998-02-25,4.900000095367432
1998-02-26,4.840000152587892
1998-02-27,4.829999923706055
1998-02-28,4.880000114440918
1998-03-01,4.989999771118164
1998-03-02,4.989999771118164
1998-03-03,4.980000019073486
1998-03-04,4.96999979019165
1998-03-05,4.889999866485597
1998-03-06,4.920000076293945
1998-03-07,4.980000019073486
1998-03-08,5.050000190734863
1998-03-09,5.099999904632568
1998-03-10,5.239999771118164
1998-03-11,5.269999980926514
1998-03-12,5.4099998474121085
1998-03-13,5.579999923706055
1998-03-14,5.809999942779541
1998-03-15,6.039999961853027
1998-03-16,6.170000076293945
1998-03-17,6.119999885559082
1998-03-18,5.860000133514402
1998-03-19,5.789999961853027
1998-03-20,5.889999866485598
1998-03-21,5.929999828338622
1998-03-22,6.090000152587892
1998-03-23,6.1500000953674325
1998-03-24,6.480000019073486
1998-03-25,6.71999979019165
1998-03-26,6.800000190734862
1998-03-27,6.519999980926514
1998-03-28,6.130000114440918
1998-03-29,5.920000076293945
1998-03-30,5.96999979019165
1998-03-31,6.019999980926514
1998-04-01,6.090000152587892
1998-04-02,6.28000020980835
1998-04-03,6.630000114440918
1998-04-04,6.840000152587892
1998-04-05,6.9099998474121085
1998-04-06,6.949999809265138
1998-04-07,7.039999961853027
1998-04-08,7.039999961853027
1998-04-09,6.929999828338622
1998-04-10,6.860000133514402
1998-04-11,6.820000171661378
1998-04-12,6.789999961853027
1998-04-13,6.760000228881836
1998-04-14,6.599999904632568
1998-04-15,6.590000152587892
1998-04-16,6.630000114440918
1998-04-17,6.670000076293945
1998-04-18,6.710000038146973
1998-04-19,6.880000114440918
1998-04-20,7.179999828338622
1998-04-21,7.599999904632567
1998-04-22,8.180000305175781
1998-04-23,9.979999542236328
1998-04-24,16.100000381469727
1998-04-25,20.600000381469727
1998-04-26,20.89999961853028
1998-04-27,21.200000762939453
1998-04-28,23.60000038146973
1998-04-29,29.399999618530284
1998-04-30,36.900001525878906
1998-05-01,43.099998474121094
1998-05-02,48.70000076293945
1998-05-03,56.0
1998-05-04,64.0
1998-05-05,65.40000152587889
1998-05-06,65.0
1998-05-07,65.0
1998-05-08,66.90000152587889
1998-05-09,70.19999694824219
1998-05-10,69.69999694824219
1998-05-11,67.5
1998-05-12,64.19999694824219
1998-05-13,61.599998474121094
1998-05-14,59.099998474121094
1998-05-15,57.4000015258789
1998-05-16,55.0
1998-05-17,51.599998474121094
1998-05-18,50.70000076293945
1998-05-19,49.0
1998-05-20,47.79999923706055
1998-05-21,56.29999923706055
1998-05-22,75.19999694824219
1998-05-23,103.0
1998-05-24,107.0
1998-05-25,97.9000015258789
1998-05-26,94.6999969482422
1998-05-27,112.0
1998-05-28,149.0
1998-05-29,138.0
1998-05-30,148.0
1998-05-31,164.0
1998-06-01,171.0
1998-06-02,167.0
1998-06-03,137.0
1998-06-04,119.0
1998-06-05,108.0
1998-06-06,98.3000030517578
1998-06-07,90.8000030517578
1998-06-08,85.80000305175781
1998-06-09,81.30000305175781
1998-06-10,81.0999984741211
1998-06-11,86.0
1998-06-12,91.9000015258789
1998-06-13,90.8000030517578
1998-06-14,83.5
1998-06-15,77.69999694824219
1998-06-16,89.80000305175781
1998-06-17,96.6999969482422
1998-06-18,93.0999984741211
1998-06-19,96.5999984741211
1998-06-20,103.0
1998-06-21,97.6999969482422
1998-06-22,90.5
1998-06-23,86.0999984741211
1998-06-24,83.0
1998-06-25,79.30000305175781
1998-06-26,74.0
1998-06-27,70.30000305175781
1998-06-28,68.40000152587889
1998-06-29,73.0999984741211
1998-06-30,74.69999694824219
1998-07-01,71.0999984741211
1998-07-02,68.5
1998-07-03,65.30000305175781
1998-07-04,62.9000015258789
1998-07-05,60.20000076293945
1998-07-06,57.599998474121094
1998-07-07,55.4000015258789
1998-07-08,54.70000076293945
1998-07-09,53.099998474121094
1998-07-10,50.79999923706055
1998-07-11,48.599998474121094
1998-07-12,47.599998474121094
1998-07-13,46.9000015258789
1998-07-14,45.099998474121094
1998-07-15,42.20000076293945
1998-07-16,40.099998474121094
1998-07-17,38.599998474121094
1998-07-18,37.29999923706055
1998-07-19,36.0
1998-07-20,35.20000076293945
1998-07-21,34.200000762939446
1998-07-22,32.799999237060554
1998-07-23,31.10000038146973
1998-07-24,30.0
1998-07-25,29.60000038146973
1998-07-26,29.10000038146973
1998-07-27,28.79999923706055
1998-07-28,28.70000076293945
1998-07-29,29.79999923706055
1998-07-30,30.79999923706055
1998-07-31,31.5
1998-08-01,34.59999847412109
1998-08-02,34.900001525878906
1998-08-03,33.299999237060554
1998-08-04,31.20000076293945
1998-08-05,29.79999923706055
1998-08-06,28.899999618530284
1998-08-07,28.29999923706055
1998-08-08,27.20000076293945
1998-08-09,26.10000038146973
1998-08-10,24.79999923706055
1998-08-11,24.20000076293945
1998-08-12,23.60000038146973
1998-08-13,23.10000038146973
1998-08-14,23.10000038146973
1998-08-15,24.0
1998-08-16,23.399999618530284
1998-08-17,22.70000076293945
1998-08-18,22.299999237060547
1998-08-19,21.100000381469727
1998-08-20,19.700000762939453
1998-08-21,18.89999961853028
1998-08-22,18.5
1998-08-23,18.600000381469727
1998-08-24,18.299999237060547
1998-08-25,18.200000762939453
1998-08-26,17.899999618530273
1998-08-27,17.399999618530273
1998-08-28,17.100000381469727
1998-08-29,16.700000762939453
1998-08-30,16.600000381469727
1998-08-31,16.5
1998-09-01,16.299999237060547
1998-09-02,16.200000762939453
1998-09-03,16.200000762939453
1998-09-04,16.299999237060547
1998-09-05,16.5
1998-09-06,16.399999618530273
1998-09-07,15.899999618530273
1998-09-08,15.699999809265135
1998-09-09,15.300000190734865
1998-09-10,15.300000190734865
1998-09-11,14.899999618530273
1998-09-12,14.5
1998-09-13,14.0
1998-09-14,13.600000381469727
1998-09-15,13.5
1998-09-16,13.199999809265135
1998-09-17,13.199999809265135
1998-09-18,13.899999618530273
1998-09-19,14.199999809265135
1998-09-20,14.199999809265135
1998-09-21,13.800000190734865
1998-09-22,13.100000381469727
1998-09-23,12.600000381469727
1998-09-24,12.100000381469727
1998-09-25,12.399999618530273
1998-09-26,12.699999809265135
1998-09-27,12.399999618530273
1998-09-28,12.100000381469727
1998-09-29,11.899999618530273
1998-09-30,11.699999809265135
1998-10-01,11.600000381469727
1998-10-02,11.300000190734865
1998-10-03,11.100000381469727
1998-10-04,11.199999809265137
1998-10-05,11.0
1998-10-06,10.800000190734863
1998-10-07,10.399999618530273
1998-10-08,10.300000190734863
1998-10-09,10.199999809265137
1998-10-10,10.100000381469727
1998-10-11,9.979999542236328
1998-10-12,9.979999542236328
1998-10-13,9.859999656677246
1998-10-14,9.539999961853027
1998-10-15,9.43000030517578
1998-10-16,9.479999542236328
1998-10-17,9.43000030517578
1998-10-18,9.420000076293944
1998-10-19,9.390000343322754
1998-10-20,9.010000228881836
1998-10-21,8.770000457763674
1998-10-22,8.670000076293945
1998-10-23,8.550000190734862
1998-10-24,8.5
1998-10-25,8.359999656677246
1998-10-26,8.319999694824219
1998-10-27,8.180000305175781
1998-10-28,8.119999885559082
1998-10-29,8.039999961853027
1998-10-30,7.960000038146973
1998-10-31,7.9099998474121085
1998-11-01,7.96999979019165
1998-11-02,7.989999771118164
1998-11-03,7.940000057220459
1998-11-04,7.900000095367432
1998-11-05,7.860000133514402
1998-11-06,7.820000171661378
1998-11-07,7.78000020980835
1998-11-08,7.730000019073486
1998-11-09,7.670000076293945
1998-11-10,7.599999904632567
1998-11-11,7.559999942779541
1998-11-12,7.5900001525878915
1998-11-13,7.610000133514402
1998-11-14,7.650000095367432
1998-11-15,7.679999828338622
1998-11-16,7.769999980926514
1998-11-17,7.710000038146973
1998-11-18,7.650000095367432
1998-11-19,7.539999961853027
1998-11-20,7.5
1998-11-21,7.820000171661378
1998-11-22,7.78000020980835
1998-11-23,7.690000057220459
1998-11-24,7.730000019073486
1998-11-25,7.800000190734862
1998-11-26,8.539999961853027
1998-11-27,8.430000305175781
1998-11-28,7.949999809265138
1998-11-29,7.699999809265138
1998-11-30,7.579999923706055
1998-12-01,7.610000133514402
1998-12-02,7.650000095367432
1998-12-03,7.579999923706055
1998-12-04,7.460000038146973
1998-12-05,6.860000133514402
1998-12-06,6.730000019073486
1998-12-07,6.809999942779541
1998-12-08,6.9000000953674325
1998-12-09,6.690000057220459
1998-12-10,6.980000019073486
1998-12-11,7.110000133514402
1998-12-12,7.210000038146973
1998-12-13,7.610000133514402
1998-12-14,8.729999542236326
1998-12-15,8.189999580383299
1998-12-16,7.860000133514402
1998-12-17,7.789999961853027
1998-12-18,7.699999809265138
1998-12-19,7.5
1998-12-20,6.199999809265138
1998-12-21,4.599999904632568
1998-12-22,4.199999809265137
1998-12-23,3.900000095367432
1998-12-24,4.199999809265137
1998-12-25,4.599999904632568
1998-12-26,5.300000190734863
1998-12-27,6.0
1998-12-28,6.599999904632568
1998-12-29,7.199999809265138
1998-12-30,7.400000095367432
1998-12-31,7.5
1999-01-01,7.0
1999-01-02,6.4000000953674325
1999-01-03,5.400000095367432
1999-01-04,4.800000190734863
1999-01-05,4.75
1999-01-06,4.989999771118164
1999-01-07,5.289999961853027
1999-01-08,5.349999904632568
1999-01-09,5.420000076293945
1999-01-10,5.599999904632568
1999-01-11,5.449999809265137
1999-01-12,5.170000076293945
1999-01-13,5.050000190734863
1999-01-14,5.460000038146973
1999-01-15,5.110000133514403
1999-01-16,4.71999979019165
1999-01-17,4.800000190734863
1999-01-18,4.820000171661377
1999-01-19,4.820000171661377
1999-01-20,4.789999961853027
1999-01-21,4.71999979019165
1999-01-22,4.690000057220459
1999-01-23,4.400000095367432
1999-01-24,4.079999923706056
1999-01-25,4.079999923706056
1999-01-26,4.199999809265137
1999-01-27,4.400000095367432
1999-01-28,4.619999885559082
1999-01-29,4.9099998474121085
1999-01-30,4.929999828338623
1999-01-31,4.929999828338623
1999-02-01,4.699999809265137
1999-02-02,4.679999828338623
1999-02-03,4.639999866485597
1999-02-04,4.610000133514403
1999-02-05,4.650000095367432
1999-02-06,4.699999809265137
1999-02-07,4.599999904632568
1999-02-08,4.199999809265137
1999-02-09,3.900000095367432
1999-02-10,3.859999895095825
1999-02-11,3.9800000190734863
1999-02-12,4.0399999618530265
1999-02-13,4.119999885559082
1999-02-14,4.079999923706056
1999-02-15,4.53000020980835
1999-02-16,4.369999885559082
1999-02-17,4.869999885559082
1999-02-18,4.800000190734863
1999-02-19,4.769999980926514
1999-02-20,4.699999809265137
1999-02-21,4.670000076293945
1999-02-22,4.769999980926514
1999-02-23,4.809999942779541
1999-02-24,4.769999980926514
1999-02-25,4.880000114440918
1999-02-26,4.940000057220459
1999-02-27,4.880000114440918
1999-02-28,4.869999885559082
1999-03-01,4.829999923706055
1999-03-02,4.920000076293945
1999-03-03,4.960000038146973
1999-03-04,4.989999771118164
1999-03-05,4.989999771118164
1999-03-06,4.929999828338623
1999-03-07,4.78000020980835
1999-03-08,4.809999942779541
1999-03-09,4.9099998474121085
1999-03-10,4.869999885559082
1999-03-11,4.760000228881836
1999-03-12,4.760000228881836
1999-03-13,4.929999828338623
1999-03-14,5.050000190734863
1999-03-15,5.230000019073486
1999-03-16,5.150000095367432
1999-03-17,5.019999980926514
1999-03-18,5.059999942779541
1999-03-19,5.21999979019165
1999-03-20,5.400000095367432
1999-03-21,5.599999904632568
1999-03-22,5.639999866485598
1999-03-23,5.949999809265138
1999-03-24,6.320000171661378
1999-03-25,6.980000019073486
1999-03-26,7.619999885559082
1999-03-27,7.559999942779541
1999-03-28,7.519999980926514
1999-03-29,7.429999828338622
1999-03-30,7.349999904632567
1999-03-31,7.28000020980835
1999-04-01,7.179999828338622
1999-04-02,7.179999828338622
1999-04-03,7.230000019073486
1999-04-04,7.349999904632567
1999-04-05,7.289999961853027
1999-04-06,7.309999942779541
1999-04-07,7.429999828338622
1999-04-08,7.559999942779541
1999-04-09,7.75
1999-04-10,7.9099998474121085
1999-04-11,7.9099998474121085
1999-04-12,8.130000114440918
1999-04-13,8.439999580383299
1999-04-14,8.529999732971191
1999-04-15,8.619999885559082
1999-04-16,9.039999961853027
1999-04-17,9.920000076293944
1999-04-18,11.399999618530273
1999-04-19,14.399999618530273
1999-04-20,18.200000762939453
1999-04-21,20.0
1999-04-22,19.799999237060547
1999-04-23,19.299999237060547
1999-04-24,19.5
1999-04-25,22.0
1999-04-26,28.0
1999-04-27,33.400001525878906
1999-04-28,34.0
1999-04-29,31.79999923706055
1999-04-30,29.899999618530284
1999-05-01,28.20000076293945
1999-05-02,27.60000038146973
1999-05-03,26.79999923706055
1999-05-04,25.79999923706055
1999-05-05,24.79999923706055
1999-05-06,23.899999618530284
1999-05-07,24.70000076293945
1999-05-08,26.399999618530284
1999-05-09,26.79999923706055
1999-05-10,26.5
1999-05-11,25.60000038146973
1999-05-12,25.20000076293945
1999-05-13,25.10000038146973
1999-05-14,25.5
1999-05-15,26.399999618530284
1999-05-16,26.60000038146973
1999-05-17,26.70000076293945
1999-05-18,27.399999618530284
1999-05-19,28.399999618530284
1999-05-20,30.399999618530284
1999-05-21,33.09999847412109
1999-05-22,36.20000076293945
1999-05-23,41.599998474121094
1999-05-24,58.0
1999-05-25,82.9000015258789
1999-05-26,104.0
1999-05-27,108.0
1999-05-28,105.0
1999-05-29,101.0
1999-05-30,91.6999969482422
1999-05-31,81.80000305175781
1999-06-01,74.5999984741211
1999-06-02,70.69999694824219
1999-06-03,70.9000015258789
1999-06-04,74.5999984741211
1999-06-05,79.5999984741211
1999-06-06,83.0
1999-06-07,81.30000305175781
1999-06-08,74.9000015258789
1999-06-09,68.69999694824219
1999-06-10,63.70000076293945
1999-06-11,60.20000076293945
1999-06-12,57.29999923706055
1999-06-13,61.0
1999-06-14,70.09999847412111
1999-06-15,83.5999984741211
1999-06-16,100.0
1999-06-17,116.0
1999-06-18,123.0
1999-06-19,127.0
1999-06-20,120.0
1999-06-21,108.0
1999-06-22,98.8000030517578
1999-06-23,92.8000030517578
1999-06-24,87.0
1999-06-25,86.0999984741211
1999-06-26,91.3000030517578
1999-06-27,86.0999984741211
1999-06-28,83.4000015258789
1999-06-29,82.0
1999-06-30,80.30000305175781
1999-07-01,81.5999984741211
1999-07-02,81.4000015258789
1999-07-03,77.80000305175781
1999-07-04,73.0
1999-07-05,69.5
1999-07-06,66.30000305175781
1999-07-07,67.40000152587889
1999-07-08,75.9000015258789
1999-07-09,78.80000305175781
1999-07-10,79.80000305175781
1999-07-11,80.69999694824219
1999-07-12,82.5
1999-07-13,82.30000305175781
1999-07-14,79.30000305175781
1999-07-15,74.4000015258789
1999-07-16,66.69999694824219
1999-07-17,58.099998474121094
1999-07-18,54.5
1999-07-19,53.20000076293945
1999-07-20,53.0
1999-07-21,53.0
1999-07-22,52.099998474121094
1999-07-23,51.599998474121094
1999-07-24,51.79999923706055
1999-07-25,53.099998474121094
1999-07-26,51.5
1999-07-27,47.70000076293945
1999-07-28,45.29999923706055
1999-07-29,45.20000076293945
1999-07-30,45.5
1999-07-31,43.400001525878906
1999-08-01,41.29999923706055
1999-08-02,38.70000076293945
1999-08-03,36.79999923706055
1999-08-04,36.5
1999-08-05,37.400001525878906
1999-08-06,39.79999923706055
1999-08-07,45.70000076293945
1999-08-08,44.5
1999-08-09,41.20000076293945
1999-08-10,39.20000076293945
1999-08-11,38.20000076293945
1999-08-12,37.599998474121094
1999-08-13,37.0
1999-08-14,35.70000076293945
1999-08-15,34.799999237060554
1999-08-16,34.59999847412109
1999-08-17,34.5
1999-08-18,34.0
1999-08-19,32.400001525878906
1999-08-20,31.5
1999-08-21,30.60000038146973
1999-08-22,30.10000038146973
1999-08-23,29.29999923706055
1999-08-24,28.29999923706055
1999-08-25,27.20000076293945
1999-08-26,27.399999618530284
1999-08-27,26.70000076293945
1999-08-28,25.70000076293945
1999-08-29,24.60000038146973
1999-08-30,24.5
1999-08-31,24.70000076293945
1999-09-01,25.399999618530284
1999-09-02,24.10000038146973
1999-09-03,23.0
1999-09-04,21.5
1999-09-05,20.39999961853028
1999-09-06,20.100000381469727
1999-09-07,19.799999237060547
1999-09-08,19.5
1999-09-09,18.89999961853028
1999-09-10,18.100000381469727
1999-09-11,17.899999618530273
1999-09-12,17.100000381469727
1999-09-13,16.600000381469727
1999-09-14,16.200000762939453
1999-09-15,15.800000190734865
1999-09-16,15.300000190734865
1999-09-17,14.800000190734865
1999-09-18,14.5
1999-09-19,14.0
1999-09-20,14.0
1999-09-21,13.899999618530273
1999-09-22,13.199999809265135
1999-09-23,13.0
1999-09-24,13.0
1999-09-25,13.199999809265135
1999-09-26,14.0
1999-09-27,15.399999618530273
1999-09-28,15.0
1999-09-29,14.600000381469727
1999-09-30,13.899999618530273
1999-10-01,13.699999809265135
1999-10-02,13.399999618530273
1999-10-03,13.100000381469727
1999-10-04,13.0
1999-10-05,12.800000190734865
1999-10-06,12.5
1999-10-07,12.199999809265135
1999-10-08,12.899999618530273
1999-10-09,13.899999618530273
1999-10-10,13.699999809265135
1999-10-11,13.399999618530273
1999-10-12,13.300000190734865
1999-10-13,13.100000381469727
1999-10-14,13.100000381469727
1999-10-15,13.100000381469727
1999-10-16,12.800000190734865
1999-10-17,12.5
1999-10-18,12.199999809265135
1999-10-19,12.100000381469727
1999-10-20,11.800000190734865
1999-10-21,11.699999809265135
1999-10-22,11.5
1999-10-23,11.399999618530273
1999-10-24,11.199999809265137
1999-10-25,11.100000381469727
1999-10-26,11.100000381469727
1999-10-27,11.0
1999-10-28,11.0
1999-10-29,10.899999618530273
1999-10-30,11.100000381469727
1999-10-31,12.199999809265135
1999-11-01,12.399999618530273
1999-11-02,11.800000190734865
1999-11-03,11.300000190734865
1999-11-04,11.600000381469727
1999-11-05,11.0
1999-11-06,10.699999809265137
1999-11-07,10.600000381469727
1999-11-08,10.600000381469727
1999-11-09,10.699999809265137
1999-11-10,10.899999618530273
1999-11-11,11.100000381469727
1999-11-12,17.5
1999-11-13,36.0
1999-11-14,47.099998474121094
1999-11-15,46.70000076293945
1999-11-16,44.29999923706055
1999-11-17,41.099998474121094
1999-11-18,38.400001525878906
1999-11-19,36.0
1999-11-20,33.700000762939446
1999-11-21,31.60000038146973
1999-11-22,29.79999923706055
1999-11-23,27.899999618530284
1999-11-24,26.60000038146973
1999-11-25,25.60000038146973
1999-11-26,24.60000038146973
1999-11-27,23.0
1999-11-28,21.200000762939453
1999-11-29,20.89999961853028
1999-11-30,20.89999961853028
1999-12-01,20.5
1999-12-02,19.89999961853028
1999-12-03,19.299999237060547
1999-12-04,18.39999961853028
1999-12-05,16.799999237060547
1999-12-06,16.600000381469727
1999-12-07,16.399999618530273
1999-12-08,15.699999809265135
1999-12-09,15.199999809265135
1999-12-10,15.0
1999-12-11,15.100000381469727
1999-12-12,15.399999618530273
1999-12-13,15.100000381469727
1999-12-14,14.600000381469727
1999-12-15,14.300000190734865
1999-12-16,14.199999809265135
1999-12-17,14.100000381469727
1999-12-18,14.0
1999-12-19,13.100000381469727
1999-12-20,11.699999809265135
1999-12-21,10.800000190734863
1999-12-22,10.699999809265137
1999-12-23,10.600000381469727
1999-12-24,10.199999809265137
1999-12-25,9.5
1999-12-26,8.5
1999-12-27,7.800000190734862
1999-12-28,7.5
1999-12-29,8.5
1999-12-30,9.699999809265137
1999-12-31,9.899999618530273
2000-01-01,9.899999618530273
2000-01-02,9.920000076293944
2000-01-03,9.899999618530273
2000-01-04,9.920000076293944
2000-01-05,9.920000076293944
2000-01-06,9.600000381469727
2000-01-07,9.5
2000-01-08,8.899999618530273
2000-01-09,8.399999618530272
2000-01-10,8.199999809265138
2000-01-11,8.189999580383299
2000-01-12,8.199999809265138
2000-01-13,8.300000190734862
2000-01-14,8.699999809265138
2000-01-15,9.149999618530273
2000-01-16,9.289999961853027
2000-01-17,9.510000228881836
2000-01-18,9.4399995803833
2000-01-19,8.600000381469728
2000-01-20,7.449999809265138
2000-01-21,7.25
2000-01-22,7.300000190734862
2000-01-23,7.599999904632567
2000-01-24,7.699999809265138
2000-01-25,7.699999809265138
2000-01-26,7.800000190734862
2000-01-27,8.399999618530272
2000-01-28,8.8100004196167
2000-01-29,8.829999923706055
2000-01-30,8.300000190734862
2000-01-31,7.599999904632567
2000-02-01,7.800000190734862
2000-02-02,8.199999809265138
2000-02-03,8.199999809265138
2000-02-04,7.800000190734862
2000-02-05,7.400000095367432
2000-02-06,7.5
2000-02-07,7.800000190734862
2000-02-08,8.520000457763674
2000-02-09,8.590000152587889
2000-02-10,8.470000267028809
2000-02-11,8.100000381469728
2000-02-12,7.550000190734862
2000-02-13,7.199999809265138
2000-02-14,7.099999904632568
2000-02-15,7.050000190734862
2000-02-16,7.050000190734862
2000-02-17,7.059999942779541
2000-02-18,7.070000171661378
2000-02-19,7.300000190734862
2000-02-20,7.400000095367432
2000-02-21,7.550000190734862
2000-02-22,7.710000038146973
2000-02-23,7.829999923706055
2000-02-24,7.960000038146973
2000-02-25,7.880000114440918
2000-02-26,7.769999980926514
2000-02-27,7.690000057220459
2000-02-28,7.75
2000-02-29,
2000-03-01,7.579999923706055
2000-03-02,7.53000020980835
2000-03-03,7.559999942779541
2000-03-04,7.670000076293945
2000-03-05,7.880000114440918
2000-03-06,7.650000095367432
2000-03-07,7.480000019073486
2000-03-08,7.369999885559082
2000-03-09,7.320000171661378
2000-03-10,7.260000228881836
2000-03-11,7.25
2000-03-12,7.139999866485598
2000-03-13,7.130000114440918
2000-03-14,7.090000152587892
2000-03-15,7.0
2000-03-16,6.929999828338622
2000-03-17,6.9099998474121085
2000-03-18,6.880000114440918
2000-03-19,6.869999885559082
2000-03-20,6.739999771118164
2000-03-21,6.800000190734862
2000-03-22,6.880000114440918
2000-03-23,7.170000076293945
2000-03-24,7.21999979019165
2000-03-25,7.099999904632568
2000-03-26,7.130000114440918
2000-03-27,7.349999904632567
2000-03-28,7.630000114440918
2000-03-29,7.760000228881836
2000-03-30,7.769999980926514
2000-03-31,7.849999904632567
2000-04-01,8.0
2000-04-02,8.270000457763674
2000-04-03,8.390000343322754
2000-04-04,9.039999961853027
2000-04-05,9.739999771118164
2000-04-06,9.329999923706056
2000-04-07,9.029999732971193
2000-04-08,9.039999961853027
2000-04-09,9.380000114440918
2000-04-10,9.890000343322754
2000-04-11,10.5
2000-04-12,11.100000381469727
2000-04-13,12.300000190734865
2000-04-14,12.199999809265135
2000-04-15,12.0
2000-04-16,12.199999809265135
2000-04-17,12.5
2000-04-18,13.199999809265135
2000-04-19,15.0
2000-04-20,17.0
2000-04-21,23.0
2000-04-22,30.0
2000-04-23,34.0
2000-04-24,31.5
2000-04-25,30.0
2000-04-26,28.0
2000-04-27,29.0
2000-04-28,32.200000762939446
2000-04-29,36.099998474121094
2000-04-30,37.900001525878906
2000-05-01,43.0
2000-05-02,48.0
2000-05-03,52.0
2000-05-04,52.20000076293945
2000-05-05,49.79999923706055
2000-05-06,46.20000076293945
2000-05-07,44.0
2000-05-08,41.20000076293945
2000-05-09,39.400001525878906
2000-05-10,38.79999923706055
2000-05-11,37.599998474121094
2000-05-12,35.400001525878906
2000-05-13,33.200000762939446
2000-05-14,31.399999618530284
2000-05-15,31.20000076293945
2000-05-16,33.0
2000-05-17,37.400001525878906
2000-05-18,46.0
2000-05-19,60.0
2000-05-20,74.0
2000-05-21,83.0
2000-05-22,90.0
2000-05-23,99.0
2000-05-24,93.0
2000-05-25,87.0
2000-05-26,83.0
2000-05-27,78.0
2000-05-28,71.0
2000-05-29,66.0
2000-05-30,60.0
2000-05-31,54.0
2000-06-01,48.79999923706055
2000-06-02,47.0
2000-06-03,49.0
2000-06-04,53.79999923706055
2000-06-05,63.0
2000-06-06,70.0
2000-06-07,75.5
2000-06-08,84.30000305175781
2000-06-09,91.1999969482422
2000-06-10,96.4000015258789
2000-06-11,90.8000030517578
2000-06-12,79.80000305175781
2000-06-13,71.0999984741211
2000-06-14,65.90000152587889
2000-06-15,70.0
2000-06-16,74.4000015258789
2000-06-17,72.0999984741211
2000-06-18,70.5999984741211
2000-06-19,72.0
2000-06-20,71.69999694824219
2000-06-21,69.40000152587889
2000-06-22,68.90000152587889
2000-06-23,68.30000305175781
2000-06-24,66.80000305175781
2000-06-25,65.80000305175781
2000-06-26,62.0
2000-06-27,59.4000015258789
2000-06-28,59.5
2000-06-29,61.29999923706055
2000-06-30,64.5
2000-07-01,67.09999847412111
2000-07-02,65.80000305175781
2000-07-03,62.099998474121094
2000-07-04,56.4000015258789
2000-07-05,51.099998474121094
2000-07-06,47.0
2000-07-07,43.79999923706055
2000-07-08,42.5
2000-07-09,44.29999923706055
2000-07-10,45.79999923706055
2000-07-11,44.900001525878906
2000-07-12,43.79999923706055
2000-07-13,43.599998474121094
2000-07-14,44.400001525878906
2000-07-15,44.70000076293945
2000-07-16,43.099998474121094
2000-07-17,40.29999923706055
2000-07-18,38.20000076293945
2000-07-19,36.900001525878906
2000-07-20,36.29999923706055
2000-07-21,36.29999923706055
2000-07-22,36.900001525878906
2000-07-23,37.400001525878906
2000-07-24,37.29999923706055
2000-07-25,36.900001525878906
2000-07-26,35.70000076293945
2000-07-27,34.200000762939446
2000-07-28,31.60000038146973
2000-07-29,30.29999923706055
2000-07-30,30.10000038146973
2000-07-31,30.0
2000-08-01,29.70000076293945
2000-08-02,30.0
2000-08-03,29.399999618530284
2000-08-04,28.79999923706055
2000-08-05,29.10000038146973
2000-08-06,27.399999618530284
2000-08-07,27.29999923706055
2000-08-08,26.60000038146973
2000-08-09,25.70000076293945
2000-08-10,24.79999923706055
2000-08-11,26.20000076293945
2000-08-12,26.10000038146973
2000-08-13,25.10000038146973
2000-08-14,24.0
2000-08-15,23.0
2000-08-16,22.100000381469727
2000-08-17,21.0
2000-08-18,20.100000381469727
2000-08-19,19.5
2000-08-20,19.299999237060547
2000-08-21,18.600000381469727
2000-08-22,17.600000381469727
2000-08-23,16.899999618530273
2000-08-24,16.5
2000-08-25,16.0
2000-08-26,15.899999618530273
2000-08-27,16.0
2000-08-28,16.100000381469727
2000-08-29,15.800000190734865
2000-08-30,16.299999237060547
2000-08-31,15.5
2000-09-01,14.800000190734865
2000-09-02,15.399999618530273
2000-09-03,17.299999237060547
2000-09-04,18.0
2000-09-05,17.899999618530273
2000-09-06,17.5
2000-09-07,17.100000381469727
2000-09-08,17.200000762939453
2000-09-09,17.600000381469727
2000-09-10,17.5
2000-09-11,16.799999237060547
2000-09-12,16.299999237060547
2000-09-13,15.600000381469727
2000-09-14,15.300000190734865
2000-09-15,15.199999809265135
2000-09-16,15.0
2000-09-17,15.199999809265135
2000-09-18,15.300000190734865
2000-09-19,16.200000762939453
2000-09-20,17.700000762939453
2000-09-21,17.799999237060547
2000-09-22,17.200000762939453
2000-09-23,16.399999618530273
2000-09-24,15.600000381469727
2000-09-25,14.899999618530273
2000-09-26,14.399999618530273
2000-09-27,14.0
2000-09-28,13.600000381469727
2000-09-29,13.300000190734865
2000-09-30,13.199999809265135
2000-10-01,13.100000381469727
2000-10-02,13.100000381469727
2000-10-03,13.100000381469727
2000-10-04,13.0
2000-10-05,13.0
2000-10-06,12.600000381469727
2000-10-07,12.199999809265135
2000-10-08,11.899999618530273
2000-10-09,11.600000381469727
2000-10-10,11.399999618530273
2000-10-11,11.100000381469727
2000-10-12,11.100000381469727
2000-10-13,10.899999618530273
2000-10-14,10.800000190734863
2000-10-15,10.800000190734863
2000-10-16,10.600000381469727
2000-10-17,10.5
2000-10-18,10.600000381469727
2000-10-19,10.600000381469727
2000-10-20,10.5
2000-10-21,10.5
2000-10-22,10.399999618530273
2000-10-23,10.300000190734863
2000-10-24,10.100000381469727
2000-10-25,10.100000381469727
2000-10-26,9.949999809265137
2000-10-27,9.850000381469727
2000-10-28,9.779999732971193
2000-10-29,9.670000076293944
2000-10-30,9.59000015258789
2000-10-31,9.380000114440918
2000-11-01,9.210000038146973
2000-11-02,8.979999542236328
2000-11-03,9.0
2000-11-04,9.100000381469727
2000-11-05,9.220000267028807
2000-11-06,8.399999618530272
2000-11-07,7.300000190734862
2000-11-08,6.599999904632568
2000-11-09,6.300000190734862
2000-11-10,5.9000000953674325
2000-11-11,5.699999809265138
2000-11-12,5.599999904632568
2000-11-13,5.480000019073486
2000-11-14,5.400000095367432
2000-11-15,5.340000152587892
2000-11-16,5.420000076293945
2000-11-17,5.519999980926514
2000-11-18,5.699999809265138
2000-11-19,5.920000076293945
2000-11-20,6.019999980926514
2000-11-21,6.199999809265138
2000-11-22,6.4000000953674325
2000-11-23,6.6500000953674325
2000-11-24,7.010000228881836
2000-11-25,7.300000190734862
2000-11-26,7.28000020980835
2000-11-27,7.289999961853027
2000-11-28,7.090000152587892
2000-11-29,7.059999942779541
2000-11-30,7.269999980926514
2000-12-01,7.139999866485598
2000-12-02,7.1500000953674325
2000-12-03,7.110000133514402
2000-12-04,6.9099998474121085
2000-12-05,6.989999771118164
2000-12-06,6.949999809265138
2000-12-07,6.9000000953674325
2000-12-08,6.849999904632568
2000-12-09,6.5
2000-12-10,5.800000190734862
2000-12-11,5.0
2000-12-12,4.900000095367432
2000-12-13,5.010000228881836
2000-12-14,5.579999923706055
2000-12-15,5.920000076293945
2000-12-16,5.940000057220459
2000-12-17,6.099999904632568
2000-12-18,7.0
2000-12-19,7.710000038146973
2000-12-20,7.800000190734862
2000-12-21,7.849999904632567
2000-12-22,7.980000019073486
2000-12-23,7.989999771118164
2000-12-24,7.980000019073486
2000-12-25,7.75
2000-12-26,7.599999904632567
2000-12-27,6.800000190734862
2000-12-28,6.199999809265138
2000-12-29,5.590000152587892
2000-12-30,5.349999904632568
2000-12-31,5.260000228881836
2001-01-01,5.510000228881836
2001-01-02,5.550000190734863
2001-01-03,5.579999923706055
2001-01-04,5.610000133514403
2001-01-05,5.710000038146973
2001-01-06,5.6500000953674325
2001-01-07,5.400000095367432
2001-01-08,5.099999904632568
2001-01-09,4.900000095367432
2001-01-10,4.960000038146973
2001-01-11,5.059999942779541
2001-01-12,5.1599998474121085
2001-01-13,5.230000019073486
2001-01-14,5.300000190734863
2001-01-15,5.309999942779541
2001-01-16,5.179999828338623
2001-01-17,5.179999828338623
2001-01-18,5.309999942779541
2001-01-19,5.369999885559082
2001-01-20,5.360000133514403
2001-01-21,5.239999771118164
2001-01-22,5.239999771118164
2001-01-23,5.139999866485597
2001-01-24,5.0
2001-01-25,4.820000171661377
2001-01-26,4.820000171661377
2001-01-27,4.9099998474121085
2001-01-28,4.900000095367432
2001-01-29,4.900000095367432
2001-01-30,4.880000114440918
2001-01-31,4.949999809265137
2001-02-01,5.03000020980835
2001-02-02,5.0
2001-02-03,4.960000038146973
2001-02-04,4.960000038146973
2001-02-05,4.989999771118164
2001-02-06,4.900000095367432
2001-02-07,4.579999923706055
2001-02-08,4.099999904632568
2001-02-09,3.920000076293945
2001-02-10,3.900000095367432
2001-02-11,3.950000047683716
2001-02-12,4.079999923706056
2001-02-13,4.179999828338623
2001-02-14,4.25
2001-02-15,4.25
2001-02-16,4.199999809265137
2001-02-17,4.099999904632568
2001-02-18,4.019999980926514
2001-02-19,4.0399999618530265
2001-02-20,4.079999923706056
2001-02-21,4.1599998474121085
2001-02-22,4.2100000381469735
2001-02-23,4.239999771118163
2001-02-24,4.2199997901916495
2001-02-25,4.199999809265137
2001-02-26,4.190000057220459
2001-02-27,4.179999828338623
2001-02-28,4.190000057220459
2001-03-01,4.199999809265137
2001-03-02,4.2100000381469735
2001-03-03,4.2100000381469735
2001-03-04,4.280000209808351
2001-03-05,4.340000152587892
2001-03-06,4.440000057220459
2001-03-07,4.519999980926514
2001-03-08,4.630000114440918
2001-03-09,4.820000171661377
2001-03-10,4.650000095367432
2001-03-11,4.650000095367432
2001-03-12,4.6599998474121085
2001-03-13,4.78000020980835
2001-03-14,4.75
2001-03-15,4.630000114440918
2001-03-16,4.460000038146973
2001-03-17,4.559999942779541
2001-03-18,4.489999771118164
2001-03-19,4.730000019073486
2001-03-20,4.599999904632568
2001-03-21,4.610000133514403
2001-03-22,4.590000152587892
2001-03-23,4.440000057220459
2001-03-24,4.5
2001-03-25,4.650000095367432
2001-03-26,4.710000038146973
2001-03-27,4.710000038146973
2001-03-28,4.710000038146973
2001-03-29,4.710000038146973
2001-03-30,4.679999828338623
2001-03-31,4.519999980926514
2001-04-01,4.599999904632568
2001-04-02,4.610000133514403
2001-04-03,4.610000133514403
2001-04-04,4.53000020980835
2001-04-05,4.630000114440918
2001-04-06,4.590000152587892
2001-04-07,4.610000133514403
2001-04-08,4.809999942779541
2001-04-09,4.860000133514403
2001-04-10,4.920000076293945
2001-04-11,4.739999771118164
2001-04-12,4.710000038146973
2001-04-13,4.71999979019165
2001-04-14,4.789999961853027
2001-04-15,4.809999942779541
2001-04-16,4.929999828338623
2001-04-17,5.090000152587892
2001-04-18,5.300000190734863
2001-04-19,5.5
2001-04-20,5.510000228881836
2001-04-21,5.599999904632568
2001-04-22,5.769999980926514
2001-04-23,5.929999828338622
2001-04-24,6.179999828338622
2001-04-25,6.710000038146973
2001-04-26,7.5
2001-04-27,8.880000114440918
2001-04-28,13.199999809265135
2001-04-29,17.5
2001-04-30,17.299999237060547
2001-05-01,16.0
2001-05-02,14.600000381469727
2001-05-03,13.800000190734865
2001-05-04,13.699999809265135
2001-05-05,14.600000381469727
2001-05-06,15.199999809265135
2001-05-07,14.899999618530273
2001-05-08,15.0
2001-05-09,16.299999237060547
2001-05-10,17.5
2001-05-11,17.700000762939453
2001-05-12,18.700000762939453
2001-05-13,24.70000076293945
2001-05-14,36.70000076293945
2001-05-15,37.400001525878906
2001-05-16,33.799999237060554
2001-05-17,31.20000076293945
2001-05-18,28.29999923706055
2001-05-19,26.399999618530284
2001-05-20,25.20000076293945
2001-05-21,23.79999923706055
2001-05-22,23.29999923706055
2001-05-23,27.399999618530284
2001-05-24,37.70000076293945
2001-05-25,49.599998474121094
2001-05-26,59.9000015258789
2001-05-27,62.5
2001-05-28,65.5
2001-05-29,65.90000152587889
2001-05-30,57.599998474121094
2001-05-31,47.099998474121094
2001-06-01,43.099998474121094
2001-06-02,46.9000015258789
2001-06-03,50.20000076293945
2001-06-04,48.79999923706055
2001-06-05,52.9000015258789
2001-06-06,51.79999923706055
2001-06-07,50.20000076293945
2001-06-08,49.0
2001-06-09,48.29999923706055
2001-06-10,48.9000015258789
2001-06-11,47.099998474121094
2001-06-12,43.29999923706055
2001-06-13,40.0
2001-06-14,37.599998474121094
2001-06-15,37.099998474121094
2001-06-16,37.29999923706055
2001-06-17,36.79999923706055
2001-06-18,38.099998474121094
2001-06-19,38.20000076293945
2001-06-20,37.79999923706055
2001-06-21,39.5
2001-06-22,43.79999923706055
2001-06-23,46.70000076293945
2001-06-24,46.5
2001-06-25,44.20000076293945
2001-06-26,41.0
2001-06-27,37.900001525878906
2001-06-28,35.599998474121094
2001-06-29,36.70000076293945
2001-06-30,38.79999923706055
2001-07-01,38.0
2001-07-02,37.0
2001-07-03,36.0
2001-07-04,34.59999847412109
2001-07-05,34.09999847412109
2001-07-06,34.299999237060554
2001-07-07,33.0
2001-07-08,30.899999618530284
2001-07-09,29.399999618530284
2001-07-10,28.5
2001-07-11,27.899999618530284
2001-07-12,27.20000076293945
2001-07-13,27.10000038146973
2001-07-14,26.70000076293945
2001-07-15,25.79999923706055
2001-07-16,24.899999618530284
2001-07-17,24.20000076293945
2001-07-18,23.29999923706055
2001-07-19,22.100000381469727
2001-07-20,20.799999237060547
2001-07-21,19.89999961853028
2001-07-22,19.799999237060547
2001-07-23,19.700000762939453
2001-07-24,20.39999961853028
2001-07-25,21.299999237060547
2001-07-26,21.5
2001-07-27,20.700000762939453
2001-07-28,20.0
2001-07-29,19.799999237060547
2001-07-30,19.600000381469727
2001-07-31,19.100000381469727
2001-08-01,18.299999237060547
2001-08-02,17.399999618530273
2001-08-03,16.799999237060547
2001-08-04,16.600000381469727
2001-08-05,17.0
2001-08-06,16.399999618530273
2001-08-07,15.800000190734865
2001-08-08,16.299999237060547
2001-08-09,16.600000381469727
2001-08-10,16.0
2001-08-11,15.399999618530273
2001-08-12,14.899999618530273
2001-08-13,14.800000190734865
2001-08-14,14.600000381469727
2001-08-15,14.5
2001-08-16,14.300000190734865
2001-08-17,14.199999809265135
2001-08-18,14.0
2001-08-19,14.199999809265135
2001-08-20,14.399999618530273
2001-08-21,14.0
2001-08-22,13.399999618530273
2001-08-23,13.0
2001-08-24,12.699999809265135
2001-08-25,12.300000190734865
2001-08-26,11.600000381469727
2001-08-27,11.0
2001-08-28,10.800000190734863
2001-08-29,10.800000190734863
2001-08-30,10.800000190734863
2001-08-31,10.800000190734863
2001-09-01,10.800000190734863
2001-09-02,11.199999809265137
2001-09-03,11.399999618530273
2001-09-04,11.0
2001-09-05,10.800000190734863
2001-09-06,11.100000381469727
2001-09-07,11.100000381469727
2001-09-08,10.699999809265137
2001-09-09,10.199999809265137
2001-09-10,9.779999732971193
2001-09-11,9.56999969482422
2001-09-12,9.1899995803833
2001-09-13,8.800000190734863
2001-09-14,8.529999732971191
2001-09-15,8.329999923706055
2001-09-16,8.220000267028809
2001-09-17,8.369999885559082
2001-09-18,8.659999847412111
2001-09-19,9.020000457763672
2001-09-20,9.43000030517578
2001-09-21,9.510000228881836
2001-09-22,9.18000030517578
2001-09-23,8.84000015258789
2001-09-24,8.550000190734862
2001-09-25,8.369999885559082
2001-09-26,8.479999542236326
2001-09-27,8.560000419616701
2001-09-28,8.689999580383299
2001-09-29,8.649999618530272
2001-09-30,8.489999771118164
2001-10-01,8.289999961853027
2001-10-02,8.170000076293945
2001-10-03,8.079999923706055
2001-10-04,7.980000019073486
2001-10-05,7.880000114440918
2001-10-06,7.8400001525878915
2001-10-07,7.690000057220459
2001-10-08,7.5
2001-10-09,7.5
2001-10-10,7.4099998474121085
2001-10-11,7.360000133514402
2001-10-12,7.230000019073486
2001-10-13,7.1500000953674325
2001-10-14,7.019999980926514
2001-10-15,6.920000076293945
2001-10-16,6.860000133514402
2001-10-17,6.940000057220459
2001-10-18,6.980000019073486
2001-10-19,6.940000057220459
2001-10-20,6.849999904632568
2001-10-21,6.840000152587892
2001-10-22,6.809999942779541
2001-10-23,6.75
2001-10-24,6.699999809265138
2001-10-25,6.6599998474121085
2001-10-26,6.679999828338622
2001-10-27,6.809999942779541
2001-10-28,6.869999885559082
2001-10-29,6.75
2001-10-30,6.639999866485598
2001-10-31,6.670000076293945
2001-11-01,6.619999885559082
2001-11-02,6.559999942779541
2001-11-03,6.449999809265138
2001-11-04,6.4000000953674325
2001-11-05,6.349999904632568
2001-11-06,6.300000190734862
2001-11-07,6.230000019073486
2001-11-08,6.1500000953674325
2001-11-09,6.050000190734862
2001-11-10,5.96999979019165
2001-11-11,5.820000171661378
2001-11-12,5.800000190734862
2001-11-13,5.820000171661378
2001-11-14,5.9099998474121085
2001-11-15,5.96999979019165
2001-11-16,5.989999771118164
2001-11-17,5.960000038146973
2001-11-18,5.929999828338622
2001-11-19,5.949999809265138
2001-11-20,5.929999828338622
2001-11-21,5.869999885559082
2001-11-22,5.880000114440918
2001-11-23,5.920000076293945
2001-11-24,5.789999961853027
2001-11-25,5.619999885559082
2001-11-26,5.28000020980835
2001-11-27,4.809999942779541
2001-11-28,4.980000019073486
2001-11-29,5.150000095367432
2001-11-30,5.210000038146973
2001-12-01,5.25
2001-12-02,5.230000019073486
2001-12-03,5.210000038146973
2001-12-04,5.110000133514403
2001-12-05,4.829999923706055
2001-12-06,4.400000095367432
2001-12-07,4.730000019073486
2001-12-08,5.119999885559082
2001-12-09,5.210000038146973
2001-12-10,5.010000228881836
2001-12-11,4.75
2001-12-12,4.699999809265137
2001-12-13,4.769999980926514
2001-12-14,5.039999961853027
2001-12-15,4.889999866485597
2001-12-16,5.019999980926514
2001-12-17,5.1599998474121085
2001-12-18,4.619999885559082
2001-12-19,4.280000209808351
2001-12-20,4.059999942779541
2001-12-21,4.059999942779541
2001-12-22,4.150000095367432
2001-12-23,4.280000209808351
2001-12-24,4.269999980926514
2001-12-25,4.199999809265137
2001-12-26,4.019999980926514
2001-12-27,3.900000095367432
2001-12-28,3.799999952316284
2001-12-29,3.799999952316284
2001-12-30,3.950000047683716
2001-12-31,4.199999809265137
2002-01-01,4.0
2002-01-02,3.700000047683716
2002-01-03,3.75
2002-01-04,4.0
2002-01-05,4.5
2002-01-06,5.179999828338623
2002-01-07,5.75
2002-01-08,5.760000228881836
2002-01-09,5.329999923706055
2002-01-10,5.0
2002-01-11,4.860000133514403
2002-01-12,4.800000190734863
2002-01-13,4.71999979019165
2002-01-14,4.650000095367432
2002-01-15,4.5
2002-01-16,4.099999904632568
2002-01-17,3.880000114440918
2002-01-18,3.950000047683716
2002-01-19,4.2199997901916495
2002-01-20,4.5
2002-01-21,4.53000020980835
2002-01-22,4.440000057220459
2002-01-23,4.400000095367432
2002-01-24,4.400000095367432
2002-01-25,4.5
2002-01-26,4.5
2002-01-27,4.300000190734863
2002-01-28,4.050000190734863
2002-01-29,3.799999952316284
2002-01-30,3.7899999618530273
2002-01-31,3.7899999618530273
2002-02-01,3.900000095367432
2002-02-02,4.050000190734863
2002-02-03,4.119999885559082
2002-02-04,4.190000057220459
2002-02-05,4.2100000381469735
2002-02-06,4.340000152587892
2002-02-07,4.400000095367432
2002-02-08,4.420000076293945
2002-02-09,4.349999904632568
2002-02-10,4.449999809265137
2002-02-11,4.380000114440918
2002-02-12,4.150000095367432
2002-02-13,3.880000114440918
2002-02-14,3.7200000286102295
2002-02-15,3.7100000381469727
2002-02-16,3.7899999618530273
2002-02-17,3.880000114440918
2002-02-18,4.0
2002-02-19,4.099999904632568
2002-02-20,4.320000171661377
2002-02-21,4.389999866485597
2002-02-22,4.949999809265137
2002-02-23,5.019999980926514
2002-02-24,5.179999828338623
2002-02-25,4.980000019073486
2002-02-26,4.699999809265137
2002-02-27,4.400000095367432
2002-02-28,4.349999904632568
2002-03-01,4.280000209808351
2002-03-02,4.480000019073486
2002-03-03,4.420000076293945
2002-03-04,4.349999904632568
2002-03-05,4.199999809265137
2002-03-06,4.050000190734863
2002-03-07,3.900000095367432
2002-03-08,3.7799999713897705
2002-03-09,3.609999895095825
2002-03-10,3.609999895095825
2002-03-11,3.650000095367432
2002-03-12,3.7200000286102295
2002-03-13,4.050000190734863
2002-03-14,4.610000133514403
2002-03-15,5.099999904632568
2002-03-16,5.5
2002-03-17,5.599999904632568
2002-03-18,5.349999904632568
2002-03-19,4.820000171661377
2002-03-20,4.420000076293945
2002-03-21,4.449999809265137
2002-03-22,4.699999809265137
2002-03-23,5.800000190734862
2002-03-24,6.75
2002-03-25,7.5
2002-03-26,8.199999809265138
2002-03-27,8.399999618530272
2002-03-28,8.479999542236326
2002-03-29,8.300000190734862
2002-03-30,7.800000190734862
2002-03-31,7.5
2002-04-01,7.480000019073486
2002-04-02,7.5
2002-04-03,7.510000228881836
2002-04-04,7.510000228881836
2002-04-05,7.519999980926514
2002-04-06,8.0
2002-04-07,8.550000190734862
2002-04-08,9.5
2002-04-09,10.399999618530273
2002-04-10,11.199999809265137
2002-04-11,12.199999809265135
2002-04-12,14.199999809265135
2002-04-13,18.0
2002-04-14,23.0
2002-04-15,28.0
2002-04-16,25.0
2002-04-17,18.0
2002-04-18,14.0
2002-04-19,10.800000190734863
2002-04-20,10.0
2002-04-21,10.0
2002-04-22,10.300000190734863
2002-04-23,10.399999618530273
2002-04-24,9.75
2002-04-25,9.800000190734863
2002-04-26,9.0
2002-04-27,8.600000381469728
2002-04-28,8.5
2002-04-29,9.0
2002-04-30,9.899999618530273
2002-05-01,11.0
2002-05-02,12.600000381469727
2002-05-03,13.100000381469727
2002-05-04,12.800000190734865
2002-05-05,12.600000381469727
2002-05-06,11.399999618530273
2002-05-07,10.800000190734863
2002-05-08,9.800000190734863
2002-05-09,9.399999618530273
2002-05-10,9.300000190734863
2002-05-11,9.399999618530273
2002-05-12,10.100000381469727
2002-05-13,13.0
2002-05-14,16.799999237060547
2002-05-15,20.0
2002-05-16,22.100000381469727
2002-05-17,22.200000762939453
2002-05-18,22.299999237060547
2002-05-19,23.20000076293945
2002-05-20,30.0
2002-05-21,60.0
2002-05-22,105.0
2002-05-23,74.69999694824219
2002-05-24,61.5
2002-05-25,53.9000015258789
2002-05-26,51.20000076293945
2002-05-27,53.599998474121094
2002-05-28,67.0
2002-05-29,86.30000305175781
2002-05-30,106.0
2002-05-31,126.0
2002-06-01,133.0
2002-06-02,134.0
2002-06-03,132.0
2002-06-04,129.0
2002-06-05,138.0
2002-06-06,162.0
2002-06-07,168.0
2002-06-08,142.0
2002-06-09,132.0
2002-06-10,142.0
2002-06-11,136.0
2002-06-12,120.0
2002-06-13,117.0
2002-06-14,134.0
2002-06-15,162.0
2002-06-16,186.0
2002-06-17,219.0
2002-06-18,220.0
2002-06-19,193.0
2002-06-20,168.0
2002-06-21,156.0
2002-06-22,159.0
2002-06-23,167.0
2002-06-24,177.0
2002-06-25,185.0
2002-06-26,185.0
2002-06-27,188.0
2002-06-28,190.0
2002-06-29,180.0
2002-06-30,166.0
2002-07-01,144.0
2002-07-02,119.0
2002-07-03,104.0
2002-07-04,94.5999984741211
2002-07-05,88.0
2002-07-06,81.30000305175781
2002-07-07,77.69999694824219
2002-07-08,86.5
2002-07-09,95.3000030517578
2002-07-10,95.6999969482422
2002-07-11,93.6999969482422
2002-07-12,92.1999969482422
2002-07-13,90.8000030517578
2002-07-14,88.30000305175781
2002-07-15,86.69999694824219
2002-07-16,81.0999984741211
2002-07-17,73.19999694824219
2002-07-18,66.90000152587889
2002-07-19,62.20000076293945
2002-07-20,58.099998474121094
2002-07-21,53.70000076293945
2002-07-22,49.4000015258789
2002-07-23,45.5
2002-07-24,43.0
2002-07-25,41.900001525878906
2002-07-26,41.599998474121094
2002-07-27,41.099998474121094
2002-07-28,39.29999923706055
2002-07-29,37.5
2002-07-30,35.70000076293945
2002-07-31,35.70000076293945
2002-08-01,34.700000762939446
2002-08-02,32.799999237060554
2002-08-03,31.399999618530284
2002-08-04,30.0
2002-08-05,29.29999923706055
2002-08-06,28.0
2002-08-07,27.10000038146973
2002-08-08,26.10000038146973
2002-08-09,25.29999923706055
2002-08-10,24.899999618530284
2002-08-11,25.0
2002-08-12,24.70000076293945
2002-08-13,24.0
2002-08-14,23.60000038146973
2002-08-15,24.0
2002-08-16,25.399999618530284
2002-08-17,25.20000076293945
2002-08-18,23.899999618530284
2002-08-19,22.79999923706055
2002-08-20,22.200000762939453
2002-08-21,21.700000762939453
2002-08-22,21.39999961853028
2002-08-23,20.700000762939453
2002-08-24,20.600000381469727
2002-08-25,21.100000381469727
2002-08-26,21.5
2002-08-27,23.0
2002-08-28,22.60000038146973
2002-08-29,21.899999618530284
2002-08-30,21.5
2002-08-31,21.600000381469727
2002-09-01,21.200000762939453
2002-09-02,21.700000762939453
2002-09-03,23.0
2002-09-04,23.20000076293945
2002-09-05,23.5
2002-09-06,22.5
2002-09-07,21.899999618530284
2002-09-08,20.89999961853028
2002-09-09,19.799999237060547
2002-09-10,18.799999237060547
2002-09-11,17.899999618530273
2002-09-12,17.200000762939453
2002-09-13,16.700000762939453
2002-09-14,17.799999237060547
2002-09-15,17.700000762939453
2002-09-16,17.5
2002-09-17,17.799999237060547
2002-09-18,17.899999618530273
2002-09-19,17.399999618530273
2002-09-20,17.0
2002-09-21,16.700000762939453
2002-09-22,16.299999237060547
2002-09-23,16.100000381469727
2002-09-24,15.899999618530273
2002-09-25,15.699999809265135
2002-09-26,15.5
2002-09-27,14.600000381469727
2002-09-28,13.699999809265135
2002-09-29,13.600000381469727
2002-09-30,14.600000381469727
2002-10-01,14.800000190734865
2002-10-02,14.399999618530273
2002-10-03,14.100000381469727
2002-10-04,13.899999618530273
2002-10-05,13.699999809265135
2002-10-06,13.5
2002-10-07,13.300000190734865
2002-10-08,13.100000381469727
2002-10-09,13.199999809265135
2002-10-10,13.300000190734865
2002-10-11,13.5
2002-10-12,13.300000190734865
2002-10-13,13.0
2002-10-14,12.699999809265135
2002-10-15,12.600000381469727
2002-10-16,12.5
2002-10-17,12.300000190734865
2002-10-18,12.199999809265135
2002-10-19,12.0
2002-10-20,11.800000190734865
2002-10-21,11.800000190734865
2002-10-22,11.5
2002-10-23,11.300000190734865
2002-10-24,11.0
2002-10-25,10.800000190734863
2002-10-26,10.600000381469727
2002-10-27,10.5
2002-10-28,10.399999618530273
2002-10-29,9.960000038146973
2002-10-30,9.25
2002-10-31,8.449999809265138
2002-11-01,8.409999847412111
2002-11-02,8.630000114440918
2002-11-03,8.75
2002-11-04,8.890000343322754
2002-11-05,9.010000228881836
2002-11-06,9.229999542236328
2002-11-07,9.239999771118164
2002-11-08,9.279999732971193
2002-11-09,9.270000457763672
2002-11-10,9.119999885559082
2002-11-11,9.050000190734863
2002-11-12,8.949999809265137
2002-11-13,8.869999885559082
2002-11-14,8.779999732971191
2002-11-15,8.710000038146973
2002-11-16,8.689999580383299
2002-11-17,8.670000076293945
2002-11-18,8.649999618530272
2002-11-19,8.560000419616701
2002-11-20,8.449999809265138
2002-11-21,8.380000114440918
2002-11-22,8.329999923706055
2002-11-23,8.279999732971191
2002-11-24,7.869999885559082
2002-11-25,6.800000190734862
2002-11-26,6.300000190734862
2002-11-27,6.0
2002-11-28,5.699999809265138
2002-11-29,5.5
2002-11-30,5.420000076293945
2002-12-01,5.449999809265137
2002-12-02,5.599999904632568
2002-12-03,5.800000190734862
2002-12-04,6.099999904632568
2002-12-05,6.510000228881836
2002-12-06,7.1500000953674325
2002-12-07,7.210000038146973
2002-12-08,7.079999923706055
2002-12-09,7.03000020980835
2002-12-10,7.0
2002-12-11,6.96999979019165
2002-12-12,6.980000019073486
2002-12-13,7.019999980926514
2002-12-14,7.070000171661378
2002-12-15,7.190000057220459
2002-12-16,7.119999885559082
2002-12-17,7.019999980926514
2002-12-18,6.0
2002-12-19,5.389999866485597
2002-12-20,5.0
2002-12-21,4.800000190734863
2002-12-22,4.800000190734863
2002-12-23,4.849999904632568
2002-12-24,5.0
2002-12-25,5.199999809265137
2002-12-26,5.480000019073486
2002-12-27,5.599999904632568
2002-12-28,5.760000228881836
2002-12-29,5.699999809265138
2002-12-30,5.699999809265138
2002-12-31,5.599999904632568
2003-01-01,5.5
2003-01-02,5.5
2003-01-03,5.550000190734863
2003-01-04,5.9000000953674325
2003-01-05,6.300000190734862
2003-01-06,6.309999942779541
2003-01-07,6.210000038146973
2003-01-08,5.820000171661378
2003-01-09,5.349999904632568
2003-01-10,5.0
2003-01-11,4.619999885559082
2003-01-12,4.579999923706055
2003-01-13,4.78000020980835
2003-01-14,5.0
2003-01-15,5.199999809265137
2003-01-16,5.480000019073486
2003-01-17,5.630000114440918
2003-01-18,5.730000019073486
2003-01-19,5.78000020980835
2003-01-20,5.75
2003-01-21,5.550000190734863
2003-01-22,5.400000095367432
2003-01-23,5.300000190734863
2003-01-24,5.21999979019165
2003-01-25,5.210000038146973
2003-01-26,5.239999771118164
2003-01-27,5.289999961853027
2003-01-28,5.420000076293945
2003-01-29,5.610000133514403
2003-01-30,5.699999809265138
2003-01-31,5.75
2003-02-01,5.690000057220459
2003-02-02,5.599999904632568
2003-02-03,5.559999942779541
2003-02-04,5.539999961853027
2003-02-05,5.489999771118164
2003-02-06,5.429999828338623
2003-02-07,5.119999885559082
2003-02-08,4.820000171661377
2003-02-09,4.789999961853027
2003-02-10,4.78000020980835
2003-02-11,4.800000190734863
2003-02-12,4.860000133514403
2003-02-13,5.0
2003-02-14,5.130000114440918
2003-02-15,5.260000228881836
2003-02-16,5.309999942779541
2003-02-17,5.25
2003-02-18,5.210000038146973
2003-02-19,5.170000076293945
2003-02-20,5.170000076293945
2003-02-21,5.170000076293945
2003-02-22,4.96999979019165
2003-02-23,4.639999866485597
2003-02-24,4.2100000381469735
2003-02-25,4.099999904632568
2003-02-26,4.110000133514403
2003-02-27,4.300000190734863
2003-02-28,4.4099998474121085
2003-03-01,4.699999809265137
2003-03-02,4.769999980926514
2003-03-03,4.840000152587892
2003-03-04,4.730000019073486
2003-03-05,4.610000133514403
2003-03-06,4.5
2003-03-07,4.300000190734863
2003-03-08,4.050000190734863
2003-03-09,3.990000009536743
2003-03-10,4.0
2003-03-11,4.389999866485597
2003-03-12,5.269999980926514
2003-03-13,6.75
2003-03-14,7.760000228881836
2003-03-15,8.069999694824219
2003-03-16,7.980000019073486
2003-03-17,7.570000171661378
2003-03-18,7.239999771118164
2003-03-19,7.1599998474121085
2003-03-20,7.139999866485598
2003-03-21,7.239999771118164
2003-03-22,7.559999942779541
2003-03-23,7.670000076293945
2003-03-24,7.230000019073486
2003-03-25,6.889999866485598
2003-03-26,6.670000076293945
2003-03-27,6.260000228881836
2003-03-28,6.119999885559082
2003-03-29,6.119999885559082
2003-03-30,6.340000152587892
2003-03-31,7.380000114440918
2003-04-01,7.889999866485598
2003-04-02,7.579999923706055
2003-04-03,7.25
2003-04-04,6.96999979019165
2003-04-05,6.789999961853027
2003-04-06,6.639999866485598
2003-04-07,6.519999980926514
2003-04-08,6.539999961853027
2003-04-09,7.0
2003-04-10,7.380000114440918
2003-04-11,7.75
2003-04-12,8.350000381469728
2003-04-13,8.949999809265137
2003-04-14,9.359999656677246
2003-04-15,9.479999542236328
2003-04-16,9.56999969482422
2003-04-17,9.8100004196167
2003-04-18,10.0
2003-04-19,10.100000381469727
2003-04-20,10.5
2003-04-21,11.300000190734865
2003-04-22,12.699999809265135
2003-04-23,14.899999618530273
2003-04-24,18.100000381469727
2003-04-25,27.5
2003-04-26,39.900001525878906
2003-04-27,37.20000076293945
2003-04-28,32.900001525878906
2003-04-29,29.29999923706055
2003-04-30,26.60000038146973
2003-05-01,25.10000038146973
2003-05-02,25.0
2003-05-03,26.10000038146973
2003-05-04,26.5
2003-05-05,25.29999923706055
2003-05-06,25.70000076293945
2003-05-07,25.60000038146973
2003-05-08,24.60000038146973
2003-05-09,24.0
2003-05-10,23.29999923706055
2003-05-11,23.20000076293945
2003-05-12,23.79999923706055
2003-05-13,24.79999923706055
2003-05-14,26.899999618530284
2003-05-15,31.20000076293945
2003-05-16,34.700000762939446
2003-05-17,34.59999847412109
2003-05-18,32.900001525878906
2003-05-19,31.20000076293945
2003-05-20,29.79999923706055
2003-05-21,28.70000076293945
2003-05-22,28.60000038146973
2003-05-23,29.29999923706055
2003-05-24,36.099998474121094
2003-05-25,75.0999984741211
2003-05-26,109.0
2003-05-27,113.0
2003-05-28,114.0
2003-05-29,124.0
2003-05-30,141.0
2003-05-31,136.0
2003-06-01,124.0
2003-06-02,124.0
2003-06-03,125.0
2003-06-04,111.0
2003-06-05,101.0
2003-06-06,94.1999969482422
2003-06-07,91.5
2003-06-08,95.5999984741211
2003-06-09,103.0
2003-06-10,103.0
2003-06-11,104.0
2003-06-12,102.0
2003-06-13,95.6999969482422
2003-06-14,89.30000305175781
2003-06-15,83.30000305175781
2003-06-16,76.80000305175781
2003-06-17,73.30000305175781
2003-06-18,74.4000015258789
2003-06-19,80.19999694824219
2003-06-20,93.0999984741211
2003-06-21,97.0
2003-06-22,88.5999984741211
2003-06-23,81.30000305175781
2003-06-24,74.69999694824219
2003-06-25,68.5
2003-06-26,64.5
2003-06-27,63.9000015258789
2003-06-28,63.4000015258789
2003-06-29,60.0
2003-06-30,57.4000015258789
2003-07-01,55.79999923706055
2003-07-02,53.4000015258789
2003-07-03,49.70000076293945
2003-07-04,45.4000015258789
2003-07-05,42.599998474121094
2003-07-06,42.400001525878906
2003-07-07,40.70000076293945
2003-07-08,39.5
2003-07-09,39.20000076293945
2003-07-10,37.79999923706055
2003-07-11,36.29999923706055
2003-07-12,35.599998474121094
2003-07-13,35.5
2003-07-14,35.79999923706055
2003-07-15,34.5
2003-07-16,32.700000762939446
2003-07-17,31.5
2003-07-18,30.79999923706055
2003-07-19,30.10000038146973
2003-07-20,29.10000038146973
2003-07-21,28.29999923706055
2003-07-22,27.70000076293945
2003-07-23,27.20000076293945
2003-07-24,27.10000038146973
2003-07-25,26.70000076293945
2003-07-26,25.899999618530284
2003-07-27,24.899999618530284
2003-07-28,23.79999923706055
2003-07-29,23.20000076293945
2003-07-30,23.10000038146973
2003-07-31,23.0
2003-08-01,22.79999923706055
2003-08-02,22.399999618530284
2003-08-03,22.299999237060547
2003-08-04,22.0
2003-08-05,21.200000762939453
2003-08-06,20.700000762939453
2003-08-07,20.5
2003-08-08,20.39999961853028
2003-08-09,19.700000762939453
2003-08-10,19.200000762939453
2003-08-11,18.799999237060547
2003-08-12,18.5
2003-08-13,18.39999961853028
2003-08-14,18.100000381469727
2003-08-15,17.5
2003-08-16,17.100000381469727
2003-08-17,17.399999618530273
2003-08-18,17.399999618530273
2003-08-19,17.299999237060547
2003-08-20,17.799999237060547
2003-08-21,18.0
2003-08-22,17.700000762939453
2003-08-23,17.299999237060547
2003-08-24,16.899999618530273
2003-08-25,16.399999618530273
2003-08-26,15.5
2003-08-27,15.199999809265135
2003-08-28,15.5
2003-08-29,15.300000190734865
2003-08-30,14.699999809265135
2003-08-31,14.199999809265135
2003-09-01,13.800000190734865
2003-09-02,13.699999809265135
2003-09-03,13.5
2003-09-04,13.5
2003-09-05,13.300000190734865
2003-09-06,13.199999809265135
2003-09-07,13.199999809265135
2003-09-08,13.300000190734865
2003-09-09,14.199999809265135
2003-09-10,14.199999809265135
2003-09-11,13.600000381469727
2003-09-12,13.199999809265135
2003-09-13,12.899999618530273
2003-09-14,12.5
2003-09-15,12.600000381469727
2003-09-16,13.100000381469727
2003-09-17,13.399999618530273
2003-09-18,12.899999618530273
2003-09-19,12.699999809265135
2003-09-20,12.5
2003-09-21,12.300000190734865
2003-09-22,11.899999618530273
2003-09-23,11.600000381469727
2003-09-24,11.300000190734865
2003-09-25,11.399999618530273
2003-09-26,11.199999809265137
2003-09-27,11.100000381469727
2003-09-28,10.899999618530273
2003-09-29,10.699999809265137
2003-09-30,10.5
2003-10-01,10.600000381469727
2003-10-02,10.300000190734863
2003-10-03,10.100000381469727
2003-10-04,9.960000038146973
2003-10-05,9.760000228881836
2003-10-06,9.800000190734863
2003-10-07,9.829999923706056
2003-10-08,9.779999732971193
2003-10-09,9.920000076293944
2003-10-10,9.619999885559082
2003-10-11,9.520000457763672
2003-10-12,9.43000030517578
2003-10-13,9.18000030517578
2003-10-14,9.109999656677246
2003-10-15,8.949999809265137
2003-10-16,9.010000228881836
2003-10-17,10.0
2003-10-18,10.5
2003-10-19,10.600000381469727
2003-10-20,11.300000190734865
2003-10-21,15.699999809265135
2003-10-22,34.400001525878906
2003-10-23,40.900001525878906
2003-10-24,35.70000076293945
2003-10-25,30.5
2003-10-26,26.399999618530284
2003-10-27,23.5
2003-10-28,21.39999961853028
2003-10-29,21.0
2003-10-30,19.700000762939453
2003-10-31,17.700000762939453
2003-11-01,16.600000381469727
2003-11-02,16.200000762939453
2003-11-03,15.699999809265135
2003-11-04,14.300000190734865
2003-11-05,12.699999809265135
2003-11-06,11.699999809265135
2003-11-07,11.699999809265135
2003-11-08,11.600000381469727
2003-11-09,12.399999618530273
2003-11-10,13.100000381469727
2003-11-11,13.199999809265135
2003-11-12,12.800000190734865
2003-11-13,12.300000190734865
2003-11-14,11.899999618530273
2003-11-15,11.800000190734865
2003-11-16,11.600000381469727
2003-11-17,11.600000381469727
2003-11-18,11.699999809265135
2003-11-19,12.899999618530273
2003-11-20,12.0
2003-11-21,10.100000381469727
2003-11-22,9.0
2003-11-23,8.0
2003-11-24,8.199999809265138
2003-11-25,8.600000381469728
2003-11-26,8.649999618530272
2003-11-27,8.640000343322754
2003-11-28,8.399999618530272
2003-11-29,8.25
2003-11-30,8.199999809265138
2003-12-01,8.239999771118164
2003-12-02,8.100000381469728
2003-12-03,8.010000228881836
2003-12-04,8.0
2003-12-05,8.010000228881836
2003-12-06,8.050000190734862
2003-12-07,8.060000419616701
2003-12-08,8.060000419616701
2003-12-09,7.75
2003-12-10,6.800000190734862
2003-12-11,6.039999961853027
2003-12-12,6.139999866485598
2003-12-13,6.599999904632568
2003-12-14,7.199999809265138
2003-12-15,7.900000095367432
2003-12-16,8.539999961853027
2003-12-17,8.84000015258789
2003-12-18,8.479999542236326
2003-12-19,8.130000114440918
2003-12-20,8.0
2003-12-21,8.189999580383299
2003-12-22,8.260000228881836
2003-12-23,8.289999961853027
2003-12-24,8.229999542236326
2003-12-25,8.270000457763674
2003-12-26,8.229999542236326
2003-12-27,8.0
2003-12-28,7.400000095367432
2003-12-29,6.0
2003-12-30,5.619999885559082
2003-12-31,5.590000152587892
2004-01-01,5.579999923706055
2004-01-02,5.28000020980835
2004-01-03,5.0
2004-01-04,4.800000190734863
2004-01-05,4.789999961853027
2004-01-06,4.849999904632568
2004-01-07,5.199999809265137
2004-01-08,5.599999904632568
2004-01-09,6.050000190734862
2004-01-10,6.4000000953674325
2004-01-11,6.599999904632568
2004-01-12,6.75
2004-01-13,6.800000190734862
2004-01-14,6.880000114440918
2004-01-15,6.889999866485598
2004-01-16,6.849999904632568
2004-01-17,6.860000133514402
2004-01-18,6.78000020980835
2004-01-19,6.6599998474121085
2004-01-20,6.599999904632568
2004-01-21,6.389999866485598
2004-01-22,6.639999866485598
2004-01-23,6.78000020980835
2004-01-24,6.769999980926514
2004-01-25,6.460000038146973
2004-01-26,6.4000000953674325
2004-01-27,6.25
2004-01-28,5.599999904632568
2004-01-29,5.449999809265137
2004-01-30,5.800000190734862
2004-01-31,6.119999885559082
2004-02-01,6.010000228881836
2004-02-02,5.800000190734862
2004-02-03,5.579999923706055
2004-02-04,5.579999923706055
2004-02-05,5.699999809265138
2004-02-06,5.849999904632568
2004-02-07,5.929999828338622
2004-02-08,5.989999771118164
2004-02-09,6.019999980926514
2004-02-10,5.920000076293945
2004-02-11,5.75
2004-02-12,5.5
2004-02-13,5.5
2004-02-14,5.519999980926514
2004-02-15,5.6500000953674325
2004-02-16,5.760000228881836
2004-02-17,5.860000133514402
2004-02-18,5.78000020980835
2004-02-19,5.769999980926514
2004-02-20,5.679999828338622
2004-02-21,5.690000057220459
2004-02-22,5.730000019073486
2004-02-23,5.769999980926514
2004-02-24,5.550000190734863
2004-02-25,5.699999809265138
2004-02-26,5.730000019073486
2004-02-27,5.809999942779541
2004-02-28,5.690000057220459
2004-02-29,5.6599998474121085
2004-03-01,5.699999809265138
2004-03-02,5.610000133514403
2004-03-03,5.369999885559082
2004-03-04,5.300000190734863
2004-03-05,5.340000152587892
2004-03-06,5.5
2004-03-07,5.480000019073486
2004-03-08,5.920000076293945
2004-03-09,6.510000228881836
2004-03-10,6.269999980926514
2004-03-11,6.1500000953674325
2004-03-12,6.230000019073486
2004-03-13,6.199999809265138
2004-03-14,6.070000171661378
2004-03-15,6.079999923706055
2004-03-16,6.110000133514402
2004-03-17,6.199999809265138
2004-03-18,6.829999923706055
2004-03-19,6.769999980926514
2004-03-20,6.300000190734862
2004-03-21,6.170000076293945
2004-03-22,6.369999885559082
2004-03-23,6.96999979019165
2004-03-24,7.760000228881836
2004-03-25,7.559999942779541
2004-03-26,7.260000228881836
2004-03-27,7.179999828338622
2004-03-28,7.079999923706055
2004-03-29,7.1599998474121085
2004-03-30,7.519999980926514
2004-03-31,8.020000457763674
2004-04-01,8.140000343322754
2004-04-02,8.170000076293945
2004-04-03,8.319999694824219
2004-04-04,8.659999847412111
2004-04-05,9.029999732971193
2004-04-06,9.68000030517578
2004-04-07,10.399999618530273
2004-04-08,11.5
2004-04-09,12.100000381469727
2004-04-10,12.5
2004-04-11,13.100000381469727
2004-04-12,14.100000381469727
2004-04-13,16.100000381469727
2004-04-14,19.299999237060547
2004-04-15,20.200000762939453
2004-04-16,19.700000762939453
2004-04-17,19.100000381469727
2004-04-18,18.299999237060547
2004-04-19,17.600000381469727
2004-04-20,17.0
2004-04-21,16.799999237060547
2004-04-22,16.600000381469727
2004-04-23,16.700000762939453
2004-04-24,17.299999237060547
2004-04-25,17.799999237060547
2004-04-26,18.0
2004-04-27,19.799999237060547
2004-04-28,22.79999923706055
2004-04-29,23.60000038146973
2004-04-30,23.399999618530284
2004-05-01,23.5
2004-05-02,25.10000038146973
2004-05-03,28.899999618530284
2004-05-04,32.0
2004-05-05,34.5
2004-05-06,35.900001525878906
2004-05-07,34.09999847412109
2004-05-08,33.400001525878906
2004-05-09,33.59999847412109
2004-05-10,34.299999237060554
2004-05-11,33.299999237060554
2004-05-12,32.5
2004-05-13,31.29999923706055
2004-05-14,29.5
2004-05-15,28.20000076293945
2004-05-16,27.20000076293945
2004-05-17,26.5
2004-05-18,26.70000076293945
2004-05-19,28.5
2004-05-20,32.400001525878906
2004-05-21,37.29999923706055
2004-05-22,38.20000076293945
2004-05-23,36.70000076293945
2004-05-24,34.799999237060554
2004-05-25,33.299999237060554
2004-05-26,31.899999618530284
2004-05-27,32.5
2004-05-28,33.799999237060554
2004-05-29,35.79999923706055
2004-05-30,37.099998474121094
2004-05-31,37.70000076293945
2004-06-01,36.900001525878906
2004-06-02,36.5
2004-06-03,36.400001525878906
2004-06-04,39.79999923706055
2004-06-05,48.29999923706055
2004-06-06,58.70000076293945
2004-06-07,68.80000305175781
2004-06-08,66.40000152587889
2004-06-09,61.099998474121094
2004-06-10,57.20000076293945
2004-06-11,61.099998474121094
2004-06-12,71.30000305175781
2004-06-13,71.69999694824219
2004-06-14,68.30000305175781
2004-06-15,63.20000076293945
2004-06-16,54.79999923706055
2004-06-17,51.0
2004-06-18,48.599998474121094
2004-06-19,46.5
2004-06-20,47.099998474121094
2004-06-21,47.4000015258789
2004-06-22,49.599998474121094
2004-06-23,52.4000015258789
2004-06-24,54.9000015258789
2004-06-25,55.0
2004-06-26,55.70000076293945
2004-06-27,53.599998474121094
2004-06-28,49.79999923706055
2004-06-29,47.5
2004-06-30,48.29999923706055
2004-07-01,50.9000015258789
2004-07-02,50.0
2004-07-03,48.70000076293945
2004-07-04,50.099998474121094
2004-07-05,50.0
2004-07-06,46.9000015258789
2004-07-07,45.20000076293945
2004-07-08,47.4000015258789
2004-07-09,45.0
2004-07-10,41.5
2004-07-11,39.29999923706055
2004-07-12,37.400001525878906
2004-07-13,35.70000076293945
2004-07-14,34.09999847412109
2004-07-15,33.200000762939446
2004-07-16,32.700000762939446
2004-07-17,32.5
2004-07-18,32.299999237060554
2004-07-19,32.59999847412109
2004-07-20,32.700000762939446
2004-07-21,33.09999847412109
2004-07-22,32.299999237060554
2004-07-23,30.5
2004-07-24,28.79999923706055
2004-07-25,27.60000038146973
2004-07-26,26.29999923706055
2004-07-27,26.0
2004-07-28,25.10000038146973
2004-07-29,24.20000076293945
2004-07-30,23.399999618530284
2004-07-31,23.20000076293945
2004-08-01,22.899999618530284
2004-08-02,22.79999923706055
2004-08-03,22.100000381469727
2004-08-04,22.60000038146973
2004-08-05,22.79999923706055
2004-08-06,22.60000038146973
2004-08-07,24.0
2004-08-08,25.5
2004-08-09,25.399999618530284
2004-08-10,24.899999618530284
2004-08-11,24.10000038146973
2004-08-12,23.0
2004-08-13,22.299999237060547
2004-08-14,21.700000762939453
2004-08-15,21.5
2004-08-16,21.700000762939453
2004-08-17,21.700000762939453
2004-08-18,23.10000038146973
2004-08-19,25.399999618530284
2004-08-20,25.399999618530284
2004-08-21,25.29999923706055
2004-08-22,27.0
2004-08-23,30.70000076293945
2004-08-24,35.400001525878906
2004-08-25,37.29999923706055
2004-08-26,40.5
2004-08-27,42.099998474121094
2004-08-28,40.900001525878906
2004-08-29,39.400001525878906
2004-08-30,38.0
2004-08-31,36.20000076293945
2004-09-01,34.799999237060554
2004-09-02,33.900001525878906
2004-09-03,34.299999237060554
2004-09-04,33.400001525878906
2004-09-05,32.700000762939446
2004-09-06,32.200000762939446
2004-09-07,31.79999923706055
2004-09-08,30.79999923706055
2004-09-09,30.60000038146973
2004-09-10,31.29999923706055
2004-09-11,31.60000038146973
2004-09-12,32.299999237060554
2004-09-13,34.200000762939446
2004-09-14,34.299999237060554
2004-09-15,33.299999237060554
2004-09-16,32.5
2004-09-17,32.5
2004-09-18,32.200000762939446
2004-09-19,31.5
2004-09-20,30.60000038146973
2004-09-21,29.5
2004-09-22,28.399999618530284
2004-09-23,27.29999923706055
2004-09-24,26.5
2004-09-25,25.60000038146973
2004-09-26,24.79999923706055
2004-09-27,24.60000038146973
2004-09-28,24.399999618530284
2004-09-29,23.79999923706055
2004-09-30,23.5
2004-10-01,23.10000038146973
2004-10-02,22.299999237060547
2004-10-03,21.700000762939453
2004-10-04,21.0
2004-10-05,20.5
2004-10-06,20.0
2004-10-07,19.799999237060547
2004-10-08,19.200000762939453
2004-10-09,18.799999237060547
2004-10-10,18.600000381469727
2004-10-11,18.200000762939453
2004-10-12,17.600000381469727
2004-10-13,17.299999237060547
2004-10-14,17.299999237060547
2004-10-15,19.39999961853028
2004-10-16,20.100000381469727
2004-10-17,20.799999237060547
2004-10-18,21.100000381469727
2004-10-19,20.700000762939453
2004-10-20,20.299999237060547
2004-10-21,20.100000381469727
2004-10-22,20.39999961853028
2004-10-23,20.0
2004-10-24,19.600000381469727
2004-10-25,19.0
2004-10-26,18.5
2004-10-27,17.899999618530273
2004-10-28,17.5
2004-10-29,17.100000381469727
2004-10-30,17.100000381469727
2004-10-31,17.0
2004-11-01,16.700000762939453
2004-11-02,16.700000762939453
2004-11-03,16.700000762939453
2004-11-04,16.100000381469727
2004-11-05,15.899999618530273
2004-11-06,16.0
2004-11-07,15.899999618530273
2004-11-08,15.699999809265135
2004-11-09,15.300000190734865
2004-11-10,15.0
2004-11-11,14.699999809265135
2004-11-12,14.199999809265135
2004-11-13,13.5
2004-11-14,13.300000190734865
2004-11-15,13.399999618530273
2004-11-16,13.300000190734865
2004-11-17,13.399999618530273
2004-11-18,13.300000190734865
2004-11-19,13.100000381469727
2004-11-20,12.699999809265135
2004-11-21,12.300000190734865
2004-11-22,12.300000190734865
2004-11-23,11.899999618530273
2004-11-24,12.100000381469727
2004-11-25,12.5
2004-11-26,12.399999618530273
2004-11-27,11.399999618530273
2004-11-28,10.399999618530273
2004-11-29,10.199999809265137
2004-11-30,9.279999732971193
2004-12-01,9.279999732971193
2004-12-02,9.829999923706056
2004-12-03,10.600000381469727
2004-12-04,11.199999809265137
2004-12-05,11.0
2004-12-06,11.0
2004-12-07,11.0
2004-12-08,11.100000381469727
2004-12-09,11.0
2004-12-10,11.199999809265137
2004-12-11,13.399999618530273
2004-12-12,11.699999809265135
2004-12-13,10.199999809265137
2004-12-14,10.5
2004-12-15,11.399999618530273
2004-12-16,11.0
2004-12-17,10.899999618530273
2004-12-18,10.699999809265137
2004-12-19,11.100000381469727
2004-12-20,11.100000381469727
2004-12-21,10.399999618530273
2004-12-22,9.600000381469727
2004-12-23,9.0
2004-12-24,8.899999618530273
2004-12-25,8.84000015258789
2004-12-26,9.489999771118164
2004-12-27,9.40999984741211
2004-12-28,8.279999732971191
2004-12-29,8.039999961853027
2004-12-30,8.579999923706055
2004-12-31,8.100000381469728
2005-01-01,7.0
2005-01-02,6.0
2005-01-03,5.400000095367432
2005-01-04,5.210000038146973
2005-01-05,5.25
2005-01-06,5.5
2005-01-07,6.4000000953674325
2005-01-08,7.199999809265138
2005-01-09,7.599999904632567
2005-01-10,7.650000095367432
2005-01-11,7.5
2005-01-12,7.0
2005-01-13,6.550000190734862
2005-01-14,6.510000228881836
2005-01-15,6.75
2005-01-16,7.5
2005-01-17,8.0
2005-01-18,8.149999618530272
2005-01-19,8.5
2005-01-20,10.0
2005-01-21,11.0
2005-01-22,11.899999618530273
2005-01-23,12.699999809265135
2005-01-24,13.399999618530273
2005-01-25,13.5
2005-01-26,13.5
2005-01-27,13.0
2005-01-28,12.699999809265135
2005-01-29,12.199999809265135
2005-01-30,12.0
2005-01-31,11.699999809265135
2005-02-01,11.399999618530273
2005-02-02,11.199999809265137
2005-02-03,11.0
2005-02-04,10.899999618530273
2005-02-05,10.5
2005-02-06,10.100000381469727
2005-02-07,9.100000381469727
2005-02-08,8.199999809265138
2005-02-09,8.0
2005-02-10,8.0
2005-02-11,8.199999809265138
2005-02-12,8.479999542236326
2005-02-13,8.279999732971191
2005-02-14,8.050000190734862
2005-02-15,7.75
2005-02-16,7.5
2005-02-17,7.5
2005-02-18,7.800000190734862
2005-02-19,8.020000457763674
2005-02-20,8.050000190734862
2005-02-21,8.050000190734862
2005-02-22,8.079999923706055
2005-02-23,8.180000305175781
2005-02-24,8.260000228881836
2005-02-25,8.289999961853027
2005-02-26,8.510000228881836
2005-02-27,8.699999809265138
2005-02-28,8.670000076293945
2005-03-01,8.960000038146973
2005-03-02,8.979999542236328
2005-03-03,9.0
2005-03-04,9.020000457763672
2005-03-05,9.170000076293944
2005-03-06,9.329999923706056
2005-03-07,9.399999618530273
2005-03-08,9.4399995803833
2005-03-09,9.600000381469727
2005-03-10,9.6899995803833
2005-03-11,9.869999885559082
2005-03-12,10.300000190734863
2005-03-13,10.100000381469727
2005-03-14,9.93000030517578
2005-03-15,9.93000030517578
2005-03-16,9.829999923706056
2005-03-17,9.68000030517578
2005-03-18,8.949999809265137
2005-03-19,8.550000190734862
2005-03-20,8.479999542236326
2005-03-21,8.550000190734862
2005-03-22,8.600000381469728
2005-03-23,8.550000190734862
2005-03-24,8.510000228881836
2005-03-25,8.899999618530273
2005-03-26,9.489999771118164
2005-03-27,9.489999771118164
2005-03-28,9.979999542236328
2005-03-29,10.0
2005-03-30,9.869999885559082
2005-03-31,9.760000228881836
2005-04-01,9.880000114440918
2005-04-02,9.970000267028807
2005-04-03,9.829999923706056
2005-04-04,9.6899995803833
2005-04-05,9.56999969482422
2005-04-06,9.449999809265137
2005-04-07,9.68000030517578
2005-04-08,10.399999618530273
2005-04-09,10.5
2005-04-10,10.399999618530273
2005-04-11,10.399999618530273
2005-04-12,10.399999618530273
2005-04-13,10.399999618530273
2005-04-14,10.600000381469727
2005-04-15,10.600000381469727
2005-04-16,10.800000190734863
2005-04-17,11.0
2005-04-18,11.399999618530273
2005-04-19,11.399999618530273
2005-04-20,11.5
2005-04-21,11.899999618530273
2005-04-22,12.5
2005-04-23,13.899999618530273
2005-04-24,16.299999237060547
2005-04-25,19.799999237060547
2005-04-26,24.79999923706055
2005-04-27,28.899999618530284
2005-04-28,28.5
2005-04-29,27.20000076293945
2005-04-30,25.79999923706055
2005-05-01,24.79999923706055
2005-05-02,23.79999923706055
2005-05-03,23.29999923706055
2005-05-04,23.399999618530284
2005-05-05,24.20000076293945
2005-05-06,27.0
2005-05-07,31.29999923706055
2005-05-08,36.0
2005-05-09,39.099998474121094
2005-05-10,39.29999923706055
2005-05-11,38.400001525878906
2005-05-12,37.79999923706055
2005-05-13,39.599998474121094
2005-05-14,44.79999923706055
2005-05-15,53.20000076293945
2005-05-16,63.5
2005-05-17,78.0999984741211
2005-05-18,86.5
2005-05-19,82.0
2005-05-20,74.69999694824219
2005-05-21,68.40000152587889
2005-05-22,62.4000015258789
2005-05-23,58.0
2005-05-24,53.29999923706055
2005-05-25,49.79999923706055
2005-05-26,48.099998474121094
2005-05-27,49.5
2005-05-28,53.5
2005-05-29,59.9000015258789
2005-05-30,65.09999847412111
2005-05-31,69.40000152587889
2005-06-01,75.19999694824219
2005-06-02,77.69999694824219
2005-06-03,86.0999984741211
2005-06-04,93.5999984741211
2005-06-05,97.9000015258789
2005-06-06,112.0
2005-06-07,142.0
2005-06-08,160.0
2005-06-09,147.0
2005-06-10,138.0
2005-06-11,138.0
2005-06-12,138.0
2005-06-13,136.0
2005-06-14,128.0
2005-06-15,117.0
2005-06-16,108.0
2005-06-17,103.0
2005-06-18,127.0
2005-06-19,124.0
2005-06-20,113.0
2005-06-21,108.0
2005-06-22,107.0
2005-06-23,106.0
2005-06-24,97.8000030517578
2005-06-25,87.9000015258789
2005-06-26,81.19999694824219
2005-06-27,79.30000305175781
2005-06-28,96.5
2005-06-29,116.0
2005-06-30,108.0
2005-07-01,99.9000015258789
2005-07-02,96.9000015258789
2005-07-03,88.9000015258789
2005-07-04,82.30000305175781
2005-07-05,77.80000305175781
2005-07-06,75.4000015258789
2005-07-07,75.5999984741211
2005-07-08,78.5
2005-07-09,75.30000305175781
2005-07-10,71.30000305175781
2005-07-11,66.69999694824219
2005-07-12,61.4000015258789
2005-07-13,57.599998474121094
2005-07-14,55.5
2005-07-15,53.79999923706055
2005-07-16,53.9000015258789
2005-07-17,57.70000076293945
2005-07-18,56.4000015258789
2005-07-19,53.4000015258789
2005-07-20,51.5
2005-07-21,49.20000076293945
2005-07-22,46.4000015258789
2005-07-23,46.0
2005-07-24,44.5
2005-07-25,43.29999923706055
2005-07-26,41.900001525878906
2005-07-27,40.29999923706055
2005-07-28,39.0
2005-07-29,38.5
2005-07-30,37.29999923706055
2005-07-31,35.79999923706055
2005-08-01,34.400001525878906
2005-08-02,34.09999847412109
2005-08-03,33.59999847412109
2005-08-04,32.799999237060554
2005-08-05,31.5
2005-08-06,30.5
2005-08-07,29.899999618530284
2005-08-08,29.899999618530284
2005-08-09,30.0
2005-08-10,34.0
2005-08-11,36.70000076293945
2005-08-12,37.099998474121094
2005-08-13,36.70000076293945
2005-08-14,34.5
2005-08-15,32.09999847412109
2005-08-16,30.70000076293945
2005-08-17,30.79999923706055
2005-08-18,34.09999847412109
2005-08-19,34.400001525878906
2005-08-20,32.5
2005-08-21,30.29999923706055
2005-08-22,28.5
2005-08-23,27.79999923706055
2005-08-24,29.0
2005-08-25,27.5
2005-08-26,26.399999618530284
2005-08-27,25.70000076293945
2005-08-28,25.70000076293945
2005-08-29,25.60000038146973
2005-08-30,25.399999618530284
2005-08-31,24.60000038146973
2005-09-01,23.60000038146973
2005-09-02,22.60000038146973
2005-09-03,21.200000762939453
2005-09-04,20.700000762939453
2005-09-05,21.200000762939453
2005-09-06,20.89999961853028
2005-09-07,20.5
2005-09-08,19.799999237060547
2005-09-09,19.200000762939453
2005-09-10,21.39999961853028
2005-09-11,24.399999618530284
2005-09-12,24.5
2005-09-13,24.60000038146973
2005-09-14,24.70000076293945
2005-09-15,25.899999618530284
2005-09-16,28.29999923706055
2005-09-17,29.79999923706055
2005-09-18,29.899999618530284
2005-09-19,29.399999618530284
2005-09-20,28.5
2005-09-21,28.10000038146973
2005-09-22,27.60000038146973
2005-09-23,26.899999618530284
2005-09-24,26.399999618530284
2005-09-25,25.60000038146973
2005-09-26,24.70000076293945
2005-09-27,24.29999923706055
2005-09-28,24.29999923706055
2005-09-29,23.899999618530284
2005-09-30,26.29999923706055
2005-10-01,32.59999847412109
2005-10-02,35.599998474121094
2005-10-03,34.700000762939446
2005-10-04,33.799999237060554
2005-10-05,32.700000762939446
2005-10-06,31.70000076293945
2005-10-07,30.79999923706055
2005-10-08,29.70000076293945
2005-10-09,28.79999923706055
2005-10-10,27.79999923706055
2005-10-11,26.899999618530284
2005-10-12,26.399999618530284
2005-10-13,26.5
2005-10-14,26.399999618530284
2005-10-15,26.20000076293945
2005-10-16,25.70000076293945
2005-10-17,26.10000038146973
2005-10-18,32.400001525878906
2005-10-19,38.70000076293945
2005-10-20,40.29999923706055
2005-10-21,40.099998474121094
2005-10-22,39.0
2005-10-23,38.0
2005-10-24,37.20000076293945
2005-10-25,35.900001525878906
2005-10-26,34.900001525878906
2005-10-27,34.299999237060554
2005-10-28,33.700000762939446
2005-10-29,32.59999847412109
2005-10-30,31.5
2005-10-31,30.899999618530284
2005-11-01,30.60000038146973
2005-11-02,29.899999618530284
2005-11-03,28.899999618530284
2005-11-04,28.60000038146973
2005-11-05,28.10000038146973
2005-11-06,27.29999923706055
2005-11-07,26.5
2005-11-08,25.79999923706055
2005-11-09,25.10000038146973
2005-11-10,24.5
2005-11-11,24.20000076293945
2005-11-12,24.399999618530284
2005-11-13,23.20000076293945
2005-11-14,23.20000076293945
2005-11-15,22.399999618530284
2005-11-16,22.200000762939453
2005-11-17,21.799999237060547
2005-11-18,21.5
2005-11-19,21.100000381469727
2005-11-20,20.89999961853028
2005-11-21,20.5
2005-11-22,20.39999961853028
2005-11-23,19.700000762939453
2005-11-24,19.100000381469727
2005-11-25,19.0
2005-11-26,18.799999237060547
2005-11-27,18.89999961853028
2005-11-28,18.89999961853028
2005-11-29,16.399999618530273
2005-11-30,14.199999809265135
2005-12-01,12.100000381469727
2005-12-02,11.199999809265137
2005-12-03,11.0
2005-12-04,11.199999809265137
2005-12-05,10.800000190734863
2005-12-06,10.199999809265137
2005-12-07,10.300000190734863
2005-12-08,10.899999618530273
2005-12-09,12.300000190734865
2005-12-10,13.100000381469727
2005-12-11,13.800000190734865
2005-12-12,13.800000190734865
2005-12-13,14.0
2005-12-14,14.399999618530273
2005-12-15,14.600000381469727
2005-12-16,14.0
2005-12-17,12.0
2005-12-18,11.100000381469727
2005-12-19,11.800000190734865
2005-12-20,12.300000190734865
2005-12-21,13.199999809265135
2005-12-22,14.0
2005-12-23,14.100000381469727
2005-12-24,14.0
2005-12-25,14.100000381469727
2005-12-26,14.199999809265135
2005-12-27,14.0
2005-12-28,13.600000381469727
2005-12-29,13.199999809265135
2005-12-30,12.800000190734865
2005-12-31,12.899999618530273
2006-01-01,12.899999618530273
2006-01-02,12.300000190734865
2006-01-03,12.300000190734865
2006-01-04,12.100000381469727
2006-01-05,12.100000381469727
2006-01-06,12.300000190734865
2006-01-07,12.100000381469727
2006-01-08,12.100000381469727
2006-01-09,11.899999618530273
2006-01-10,11.899999618530273
2006-01-11,11.800000190734865
2006-01-12,11.399999618530273
2006-01-13,11.300000190734865
2006-01-14,11.199999809265137
2006-01-15,11.199999809265137
2006-01-16,10.199999809265137
2006-01-17,10.600000381469727
2006-01-18,10.5
2006-01-19,10.300000190734863
2006-01-20,10.100000381469727
2006-01-21,8.899999618530273
2006-01-22,9.550000190734863
2006-01-23,10.199999809265137
2006-01-24,10.5
2006-01-25,10.300000190734863
2006-01-26,10.399999618530273
2006-01-27,10.199999809265137
2006-01-28,10.300000190734863
2006-01-29,9.850000381469727
2006-01-30,10.300000190734863
2006-01-31,10.199999809265137
2006-02-01,10.0
2006-02-02,9.720000267028807
2006-02-03,9.460000038146973
2006-02-04,9.949999809265137
2006-02-05,9.649999618530273
2006-02-06,9.380000114440918
2006-02-07,9.369999885559082
2006-02-08,9.489999771118164
2006-02-09,8.989999771118164
2006-02-10,9.0
2006-02-11,6.449999809265138
2006-02-12,5.849999904632568
2006-02-13,6.0
2006-02-14,6.800000190734862
2006-02-15,6.75
2006-02-16,5.800000190734862
2006-02-17,4.300000190734863
2006-02-18,4.019999980926514
2006-02-19,4.800000190734863
2006-02-20,5.400000095367432
2006-02-21,6.199999809265138
2006-02-22,6.949999809265138
2006-02-23,7.449999809265138
2006-02-24,7.449999809265138
2006-02-25,7.0
2006-02-26,7.920000076293945
2006-02-27,8.579999923706055
2006-02-28,8.789999961853027
2006-03-01,8.699999809265138
2006-03-02,8.380000114440918
2006-03-03,8.539999961853027
2006-03-04,8.579999923706055
2006-03-05,8.659999847412111
2006-03-06,8.630000114440918
2006-03-07,8.520000457763674
2006-03-08,8.670000076293945
2006-03-09,8.649999618530272
2006-03-10,8.510000228881836
2006-03-11,7.5
2006-03-12,7.0
2006-03-13,6.989999771118164
2006-03-14,7.099999904632568
2006-03-15,7.75
2006-03-16,8.350000381469728
2006-03-17,8.409999847412111
2006-03-18,8.460000038146973
2006-03-19,8.220000267028809
2006-03-20,8.479999542236326
2006-03-21,8.460000038146973
2006-03-22,8.350000381469728
2006-03-23,8.510000228881836
2006-03-24,8.600000381469728
2006-03-25,9.039999961853027
2006-03-26,9.029999732971193
2006-03-27,8.75
2006-03-28,9.300000190734863
2006-03-29,9.579999923706056
2006-03-30,10.199999809265137
2006-03-31,10.5
2006-04-01,10.699999809265137
2006-04-02,11.0
2006-04-03,10.899999618530273
2006-04-04,11.199999809265137
2006-04-05,11.399999618530273
2006-04-06,11.800000190734865
2006-04-07,12.699999809265135
2006-04-08,14.399999618530273
2006-04-09,15.100000381469727
2006-04-10,16.5
2006-04-11,16.799999237060547
2006-04-12,17.100000381469727
2006-04-13,17.799999237060547
2006-04-14,18.200000762939453
2006-04-15,19.39999961853028
2006-04-16,19.299999237060547
2006-04-17,18.600000381469727
2006-04-18,17.600000381469727
2006-04-19,17.5
2006-04-20,18.0
2006-04-21,19.200000762939453
2006-04-22,21.700000762939453
2006-04-23,23.0
2006-04-24,22.79999923706055
2006-04-25,23.899999618530284
2006-04-26,25.5
2006-04-27,27.29999923706055
2006-04-28,29.10000038146973
2006-04-29,33.59999847412109
2006-04-30,42.20000076293945
2006-05-01,47.9000015258789
2006-05-02,47.4000015258789
2006-05-03,44.400001525878906
2006-05-04,41.20000076293945
2006-05-05,39.79999923706055
2006-05-06,40.5
2006-05-07,42.099998474121094
2006-05-08,42.70000076293945
2006-05-09,41.400001525878906
2006-05-10,39.900001525878906
2006-05-11,39.400001525878906
2006-05-12,40.5
2006-05-13,41.099998474121094
2006-05-14,41.20000076293945
2006-05-15,45.29999923706055
2006-05-16,56.20000076293945
2006-05-17,80.0999984741211
2006-05-18,106.0
2006-05-19,127.0
2006-05-20,136.0
2006-05-21,137.0
2006-05-22,135.0
2006-05-23,132.0
2006-05-24,128.0
2006-05-25,117.0
2006-05-26,108.0
2006-05-27,100.0
2006-05-28,84.9000015258789
2006-05-29,75.9000015258789
2006-05-30,73.4000015258789
2006-05-31,71.30000305175781
2006-06-01,73.0999984741211
2006-06-02,80.9000015258789
2006-06-03,95.8000030517578
2006-06-04,103.0
2006-06-05,94.9000015258789
2006-06-06,87.69999694824219
2006-06-07,84.19999694824219
2006-06-08,103.0
2006-06-09,120.0
2006-06-10,116.0
2006-06-11,103.0
2006-06-12,90.5
2006-06-13,82.5999984741211
2006-06-14,86.0999984741211
2006-06-15,99.0
2006-06-16,126.0
2006-06-17,126.0
2006-06-18,112.0
2006-06-19,98.8000030517578
2006-06-20,90.0999984741211
2006-06-21,83.5
2006-06-22,76.19999694824219
2006-06-23,73.0999984741211
2006-06-24,70.4000015258789
2006-06-25,67.09999847412111
2006-06-26,65.09999847412111
2006-06-27,65.19999694824219
2006-06-28,64.19999694824219
2006-06-29,63.9000015258789
2006-06-30,61.70000076293945
2006-07-01,57.5
2006-07-02,53.5
2006-07-03,50.29999923706055
2006-07-04,47.599998474121094
2006-07-05,45.0
2006-07-06,44.70000076293945
2006-07-07,44.79999923706055
2006-07-08,43.400001525878906
2006-07-09,41.099998474121094
2006-07-10,43.5
2006-07-11,39.599998474121094
2006-07-12,38.29999923706055
2006-07-13,37.5
2006-07-14,36.20000076293945
2006-07-15,34.799999237060554
2006-07-16,33.400001525878906
2006-07-17,32.200000762939446
2006-07-18,31.399999618530284
2006-07-19,30.70000076293945
2006-07-20,29.79999923706055
2006-07-21,28.899999618530284
2006-07-22,28.399999618530284
2006-07-23,28.0
2006-07-24,28.899999618530284
2006-07-25,30.399999618530284
2006-07-26,30.399999618530284
2006-07-27,28.5
2006-07-28,27.60000038146973
2006-07-29,26.899999618530284
2006-07-30,26.10000038146973
2006-07-31,25.399999618530284
2006-08-01,24.5
2006-08-02,23.399999618530284
2006-08-03,22.200000762939453
2006-08-04,21.39999961853028
2006-08-05,20.799999237060547
2006-08-06,20.200000762939453
2006-08-07,19.600000381469727
2006-08-08,19.100000381469727
2006-08-09,19.299999237060547
2006-08-10,19.600000381469727
2006-08-11,20.89999961853028
2006-08-12,21.600000381469727
2006-08-13,21.39999961853028
2006-08-14,20.39999961853028
2006-08-15,19.5
2006-08-16,20.600000381469727
2006-08-17,20.600000381469727
2006-08-18,19.799999237060547
2006-08-19,20.0
2006-08-20,19.600000381469727
2006-08-21,19.100000381469727
2006-08-22,19.0
2006-08-23,19.100000381469727
2006-08-24,19.700000762939453
2006-08-25,19.89999961853028
2006-08-26,19.200000762939453
2006-08-27,18.299999237060547
2006-08-28,17.700000762939453
2006-08-29,17.700000762939453
2006-08-30,17.799999237060547
2006-08-31,18.100000381469727
2006-09-01,17.399999618530273
2006-09-02,16.600000381469727
2006-09-03,15.800000190734865
2006-09-04,15.300000190734865
2006-09-05,15.100000381469727
2006-09-06,15.199999809265135
2006-09-07,15.399999618530273
2006-09-08,15.399999618530273
2006-09-09,15.399999618530273
2006-09-10,15.300000190734865
2006-09-11,15.199999809265135
2006-09-12,14.899999618530273
2006-09-13,15.100000381469727
2006-09-14,16.5
2006-09-15,16.299999237060547
2006-09-16,15.699999809265135
2006-09-17,15.100000381469727
2006-09-18,14.699999809265135
2006-09-19,14.199999809265135
2006-09-20,14.0
2006-09-21,14.199999809265135
2006-09-22,14.399999618530273
2006-09-23,14.199999809265135
2006-09-24,13.899999618530273
2006-09-25,13.699999809265135
2006-09-26,13.600000381469727
2006-09-27,13.600000381469727
2006-09-28,13.699999809265135
2006-09-29,13.899999618530273
2006-09-30,13.899999618530273
2006-10-01,13.899999618530273
2006-10-02,13.899999618530273
2006-10-03,13.899999618530273
2006-10-04,13.600000381469727
2006-10-05,13.600000381469727
2006-10-06,13.5
2006-10-07,13.300000190734865
2006-10-08,12.899999618530273
2006-10-09,12.699999809265135
2006-10-10,12.5
2006-10-11,12.5
2006-10-12,12.300000190734865
2006-10-13,12.199999809265135
2006-10-14,12.100000381469727
2006-10-15,11.800000190734865
2006-10-16,11.699999809265135
2006-10-17,11.5
2006-10-18,11.5
2006-10-19,11.399999618530273
2006-10-20,11.300000190734865
2006-10-21,11.199999809265137
2006-10-22,11.0
2006-10-23,10.899999618530273
2006-10-24,10.699999809265137
2006-10-25,10.600000381469727
2006-10-26,10.5
2006-10-27,10.5
2006-10-28,10.300000190734863
2006-10-29,9.199999809265137
2006-10-30,8.600000381469728
2006-10-31,7.949999809265138
2006-11-01,7.699999809265138
2006-11-02,7.800000190734862
2006-11-03,8.100000381469728
2006-11-04,8.899999618530273
2006-11-05,9.899999618530273
2006-11-06,10.600000381469727
2006-11-07,13.199999809265135
2006-11-08,14.800000190734865
2006-11-09,14.899999618530273
2006-11-10,14.5
2006-11-11,14.300000190734865
2006-11-12,13.800000190734865
2006-11-13,13.699999809265135
2006-11-14,13.100000381469727
2006-11-15,12.800000190734865
2006-11-16,12.899999618530273
2006-11-17,12.300000190734865
2006-11-18,11.199999809265137
2006-11-19,11.199999809265137
2006-11-20,11.699999809265135
2006-11-21,11.5
2006-11-22,11.399999618530273
2006-11-23,11.300000190734865
2006-11-24,11.100000381469727
2006-11-25,10.5
2006-11-26,8.0
2006-11-27,6.5
2006-11-28,5.099999904632568
2006-11-29,4.099999904632568
2006-11-30,3.849999904632568
2006-12-01,4.199999809265137
2006-12-02,4.900000095367432
2006-12-03,6.0
2006-12-04,7.800000190734862
2006-12-05,9.0
2006-12-06,10.800000190734863
2006-12-07,10.800000190734863
2006-12-08,10.899999618530273
2006-12-09,10.800000190734863
2006-12-10,11.0
2006-12-11,10.800000190734863
2006-12-12,10.699999809265137
2006-12-13,10.600000381469727
2006-12-14,10.399999618530273
2006-12-15,10.300000190734863
2006-12-16,8.5
2006-12-17,6.800000190734862
2006-12-18,5.800000190734862
2006-12-19,5.699999809265138
2006-12-20,6.199999809265138
2006-12-21,7.449999809265138
2006-12-22,8.529999732971191
2006-12-23,8.520000457763674
2006-12-24,8.579999923706055
2006-12-25,8.550000190734862
2006-12-26,8.479999542236326
2006-12-27,8.5
2006-12-28,8.300000190734862
2006-12-29,7.0
2006-12-30,6.5
2006-12-31,6.699999809265138
2007-01-01,7.670000076293945
2007-01-02,8.270000457763674
2007-01-03,8.420000076293945
2007-01-04,7.920000076293945
2007-01-05,7.099999904632568
2007-01-06,6.9000000953674325
2007-01-07,7.0
2007-01-08,7.099999904632568
2007-01-09,7.199999809265138
2007-01-10,7.449999809265138
2007-01-11,5.800000190734862
2007-01-12,4.0
2007-01-13,4.099999904632568
2007-01-14,4.199999809265137
2007-01-15,4.400000095367432
2007-01-16,4.599999904632568
2007-01-17,5.0
2007-01-18,5.400000095367432
2007-01-19,5.699999809265138
2007-01-20,5.9000000953674325
2007-01-21,6.0
2007-01-22,6.099999904632568
2007-01-23,6.199999809265138
2007-01-24,6.349999904632568
2007-01-25,6.300000190734862
2007-01-26,6.170000076293945
2007-01-27,5.800000190734862
2007-01-28,5.5
2007-01-29,5.300000190734863
2007-01-30,5.099999904632568
2007-01-31,4.800000190734863
2007-02-01,4.599999904632568
2007-02-02,4.590000152587892
2007-02-03,4.699999809265137
2007-02-04,4.900000095367432
2007-02-05,5.099999904632568
2007-02-06,5.150000095367432
2007-02-07,5.239999771118164
2007-02-08,5.25
2007-02-09,5.309999942779541
2007-02-10,5.300000190734863
2007-02-11,5.489999771118164
2007-02-12,5.320000171661377
2007-02-13,5.099999904632568
2007-02-14,5.0
2007-02-15,5.099999904632568
2007-02-16,5.400000095367432
2007-02-17,5.800000190734862
2007-02-18,6.010000228881836
2007-02-19,5.840000152587892
2007-02-20,5.599999904632568
2007-02-21,5.400000095367432
2007-02-22,5.300000190734863
2007-02-23,5.199999809265137
2007-02-24,5.190000057220459
2007-02-25,5.190000057220459
2007-02-26,5.199999809265137
2007-02-27,5.210000038146973
2007-02-28,5.230000019073486
2007-03-01,5.360000133514403
2007-03-02,5.550000190734863
2007-03-03,5.340000152587892
2007-03-04,5.480000019073486
2007-03-05,5.610000133514403
2007-03-06,5.75
2007-03-07,5.9000000953674325
2007-03-08,6.130000114440918
2007-03-09,6.010000228881836
2007-03-10,5.96999979019165
2007-03-11,6.4000000953674325
2007-03-12,9.300000190734863
2007-03-13,9.68000030517578
2007-03-14,9.260000228881836
2007-03-15,8.479999542236326
2007-03-16,8.409999847412111
2007-03-17,8.829999923706055
2007-03-18,9.470000267028807
2007-03-19,9.760000228881836
2007-03-20,10.5
2007-03-21,10.600000381469727
2007-03-22,10.300000190734863
2007-03-23,10.300000190734863
2007-03-24,11.199999809265137
2007-03-25,14.600000381469727
2007-03-26,14.699999809265135
2007-03-27,14.300000190734865
2007-03-28,13.800000190734865
2007-03-29,13.300000190734865
2007-03-30,13.399999618530273
2007-03-31,13.600000381469727
2007-04-01,14.300000190734865
2007-04-02,14.100000381469727
2007-04-03,13.5
2007-04-04,13.300000190734865
2007-04-05,13.100000381469727
2007-04-06,12.899999618530273
2007-04-07,13.0
2007-04-08,13.199999809265135
2007-04-09,14.199999809265135
2007-04-10,15.399999618530273
2007-04-11,15.699999809265135
2007-04-12,15.5
2007-04-13,15.199999809265135
2007-04-14,15.0
2007-04-15,15.800000190734865
2007-04-16,16.100000381469727
2007-04-17,16.600000381469727
2007-04-18,17.100000381469727
2007-04-19,17.5
2007-04-20,16.899999618530273
2007-04-21,17.0
2007-04-22,16.799999237060547
2007-04-23,16.799999237060547
2007-04-24,17.299999237060547
2007-04-25,18.5
2007-04-26,20.0
2007-04-27,21.0
2007-04-28,22.299999237060547
2007-04-29,26.29999923706055
2007-04-30,30.20000076293945
2007-05-01,31.5
2007-05-02,34.0
2007-05-03,38.79999923706055
2007-05-04,41.70000076293945
2007-05-05,40.0
2007-05-06,37.5
2007-05-07,36.5
2007-05-08,38.900001525878906
2007-05-09,53.29999923706055
2007-05-10,73.30000305175781
2007-05-11,80.4000015258789
2007-05-12,84.9000015258789
2007-05-13,92.8000030517578
2007-05-14,95.0
2007-05-15,87.5999984741211
2007-05-16,85.5999984741211
2007-05-17,96.5999984741211
2007-05-18,113.0
2007-05-19,123.0
2007-05-20,122.0
2007-05-21,113.0
2007-05-22,96.5999984741211
2007-05-23,85.5999984741211
2007-05-24,78.69999694824219
2007-05-25,71.5
2007-05-26,65.80000305175781
2007-05-27,65.40000152587889
2007-05-28,72.30000305175781
2007-05-29,79.0999984741211
2007-05-30,82.9000015258789
2007-05-31,90.6999969482422
2007-06-01,107.0
2007-06-02,120.0
2007-06-03,132.0
2007-06-04,141.0
2007-06-05,156.0
2007-06-06,173.0
2007-06-07,168.0
2007-06-08,141.0
2007-06-09,123.0
2007-06-10,112.0
2007-06-11,107.0
2007-06-12,100.0
2007-06-13,90.4000015258789
2007-06-14,83.80000305175781
2007-06-15,79.69999694824219
2007-06-16,69.5
2007-06-17,76.80000305175781
2007-06-18,89.4000015258789
2007-06-19,87.30000305175781
2007-06-20,86.80000305175781
2007-06-21,90.5
2007-06-22,96.3000030517578
2007-06-23,96.5999984741211
2007-06-24,90.9000015258789
2007-06-25,80.5
2007-06-26,72.9000015258789
2007-06-27,66.80000305175781
2007-06-28,63.20000076293945
2007-06-29,65.90000152587889
2007-06-30,71.9000015258789
2007-07-01,64.90000152587889
2007-07-02,62.79999923706055
2007-07-03,59.4000015258789
2007-07-04,59.0
2007-07-05,56.5
2007-07-06,58.79999923706055
2007-07-07,62.5
2007-07-08,61.20000076293945
2007-07-09,57.29999923706055
2007-07-10,53.099998474121094
2007-07-11,49.599998474121094
2007-07-12,45.4000015258789
2007-07-13,44.0
2007-07-14,44.099998474121094
2007-07-15,44.20000076293945
2007-07-16,43.20000076293945
2007-07-17,40.599998474121094
2007-07-18,40.79999923706055
2007-07-19,44.900001525878906
2007-07-20,46.9000015258789
2007-07-21,43.099998474121094
2007-07-22,39.79999923706055
2007-07-23,36.900001525878906
2007-07-24,35.09999847412109
2007-07-25,34.5
2007-07-26,33.59999847412109
2007-07-27,32.59999847412109
2007-07-28,30.70000076293945
2007-07-29,29.5
2007-07-30,28.399999618530284
2007-07-31,27.899999618530284
2007-08-01,25.70000076293945
2007-08-02,21.39999961853028
2007-08-03,20.39999961853028
2007-08-04,20.89999961853028
2007-08-05,20.799999237060547
2007-08-06,20.0
2007-08-07,19.600000381469727
2007-08-08,19.200000762939453
2007-08-09,19.299999237060547
2007-08-10,19.0
2007-08-11,18.600000381469727
2007-08-12,17.799999237060547
2007-08-13,17.200000762939453
2007-08-14,16.899999618530273
2007-08-15,16.100000381469727
2007-08-16,15.899999618530273
2007-08-17,16.0
2007-08-18,15.800000190734865
2007-08-19,15.800000190734865
2007-08-20,15.600000381469727
2007-08-21,15.199999809265135
2007-08-22,14.899999618530273
2007-08-23,14.5
2007-08-24,14.300000190734865
2007-08-25,13.699999809265135
2007-08-26,13.899999618530273
2007-08-27,15.399999618530273
2007-08-28,15.899999618530273
2007-08-29,16.299999237060547
2007-08-30,16.299999237060547
2007-08-31,16.0
2007-09-01,15.800000190734865
2007-09-02,15.399999618530273
2007-09-03,15.199999809265135
2007-09-04,14.600000381469727
2007-09-05,14.5
2007-09-06,14.800000190734865
2007-09-07,14.5
2007-09-08,14.5
2007-09-09,14.0
2007-09-10,13.100000381469727
2007-09-11,12.800000190734865
2007-09-12,12.899999618530273
2007-09-13,12.5
2007-09-14,12.199999809265135
2007-09-15,12.100000381469727
2007-09-16,11.899999618530273
2007-09-17,11.800000190734865
2007-09-18,11.800000190734865
2007-09-19,11.699999809265135
2007-09-20,11.399999618530273
2007-09-21,11.300000190734865
2007-09-22,11.5
2007-09-23,11.199999809265137
2007-09-24,10.600000381469727
2007-09-25,10.199999809265137
2007-09-26,10.199999809265137
2007-09-27,10.100000381469727
2007-09-28,9.960000038146973
2007-09-29,10.399999618530273
2007-09-30,10.600000381469727
2007-10-01,10.5
2007-10-02,10.800000190734863
2007-10-03,12.100000381469727
2007-10-04,12.5
2007-10-05,12.399999618530273
2007-10-06,12.399999618530273
2007-10-07,12.300000190734865
2007-10-08,12.600000381469727
2007-10-09,13.0
2007-10-10,13.199999809265135
2007-10-11,13.600000381469727
2007-10-12,14.100000381469727
2007-10-13,14.399999618530273
2007-10-14,14.199999809265135
2007-10-15,13.699999809265135
2007-10-16,13.699999809265135
2007-10-17,13.699999809265135
2007-10-18,13.300000190734865
2007-10-19,13.600000381469727
2007-10-20,13.300000190734865
2007-10-21,12.899999618530273
2007-10-22,12.5
2007-10-23,12.5
2007-10-24,12.300000190734865
2007-10-25,12.199999809265135
2007-10-26,12.600000381469727
2007-10-27,12.600000381469727
2007-10-28,12.300000190734865
2007-10-29,12.100000381469727
2007-10-30,11.899999618530273
2007-10-31,11.699999809265135
2007-11-01,11.600000381469727
2007-11-02,11.300000190734865
2007-11-03,12.899999618530273
2007-11-04,12.100000381469727
2007-11-05,11.600000381469727
2007-11-06,11.399999618530273
2007-11-07,11.199999809265137
2007-11-08,11.0
2007-11-09,10.800000190734863
2007-11-10,10.800000190734863
2007-11-11,10.699999809265137
2007-11-12,10.5
2007-11-13,10.600000381469727
2007-11-14,9.90999984741211
2007-11-15,9.779999732971193
2007-11-16,9.56999969482422
2007-11-17,9.31999969482422
2007-11-18,9.25
2007-11-19,8.399999618530272
2007-11-20,6.760000228881836
2007-11-21,5.96999979019165
2007-11-22,5.800000190734862
2007-11-23,5.9000000953674325
2007-11-24,6.0
2007-11-25,6.300000190734862
2007-11-26,6.78000020980835
2007-11-27,7.130000114440918
2007-11-28,7.130000114440918
2007-11-29,6.699999809265138
2007-11-30,6.0
2007-12-01,5.599999904632568
2007-12-02,5.800000190734862
2007-12-03,7.300000190734862
2007-12-04,7.980000019073486
2007-12-05,7.900000095367432
2007-12-06,7.639999866485598
2007-12-07,7.210000038146973
2007-12-08,6.5
2007-12-09,6.0
2007-12-10,5.949999809265138
2007-12-11,5.9000000953674325
2007-12-12,5.949999809265138
2007-12-13,6.0
2007-12-14,6.099999904632568
2007-12-15,6.559999942779541
2007-12-16,6.710000038146973
2007-12-17,6.690000057220459
2007-12-18,6.739999771118164
2007-12-19,6.880000114440918
2007-12-20,6.869999885559082
2007-12-21,6.579999923706055
2007-12-22,6.5
2007-12-23,6.300000190734862
2007-12-24,6.5
2007-12-25,6.5
2007-12-26,6.619999885559082
2007-12-27,6.480000019073486
2007-12-28,6.340000152587892
2007-12-29,6.320000171661378
2007-12-30,6.329999923706055
2007-12-31,6.380000114440918
2008-01-01,6.0
2008-01-02,5.800000190734862
2008-01-03,5.9000000953674325
2008-01-04,6.110000133514402
2008-01-05,6.139999866485598
2008-01-06,5.920000076293945
2008-01-07,5.6599998474121085
2008-01-08,5.690000057220459
2008-01-09,5.869999885559082
2008-01-10,6.090000152587892
2008-01-11,6.03000020980835
2008-01-12,6.039999961853027
2008-01-13,6.0
2008-01-14,5.800000190734862
2008-01-15,5.599999904632568
2008-01-16,5.199999809265137
2008-01-17,5.400000095367432
2008-01-18,6.380000114440918
2008-01-19,6.449999809265138
2008-01-20,4.0
2008-01-21,3.75
2008-01-22,3.5999999046325684
2008-01-23,3.799999952316284
2008-01-24,3.900000095367432
2008-01-25,3.950000047683716
2008-01-26,4.0
2008-01-27,4.099999904632568
2008-01-28,4.199999809265137
2008-01-29,4.150000095367432
2008-01-30,4.199999809265137
2008-01-31,4.400000095367432
2008-02-01,4.599999904632568
2008-02-02,4.800000190734863
2008-02-03,4.75
2008-02-04,4.699999809265137
2008-02-05,4.800000190734863
2008-02-06,4.900000095367432
2008-02-07,5.0
2008-02-08,5.099999904632568
2008-02-09,5.199999809265137
2008-02-10,5.300000190734863
2008-02-11,5.25
2008-02-12,5.199999809265137
2008-02-13,5.099999904632568
2008-02-14,5.0
2008-02-15,4.900000095367432
2008-02-16,4.800000190734863
2008-02-17,4.699999809265137
2008-02-18,4.650000095367432
2008-02-19,4.599999904632568
2008-02-20,4.650000095367432
2008-02-21,4.699999809265137
2008-02-22,4.800000190734863
2008-02-23,5.0
2008-02-24,5.199999809265137
2008-02-25,5.400000095367432
2008-02-26,5.5
2008-02-27,5.599999904632568
2008-02-28,5.6500000953674325
2008-02-29,5.599999904632568
2008-03-01,5.550000190734863
2008-03-02,5.5
2008-03-03,5.449999809265137
2008-03-04,5.400000095367432
2008-03-05,5.389999866485597
2008-03-06,5.380000114440918
2008-03-07,5.380000114440918
2008-03-08,5.28000020980835
2008-03-09,5.360000133514403
2008-03-10,5.369999885559082
2008-03-11,5.449999809265137
2008-03-12,5.440000057220459
2008-03-13,5.269999980926514
2008-03-14,5.389999866485597
2008-03-15,5.360000133514403
2008-03-16,5.340000152587892
2008-03-17,5.309999942779541
2008-03-18,5.289999961853027
2008-03-19,5.21999979019165
2008-03-20,5.210000038146973
2008-03-21,5.099999904632568
2008-03-22,5.050000190734863
2008-03-23,5.0
2008-03-24,4.949999809265137
2008-03-25,4.900000095367432
2008-03-26,4.900000095367432
2008-03-27,4.880000114440918
2008-03-28,4.849999904632568
2008-03-29,4.829999923706055
2008-03-30,4.809999942779541
2008-03-31,4.800000190734863
2008-04-01,4.900000095367432
2008-04-02,5.010000228881836
2008-04-03,5.179999828338623
2008-04-04,5.349999904632568
2008-04-05,5.389999866485597
2008-04-06,5.489999771118164
2008-04-07,5.539999961853027
2008-04-08,5.630000114440918
2008-04-09,5.690000057220459
2008-04-10,5.730000019073486
2008-04-11,5.860000133514402
2008-04-12,6.309999942779541
2008-04-13,7.1599998474121085
2008-04-14,8.760000228881836
2008-04-15,9.640000343322754
2008-04-16,9.260000228881836
2008-04-17,9.050000190734863
2008-04-18,9.210000038146973
2008-04-19,9.079999923706056
2008-04-20,8.640000343322754
2008-04-21,8.439999580383299
2008-04-22,8.300000190734862
2008-04-23,8.170000076293945
2008-04-24,8.140000343322754
2008-04-25,8.170000076293945
2008-04-26,7.980000019073486
2008-04-27,8.069999694824219
2008-04-28,8.489999771118164
2008-04-29,9.420000076293944
2008-04-30,10.0
2008-05-01,10.199999809265137
2008-05-02,10.5
2008-05-03,11.399999618530273
2008-05-04,13.199999809265135
2008-05-05,15.899999618530273
2008-05-06,18.799999237060547
2008-05-07,20.39999961853028
2008-05-08,22.100000381469727
2008-05-09,22.399999618530284
2008-05-10,21.100000381469727
2008-05-11,21.100000381469727
2008-05-12,21.799999237060547
2008-05-13,21.200000762939453
2008-05-14,21.299999237060547
2008-05-15,21.799999237060547
2008-05-16,27.20000076293945
2008-05-17,39.900001525878906
2008-05-18,59.5
2008-05-19,87.4000015258789
2008-05-20,96.5
2008-05-21,107.0
2008-05-22,105.0
2008-05-23,94.0999984741211
2008-05-24,91.3000030517578
2008-05-25,116.0
2008-05-26,125.0
2008-05-27,111.0
2008-05-28,97.5
2008-05-29,95.5999984741211
2008-05-30,103.0
2008-05-31,109.0
2008-06-01,112.0
2008-06-02,115.0
2008-06-03,119.0
2008-06-04,116.0
2008-06-05,111.0
2008-06-06,104.0
2008-06-07,94.5
2008-06-08,86.30000305175781
2008-06-09,80.69999694824219
2008-06-10,77.5
2008-06-11,76.19999694824219
2008-06-12,76.0999984741211
2008-06-13,73.69999694824219
2008-06-14,77.5999984741211
2008-06-15,78.69999694824219
2008-06-16,77.5999984741211
2008-06-17,79.0999984741211
2008-06-18,83.0999984741211
2008-06-19,82.80000305175781
2008-06-20,77.69999694824219
2008-06-21,75.0
2008-06-22,80.0
2008-06-23,88.5999984741211
2008-06-24,84.80000305175781
2008-06-25,78.5999984741211
2008-06-26,74.4000015258789
2008-06-27,69.59999847412111
2008-06-28,65.59999847412111
2008-06-29,64.80000305175781
2008-06-30,67.19999694824219
2008-07-01,72.0999984741211
2008-07-02,76.19999694824219
2008-07-03,70.30000305175781
2008-07-04,67.09999847412111
2008-07-05,65.5
2008-07-06,61.79999923706055
2008-07-07,58.099998474121094
2008-07-08,54.0
2008-07-09,49.599998474121094
2008-07-10,47.4000015258789
2008-07-11,47.29999923706055
2008-07-12,43.79999923706055
2008-07-13,40.29999923706055
2008-07-14,38.20000076293945
2008-07-15,37.099998474121094
2008-07-16,36.5
2008-07-17,35.29999923706055
2008-07-18,34.200000762939446
2008-07-19,33.700000762939446
2008-07-20,31.899999618530284
2008-07-21,30.5
2008-07-22,29.79999923706055
2008-07-23,30.20000076293945
2008-07-24,32.200000762939446
2008-07-25,32.700000762939446
2008-07-26,31.10000038146973
2008-07-27,29.5
2008-07-28,29.0
2008-07-29,28.10000038146973
2008-07-30,27.60000038146973
2008-07-31,26.899999618530284
2008-08-01,25.5
2008-08-02,25.10000038146973
2008-08-03,25.70000076293945
2008-08-04,25.29999923706055
2008-08-05,24.0
2008-08-06,23.0
2008-08-07,22.299999237060547
2008-08-08,21.899999618530284
2008-08-09,22.100000381469727
2008-08-10,22.200000762939453
2008-08-11,22.79999923706055
2008-08-12,21.799999237060547
2008-08-13,20.39999961853028
2008-08-14,19.5
2008-08-15,18.89999961853028
2008-08-16,18.5
2008-08-17,18.39999961853028
2008-08-18,18.700000762939453
2008-08-19,18.89999961853028
2008-08-20,19.100000381469727
2008-08-21,19.799999237060547
2008-08-22,19.799999237060547
2008-08-23,19.200000762939453
2008-08-24,18.200000762939453
2008-08-25,17.399999618530273
2008-08-26,17.600000381469727
2008-08-27,17.299999237060547
2008-08-28,16.700000762939453
2008-08-29,15.899999618530273
2008-08-30,15.300000190734865
2008-08-31,15.899999618530273
2008-09-01,16.600000381469727
2008-09-02,16.100000381469727
2008-09-03,15.5
2008-09-04,14.899999618530273
2008-09-05,14.399999618530273
2008-09-06,14.300000190734865
2008-09-07,14.100000381469727
2008-09-08,13.699999809265135
2008-09-09,13.5
2008-09-10,14.100000381469727
2008-09-11,13.5
2008-09-12,13.300000190734865
2008-09-13,13.5
2008-09-14,13.5
2008-09-15,13.199999809265135
2008-09-16,12.899999618530273
2008-09-17,12.600000381469727
2008-09-18,12.300000190734865
2008-09-19,12.100000381469727
2008-09-20,12.0
2008-09-21,12.5
2008-09-22,13.199999809265135
2008-09-23,13.699999809265135
2008-09-24,13.800000190734865
2008-09-25,13.600000381469727
2008-09-26,13.100000381469727
2008-09-27,12.699999809265135
2008-09-28,12.5
2008-09-29,12.300000190734865
2008-09-30,12.0
2008-10-01,11.699999809265135
2008-10-02,11.399999618530273
2008-10-03,11.199999809265137
2008-10-04,11.199999809265137
2008-10-05,11.300000190734865
2008-10-06,11.399999618530273
2008-10-07,11.699999809265135
2008-10-08,11.699999809265135
2008-10-09,11.699999809265135
2008-10-10,11.5
2008-10-11,11.199999809265137
2008-10-12,11.0
2008-10-13,10.699999809265137
2008-10-14,10.800000190734863
2008-10-15,10.800000190734863
2008-10-16,11.0
2008-10-17,10.899999618530273
2008-10-18,10.600000381469727
2008-10-19,10.399999618530273
2008-10-20,10.600000381469727
2008-10-21,10.699999809265137
2008-10-22,10.5
2008-10-23,10.399999618530273
2008-10-24,10.199999809265137
2008-10-25,10.100000381469727
2008-10-26,9.949999809265137
2008-10-27,9.779999732971193
2008-10-28,9.630000114440918
2008-10-29,9.550000190734863
2008-10-30,9.43000030517578
2008-10-31,9.34000015258789
2008-11-01,9.279999732971193
2008-11-02,9.239999771118164
2008-11-03,9.18000030517578
2008-11-04,9.279999732971193
2008-11-05,9.31999969482422
2008-11-06,9.1899995803833
2008-11-07,9.149999618530273
2008-11-08,9.0600004196167
2008-11-09,8.979999542236328
2008-11-10,8.880000114440918
2008-11-11,8.859999656677246
2008-11-12,9.09000015258789
2008-11-13,9.119999885559082
2008-11-14,8.920000076293945
2008-11-15,8.670000076293945
2008-11-16,8.510000228881836
2008-11-17,8.470000267028809
2008-11-18,8.399999618530272
2008-11-19,8.380000114440918
2008-11-20,7.900000095367432
2008-11-21,7.5
2008-11-22,7.860000133514402
2008-11-23,7.5
2008-11-24,6.869999885559082
2008-11-25,6.820000171661378
2008-11-26,7.179999828338622
2008-11-27,6.4000000953674325
2008-11-28,5.599999904632568
2008-11-29,5.6500000953674325
2008-11-30,6.940000057220459
2008-12-01,7.269999980926514
2008-12-02,7.400000095367432
2008-12-03,6.0
2008-12-04,5.199999809265137
2008-12-05,5.0
2008-12-06,5.599999904632568
2008-12-07,7.309999942779541
2008-12-08,7.320000171661378
2008-12-09,7.079999923706055
2008-12-10,7.119999885559082
2008-12-11,6.5
2008-12-12,4.599999904632568
2008-12-13,3.799999952316284
2008-12-14,3.299999952316284
2008-12-15,3.0999999046325684
2008-12-16,3.0
2008-12-17,3.0999999046325684
2008-12-18,3.299999952316284
2008-12-19,3.400000095367432
2008-12-20,3.4500000476837163
2008-12-21,3.400000095367432
2008-12-22,3.799999952316284
2008-12-23,4.599999904632568
2008-12-24,5.400000095367432
2008-12-25,5.599999904632568
2008-12-26,5.800000190734862
2008-12-27,6.0
2008-12-28,6.199999809265138
2008-12-29,6.25
2008-12-30,6.199999809265138
2008-12-31,6.0
2009-01-01,5.599999904632568
2009-01-02,5.0
2009-01-03,4.820000171661377
2009-01-04,4.800000190734863
2009-01-05,4.849999904632568
2009-01-06,5.400000095367432
2009-01-07,5.800000190734862
2009-01-08,5.949999809265138
2009-01-09,6.0
2009-01-10,6.050000190734862
2009-01-11,5.849999904632568
2009-01-12,5.690000057220459
2009-01-13,5.78000020980835
2009-01-14,5.840000152587892
2009-01-15,5.869999885559082
2009-01-16,5.929999828338622
2009-01-17,5.889999866485598
2009-01-18,5.599999904632568
2009-01-19,5.230000019073486
2009-01-20,3.990000009536743
2009-01-21,3.799999952316284
2009-01-22,3.650000095367432
2009-01-23,3.400000095367432
2009-01-24,3.299999952316284
2009-01-25,3.2000000476837163
2009-01-26,3.25
2009-01-27,3.400000095367432
2009-01-28,3.799999952316284
2009-01-29,4.099999904632568
2009-01-30,4.400000095367432
2009-01-31,4.800000190734863
2009-02-01,5.0
2009-02-02,5.179999828338623
2009-02-03,5.21999979019165
2009-02-04,5.199999809265137
2009-02-05,5.179999828338623
2009-02-06,5.170000076293945
2009-02-07,5.150000095367432
2009-02-08,4.949999809265137
2009-02-09,4.800000190734863
2009-02-10,4.599999904632568
2009-02-11,4.5
2009-02-12,4.400000095367432
2009-02-13,4.349999904632568
2009-02-14,4.300000190734863
2009-02-15,4.349999904632568
2009-02-16,4.449999809265137
2009-02-17,4.550000190734863
2009-02-18,4.599999904632568
2009-02-19,4.650000095367432
2009-02-20,4.5
2009-02-21,4.75
2009-02-22,4.800000190734863
2009-02-23,4.650000095367432
2009-02-24,4.599999904632568
2009-02-25,4.300000190734863
2009-02-26,4.199999809265137
2009-02-27,4.25
2009-02-28,4.400000095367432
2009-03-01,5.039999961853027
2009-03-02,5.090000152587892
2009-03-03,5.28000020980835
2009-03-04,5.25
2009-03-05,4.599999904632568
2009-03-06,4.400000095367432
2009-03-07,4.25
2009-03-08,4.199999809265137
2009-03-09,4.099999904632568
2009-03-10,3.799999952316284
2009-03-11,3.5999999046325684
2009-03-12,3.799999952316284
2009-03-13,4.300000190734863
2009-03-14,4.699999809265137
2009-03-15,4.800000190734863
2009-03-16,4.860000133514403
2009-03-17,4.849999904632568
2009-03-18,4.840000152587892
2009-03-19,4.940000057220459
2009-03-20,5.1599998474121085
2009-03-21,5.559999942779541
2009-03-22,6.1500000953674325
2009-03-23,6.059999942779541
2009-03-24,5.96999979019165
2009-03-25,5.800000190734862
2009-03-26,5.420000076293945
2009-03-27,5.599999904632568
2009-03-28,5.6500000953674325
2009-03-29,5.489999771118164
2009-03-30,5.28000020980835
2009-03-31,5.460000038146973
2009-04-01,5.440000057220459
2009-04-02,5.320000171661377
2009-04-03,5.289999961853027
2009-04-04,5.269999980926514
2009-04-05,5.46999979019165
2009-04-06,5.829999923706055
2009-04-07,6.130000114440918
2009-04-08,6.360000133514402
2009-04-09,6.690000057220459
2009-04-10,6.989999771118164
2009-04-11,7.3400001525878915
2009-04-12,7.53000020980835
2009-04-13,7.760000228881836
2009-04-14,7.550000190734862
2009-04-15,7.369999885559082
2009-04-16,7.230000019073486
2009-04-17,7.28000020980835
2009-04-18,7.429999828338622
2009-04-19,7.519999980926514
2009-04-20,7.800000190734862
2009-04-21,8.470000267028809
2009-04-22,9.529999732971193
2009-04-23,10.600000381469727
2009-04-24,10.199999809265137
2009-04-25,10.199999809265137
2009-04-26,10.100000381469727
2009-04-27,9.880000114440918
2009-04-28,9.640000343322754
2009-04-29,9.4399995803833
2009-04-30,9.3100004196167
2009-05-01,9.34000015258789
2009-05-02,9.449999809265137
2009-05-03,9.75
2009-05-04,9.989999771118164
2009-05-05,10.399999618530273
2009-05-06,10.800000190734863
2009-05-07,11.300000190734865
2009-05-08,11.800000190734865
2009-05-09,11.899999618530273
2009-05-10,12.199999809265135
2009-05-11,12.600000381469727
2009-05-12,13.199999809265135
2009-05-13,13.800000190734865
2009-05-14,14.399999618530273
2009-05-15,14.399999618530273
2009-05-16,14.300000190734865
2009-05-17,15.0
2009-05-18,20.0
2009-05-19,30.899999618530284
2009-05-20,33.700000762939446
2009-05-21,31.399999618530284
2009-05-22,29.10000038146973
2009-05-23,29.5
2009-05-24,33.59999847412109
2009-05-25,40.70000076293945
2009-05-26,46.9000015258789
2009-05-27,51.79999923706055
2009-05-28,56.29999923706055
2009-05-29,61.4000015258789
2009-05-30,70.9000015258789
2009-05-31,87.0999984741211
2009-06-01,88.9000015258789
2009-06-02,76.4000015258789
2009-06-03,66.80000305175781
2009-06-04,64.90000152587889
2009-06-05,68.40000152587889
2009-06-06,72.69999694824219
2009-06-07,66.19999694824219
2009-06-08,58.9000015258789
2009-06-09,52.70000076293945
2009-06-10,47.5
2009-06-11,43.70000076293945
2009-06-12,45.099998474121094
2009-06-13,52.79999923706055
2009-06-14,62.599998474121094
2009-06-15,69.0
2009-06-16,74.69999694824219
2009-06-17,78.4000015258789
2009-06-18,79.80000305175781
2009-06-19,78.19999694824219
2009-06-20,72.69999694824219
2009-06-21,70.09999847412111
2009-06-22,73.69999694824219
2009-06-23,73.4000015258789
2009-06-24,66.80000305175781
2009-06-25,62.099998474121094
2009-06-26,60.0
2009-06-27,56.099998474121094
2009-06-28,52.20000076293945
2009-06-29,50.599998474121094
2009-06-30,49.20000076293945
2009-07-01,47.29999923706055
2009-07-02,44.79999923706055
2009-07-03,42.5
2009-07-04,41.0
2009-07-05,40.79999923706055
2009-07-06,41.5
2009-07-07,43.099998474121094
2009-07-08,41.900001525878906
2009-07-09,39.5
2009-07-10,37.70000076293945
2009-07-11,36.29999923706055
2009-07-12,35.20000076293945
2009-07-13,36.900001525878906
2009-07-14,41.0
2009-07-15,43.20000076293945
2009-07-16,41.900001525878906
2009-07-17,39.29999923706055
2009-07-18,37.400001525878906
2009-07-19,36.0
2009-07-20,34.900001525878906
2009-07-21,33.299999237060554
2009-07-22,31.60000038146973
2009-07-23,30.60000038146973
2009-07-24,32.400001525878906
2009-07-25,32.299999237060554
2009-07-26,32.299999237060554
2009-07-27,31.899999618530284
2009-07-28,31.79999923706055
2009-07-29,31.29999923706055
2009-07-30,29.899999618530284
2009-07-31,30.29999923706055
2009-08-01,31.5
2009-08-02,30.70000076293945
2009-08-03,29.60000038146973
2009-08-04,32.09999847412109
2009-08-05,38.79999923706055
2009-08-06,39.599998474121094
2009-08-07,36.70000076293945
2009-08-08,34.200000762939446
2009-08-09,32.700000762939446
2009-08-10,31.0
2009-08-11,29.5
2009-08-12,29.70000076293945
2009-08-13,29.899999618530284
2009-08-14,30.10000038146973
2009-08-15,31.79999923706055
2009-08-16,34.5
2009-08-17,36.599998474121094
2009-08-18,36.400001525878906
2009-08-19,35.0
2009-08-20,33.299999237060554
2009-08-21,31.70000076293945
2009-08-22,30.5
2009-08-23,29.79999923706055
2009-08-24,28.5
2009-08-25,27.10000038146973
2009-08-26,25.70000076293945
2009-08-27,24.70000076293945
2009-08-28,23.60000038146973
2009-08-29,22.70000076293945
2009-08-30,22.0
2009-08-31,21.5
2009-09-01,21.0
2009-09-02,21.299999237060547
2009-09-03,21.200000762939453
2009-09-04,21.299999237060547
2009-09-05,20.600000381469727
2009-09-06,19.700000762939453
2009-09-07,19.5
2009-09-08,19.200000762939453
2009-09-09,18.299999237060547
2009-09-10,17.399999618530273
2009-09-11,16.5
2009-09-12,15.899999618530273
2009-09-13,15.699999809265135
2009-09-14,15.399999618530273
2009-09-15,15.100000381469727
2009-09-16,15.0
2009-09-17,15.199999809265135
2009-09-18,15.600000381469727
2009-09-19,15.699999809265135
2009-09-20,15.600000381469727
2009-09-21,15.5
2009-09-22,14.800000190734865
2009-09-23,13.300000190734865
2009-09-24,12.899999618530273
2009-09-25,12.800000190734865
2009-09-26,12.800000190734865
2009-09-27,12.699999809265135
2009-09-28,12.600000381469727
2009-09-29,12.300000190734865
2009-09-30,11.899999618530273
2009-10-01,11.600000381469727
2009-10-02,11.5
2009-10-03,11.300000190734865
2009-10-04,11.100000381469727
2009-10-05,10.899999618530273
2009-10-06,10.600000381469727
2009-10-07,10.899999618530273
2009-10-08,10.5
2009-10-09,10.300000190734863
2009-10-10,9.59000015258789
2009-10-11,9.380000114440918
2009-10-12,8.890000343322754
2009-10-13,9.109999656677246
2009-10-14,9.18000030517578
2009-10-15,9.09000015258789
2009-10-16,8.90999984741211
2009-10-17,9.109999656677246
2009-10-18,9.84000015258789
2009-10-19,9.880000114440918
2009-10-20,10.0
2009-10-21,10.100000381469727
2009-10-22,10.100000381469727
2009-10-23,10.100000381469727
2009-10-24,10.100000381469727
2009-10-25,10.0
2009-10-26,10.300000190734863
2009-10-27,10.300000190734863
2009-10-28,10.0
2009-10-29,9.890000343322754
2009-10-30,9.920000076293944
2009-10-31,9.970000267028807
2009-11-01,9.899999618530273
2009-11-02,9.710000038146973
2009-11-03,9.5
2009-11-04,9.260000228881836
2009-11-05,9.140000343322754
2009-11-06,9.510000228881836
2009-11-07,9.550000190734863
2009-11-08,9.329999923706056
2009-11-09,9.06999969482422
2009-11-10,9.0
2009-11-11,8.90999984741211
2009-11-12,8.310000419616701
2009-11-13,7.300000190734862
2009-11-14,7.800000190734862
2009-11-15,7.610000133514402
2009-11-16,7.920000076293945
2009-11-17,8.359999656677246
2009-11-18,8.239999771118164
2009-11-19,8.220000267028809
2009-11-20,8.189999580383299
2009-11-21,8.180000305175781
2009-11-22,8.119999885559082
2009-11-23,8.100000381469728
2009-11-24,8.029999732971191
2009-11-25,8.010000228881836
2009-11-26,8.060000419616701
2009-11-27,8.069999694824219
2009-11-28,7.730000019073486
2009-11-29,7.829999923706055
2009-11-30,7.820000171661378
2009-12-01,7.670000076293945
2009-12-02,6.0
2009-12-03,5.300000190734863
2009-12-04,5.0
2009-12-05,4.800000190734863
2009-12-06,4.199999809265137
2009-12-07,3.5
2009-12-08,3.0
2009-12-09,3.400000095367432
2009-12-10,3.900000095367432
2009-12-11,4.0
2009-12-12,3.700000047683716
2009-12-13,3.400000095367432
2009-12-14,3.2000000476837163
2009-12-15,3.400000095367432
2009-12-16,3.5999999046325684
2009-12-17,4.0
2009-12-18,4.800000190734863
2009-12-19,5.400000095367432
2009-12-20,6.0
2009-12-21,6.300000190734862
2009-12-22,5.199999809265137
2009-12-23,4.599999904632568
2009-12-24,3.900000095367432
2009-12-25,3.700000047683716
2009-12-26,3.650000095367432
2009-12-27,3.799999952316284
2009-12-28,4.099999904632568
2009-12-29,4.400000095367432
2009-12-30,4.599999904632568
2009-12-31,4.650000095367432
2010-01-01,5.0
2010-01-02,5.400000095367432
2010-01-03,5.800000190734862
2010-01-04,5.820000171661378
2010-01-05,5.860000133514402
2010-01-06,5.400000095367432
2010-01-07,4.400000095367432
2010-01-08,3.299999952316284
2010-01-09,3.2000000476837163
2010-01-10,4.0
2010-01-11,5.0
2010-01-12,5.860000133514402
2010-01-13,6.039999961853027
2010-01-14,6.039999961853027
2010-01-15,6.079999923706055
2010-01-16,6.050000190734862
2010-01-17,5.829999923706055
2010-01-18,5.75
2010-01-19,5.730000019073486
2010-01-20,5.699999809265138
2010-01-21,5.599999904632568
2010-01-22,5.550000190734863
2010-01-23,5.46999979019165
2010-01-24,5.420000076293945
2010-01-25,5.380000114440918
2010-01-26,5.360000133514403
2010-01-27,5.389999866485597
2010-01-28,5.400000095367432
2010-01-29,5.599999904632568
2010-01-30,5.800000190734862
2010-01-31,5.829999923706055
2010-02-01,5.840000152587892
2010-02-02,5.840000152587892
2010-02-03,5.860000133514402
2010-02-04,5.829999923706055
2010-02-05,5.769999980926514
2010-02-06,5.800000190734862
2010-02-07,5.789999961853027
2010-02-08,5.730000019073486
2010-02-09,5.71999979019165
2010-02-10,5.679999828338622
2010-02-11,5.670000076293945
2010-02-12,5.71999979019165
2010-02-13,5.690000057220459
2010-02-14,5.639999866485598
2010-02-15,5.670000076293945
2010-02-16,5.639999866485598
2010-02-17,5.6599998474121085
2010-02-18,5.610000133514403
2010-02-19,5.46999979019165
2010-02-20,5.190000057220459
2010-02-21,4.949999809265137
2010-02-22,4.900000095367432
2010-02-23,5.0
2010-02-24,5.1599998474121085
2010-02-25,5.300000190734863
2010-02-26,5.380000114440918
2010-02-27,5.46999979019165
2010-02-28,5.46999979019165
2010-03-01,5.449999809265137
2010-03-02,5.510000228881836
2010-03-03,5.559999942779541
2010-03-04,5.619999885559082
2010-03-05,5.6599998474121085
2010-03-06,5.679999828338622
2010-03-07,5.699999809265138
2010-03-08,5.889999866485598
2010-03-09,5.880000114440918
2010-03-10,5.710000038146973
2010-03-11,5.639999866485598
2010-03-12,5.920000076293945
2010-03-13,5.869999885559082
2010-03-14,5.809999942779541
2010-03-15,5.849999904632568
2010-03-16,5.940000057220459
2010-03-17,6.119999885559082
2010-03-18,6.050000190734862
2010-03-19,5.96999979019165
2010-03-20,5.9000000953674325
2010-03-21,5.96999979019165
2010-03-22,6.050000190734862
2010-03-23,6.019999980926514
2010-03-24,6.019999980926514
2010-03-25,6.110000133514402
2010-03-26,6.190000057220459
2010-03-27,6.130000114440918
2010-03-28,6.230000019073486
2010-03-29,6.769999980926514
2010-03-30,6.820000171661378
2010-03-31,6.619999885559082
2010-04-01,6.550000190734862
2010-04-02,6.53000020980835
2010-04-03,6.510000228881836
2010-04-04,6.449999809265138
2010-04-05,6.4000000953674325
2010-04-06,6.440000057220459
2010-04-07,6.4000000953674325
2010-04-08,6.610000133514402
2010-04-09,6.5
2010-04-10,6.269999980926514
2010-04-11,6.4000000953674325
2010-04-12,6.369999885559082
2010-04-13,6.360000133514402
2010-04-14,6.4000000953674325
2010-04-15,6.460000038146973
2010-04-16,6.539999961853027
2010-04-17,6.769999980926514
2010-04-18,7.309999942779541
2010-04-19,8.079999923706055
2010-04-20,9.140000343322754
2010-04-21,11.699999809265135
2010-04-22,16.700000762939453
2010-04-23,21.100000381469727
2010-04-24,21.899999618530284
2010-04-25,20.89999961853028
2010-04-26,19.5
2010-04-27,18.700000762939453
2010-04-28,19.200000762939453
2010-04-29,19.200000762939453
2010-04-30,18.200000762939453
2010-05-01,17.600000381469727
2010-05-02,17.399999618530273
2010-05-03,17.299999237060547
2010-05-04,17.600000381469727
2010-05-05,17.100000381469727
2010-05-06,16.399999618530273
2010-05-07,15.899999618530273
2010-05-08,15.5
2010-05-09,15.199999809265135
2010-05-10,14.899999618530273
2010-05-11,14.699999809265135
2010-05-12,14.5
2010-05-13,14.699999809265135
2010-05-14,15.800000190734865
2010-05-15,17.700000762939453
2010-05-16,20.700000762939453
2010-05-17,27.20000076293945
2010-05-18,38.5
2010-05-19,56.4000015258789
2010-05-20,68.40000152587889
2010-05-21,64.19999694824219
2010-05-22,54.79999923706055
2010-05-23,47.5
2010-05-24,41.5
2010-05-25,38.0
2010-05-26,36.20000076293945
2010-05-27,38.79999923706055
2010-05-28,39.0
2010-05-29,38.0
2010-05-30,38.29999923706055
2010-05-31,37.79999923706055
2010-06-01,37.70000076293945
2010-06-02,38.70000076293945
2010-06-03,42.099998474121094
2010-06-04,47.099998474121094
2010-06-05,49.4000015258789
2010-06-06,50.5
2010-06-07,53.599998474121094
2010-06-08,58.099998474121094
2010-06-09,62.9000015258789
2010-06-10,65.90000152587889
2010-06-11,64.69999694824219
2010-06-12,60.70000076293945
2010-06-13,63.599998474121094
2010-06-14,77.9000015258789
2010-06-15,86.19999694824219
2010-06-16,84.4000015258789
2010-06-17,79.80000305175781
2010-06-18,75.0999984741211
2010-06-19,69.59999847412111
2010-06-20,69.59999847412111
2010-06-21,75.5
2010-06-22,81.80000305175781
2010-06-23,86.30000305175781
2010-06-24,90.1999969482422
2010-06-25,90.5999984741211
2010-06-26,86.9000015258789
2010-06-27,81.80000305175781
2010-06-28,76.69999694824219
2010-06-29,74.0999984741211
2010-06-30,73.0999984741211
2010-07-01,68.40000152587889
2010-07-02,62.599998474121094
2010-07-03,56.599998474121094
2010-07-04,51.099998474121094
2010-07-05,48.099998474121094
2010-07-06,45.20000076293945
2010-07-07,43.29999923706055
2010-07-08,41.79999923706055
2010-07-09,41.599998474121094
2010-07-10,43.0
2010-07-11,44.70000076293945
2010-07-12,45.20000076293945
2010-07-13,45.79999923706055
2010-07-14,43.20000076293945
2010-07-15,38.099998474121094
2010-07-16,36.20000076293945
2010-07-17,35.0
2010-07-18,34.0
2010-07-19,32.5
2010-07-20,31.5
2010-07-21,31.0
2010-07-22,32.0
2010-07-23,33.5
2010-07-24,32.0
2010-07-25,31.0
2010-07-26,29.5
2010-07-27,28.0
2010-07-28,27.0
2010-07-29,26.0
2010-07-30,25.0
2010-07-31,24.0
2010-08-01,25.0
2010-08-02,25.5
2010-08-03,24.5
2010-08-04,24.0
2010-08-05,23.5
2010-08-06,23.0
2010-08-07,24.5
2010-08-08,24.0
2010-08-09,23.0
2010-08-10,22.5
2010-08-11,22.0
2010-08-12,21.5
2010-08-13,22.0
2010-08-14,24.0
2010-08-15,23.0
2010-08-16,22.0
2010-08-17,21.0
2010-08-18,20.0
2010-08-19,19.0
2010-08-20,18.0
2010-08-21,17.5
2010-08-22,17.299999237060547
2010-08-23,17.0
2010-08-24,16.5
2010-08-25,16.0
2010-08-26,15.5
2010-08-27,15.0
2010-08-28,15.300000190734865
2010-08-29,15.5
2010-08-30,15.300000190734865
2010-08-31,15.0
2010-09-01,14.699999809265135
2010-09-02,14.100000381469727
2010-09-03,13.5
2010-09-04,13.100000381469727
2010-09-05,13.800000190734865
2010-09-06,14.5
2010-09-07,14.399999618530273
2010-09-08,14.899999618530273
2010-09-09,15.5
2010-09-10,15.899999618530273
2010-09-11,16.200000762939453
2010-09-12,16.200000762939453
2010-09-13,16.100000381469727
2010-09-14,16.5
2010-09-15,17.799999237060547
2010-09-16,19.200000762939453
2010-09-17,22.200000762939453
2010-09-18,24.29999923706055
2010-09-19,24.79999923706055
2010-09-20,28.10000038146973
2010-09-21,34.400001525878906
2010-09-22,35.900001525878906
2010-09-23,34.299999237060554
2010-09-24,32.200000762939446
2010-09-25,29.899999618530284
2010-09-26,27.899999618530284
2010-09-27,27.29999923706055
2010-09-28,27.60000038146973
2010-09-29,28.70000076293945
2010-09-30,29.10000038146973
2010-10-01,27.29999923706055
2010-10-02,25.5
2010-10-03,24.10000038146973
2010-10-04,23.20000076293945
2010-10-05,22.0
2010-10-06,21.200000762939453
2010-10-07,20.39999961853028
2010-10-08,19.600000381469727
2010-10-09,18.89999961853028
2010-10-10,18.200000762939453
2010-10-11,17.899999618530273
2010-10-12,17.799999237060547
2010-10-13,17.399999618530273
2010-10-14,16.899999618530273
2010-10-15,16.299999237060547
2010-10-16,16.0
2010-10-17,15.699999809265135
2010-10-18,15.300000190734865
2010-10-19,14.800000190734865
2010-10-20,14.5
2010-10-21,14.100000381469727
2010-10-22,13.800000190734865
2010-10-23,13.5
2010-10-24,13.399999618530273
2010-10-25,13.300000190734865
2010-10-26,13.0
2010-10-27,12.699999809265135
2010-10-28,12.5
2010-10-29,12.399999618530273
2010-10-30,12.100000381469727
2010-10-31,11.899999618530273
2010-11-01,11.699999809265135
2010-11-02,11.699999809265135
2010-11-03,11.399999618530273
2010-11-04,11.199999809265137
2010-11-05,11.0
2010-11-06,10.899999618530273
2010-11-07,11.199999809265137
2010-11-08,11.100000381469727
2010-11-09,11.100000381469727
2010-11-10,10.899999618530273
2010-11-11,10.300000190734863
2010-11-12,10.199999809265137
2010-11-13,9.970000267028807
2010-11-14,9.960000038146973
2010-11-15,9.920000076293944
2010-11-16,10.0
2010-11-17,9.869999885559082
2010-11-18,9.449999809265137
2010-11-19,9.0
2010-11-20,7.0
2010-11-21,5.0
2010-11-22,4.0
2010-11-23,3.5
2010-11-24,3.2000000476837163
2010-11-25,3.5
2010-11-26,4.5
2010-11-27,6.0
2010-11-28,7.0
2010-11-29,7.5
2010-11-30,7.449999809265138
2010-12-01,7.099999904632568
2010-12-02,7.800000190734862
2010-12-03,8.529999732971191
2010-12-04,8.5
2010-12-05,8.0
2010-12-06,6.300000190734862
2010-12-07,7.0
2010-12-08,7.730000019073486
2010-12-09,8.25
2010-12-10,8.300000190734862
2010-12-11,8.25
2010-12-12,8.0
2010-12-13,7.800000190734862
2010-12-14,8.0
2010-12-15,8.680000305175781
2010-12-16,7.8400001525878915
2010-12-17,7.0
2010-12-18,5.800000190734862
2010-12-19,4.400000095367432
2010-12-20,4.599999904632568
2010-12-21,5.0
2010-12-22,5.300000190734863
2010-12-23,5.599999904632568
2010-12-24,5.800000190734862
2010-12-25,6.0
2010-12-26,6.5
2010-12-27,7.0
2010-12-28,7.5
2010-12-29,7.329999923706055
2010-12-30,6.5
2010-12-31,5.0
2011-01-01,4.599999904632568
2011-01-02,4.760000228881836
2011-01-03,4.840000152587892
2011-01-04,5.050000190734863
2011-01-05,5.539999961853027
2011-01-06,6.510000228881836
2011-01-07,7.010000228881836
2011-01-08,7.079999923706055
2011-01-09,6.860000133514402
2011-01-10,6.170000076293945
2011-01-11,5.670000076293945
2011-01-12,6.090000152587892
2011-01-13,6.389999866485598
2011-01-14,6.599999904632568
2011-01-15,6.739999771118164
2011-01-16,6.809999942779541
2011-01-17,7.019999980926514
2011-01-18,7.039999961853027
2011-01-19,6.309999942779541
2011-01-20,6.079999923706055
2011-01-21,6.110000133514402
2011-01-22,6.03000020980835
2011-01-23,6.420000076293945
2011-01-24,6.119999885559082
2011-01-25,6.570000171661378
2011-01-26,6.670000076293945
2011-01-27,6.699999809265138
2011-01-28,6.690000057220459
2011-01-29,6.679999828338622
2011-01-30,6.289999961853027
2011-01-31,5.519999980926514
2011-02-01,4.869999885559082
2011-02-02,5.050000190734863
2011-02-03,5.110000133514403
2011-02-04,5.460000038146973
2011-02-05,5.699999809265138
2011-02-06,5.789999961853027
2011-02-07,5.679999828338622
2011-02-08,5.389999866485597
2011-02-09,5.1599998474121085
2011-02-10,5.329999923706055
2011-02-11,5.710000038146973
2011-02-12,5.929999828338622
2011-02-13,5.989999771118164
2011-02-14,5.96999979019165
2011-02-15,6.059999942779541
2011-02-16,6.039999961853027
2011-02-17,5.800000190734862
2011-02-18,5.329999923706055
2011-02-19,5.139999866485597
2011-02-20,5.309999942779541
2011-02-21,5.480000019073486
2011-02-22,5.389999866485597
2011-02-23,5.230000019073486
2011-02-24,5.059999942779541
2011-02-25,4.690000057220459
2011-02-26,4.769999980926514
2011-02-27,5.050000190734863
2011-02-28,5.179999828338623
2011-03-01,4.510000228881836
2011-03-02,4.679999828338623
2011-03-03,5.0
2011-03-04,5.230000019073486
2011-03-05,5.1599998474121085
2011-03-06,4.679999828338623
2011-03-07,4.550000190734863
2011-03-08,5.239999771118164
2011-03-09,5.309999942779541
2011-03-10,5.460000038146973
2011-03-11,5.460000038146973
2011-03-12,5.389999866485597
2011-03-13,5.460000038146973
2011-03-14,5.550000190734863
2011-03-15,5.590000152587892
2011-03-16,5.599999904632568
2011-03-17,5.550000190734863
2011-03-18,5.480000019073486
2011-03-19,5.579999923706055
2011-03-20,5.6500000953674325
2011-03-21,5.639999866485598
2011-03-22,5.630000114440918
2011-03-23,5.710000038146973
2011-03-24,5.6599998474121085
2011-03-25,5.730000019073486
2011-03-26,5.690000057220459
2011-03-27,5.6500000953674325
2011-03-28,5.699999809265138
2011-03-29,5.75
2011-03-30,5.860000133514402
2011-03-31,6.230000019073486
2011-04-01,6.53000020980835
2011-04-02,6.639999866485598
2011-04-03,6.309999942779541
2011-04-04,6.210000038146973
2011-04-05,6.199999809265138
2011-04-06,6.090000152587892
2011-04-07,6.010000228881836
2011-04-08,5.9000000953674325
2011-04-09,5.869999885559082
2011-04-10,6.03000020980835
2011-04-11,6.489999771118164
2011-04-12,6.739999771118164
2011-04-13,6.75
2011-04-14,6.9000000953674325
2011-04-15,6.789999961853027
2011-04-16,6.800000190734862
2011-04-17,6.75
2011-04-18,6.440000057220459
2011-04-19,6.269999980926514
2011-04-20,6.230000019073486
2011-04-21,6.239999771118164
2011-04-22,6.300000190734862
2011-04-23,6.6500000953674325
2011-04-24,7.21999979019165
2011-04-25,7.920000076293945
2011-04-26,8.420000076293945
2011-04-27,9.0
2011-04-28,9.600000381469727
2011-04-29,9.739999771118164
2011-04-30,9.479999542236328
2011-05-01,9.5
2011-05-02,9.8100004196167
2011-05-03,10.600000381469727
2011-05-04,11.199999809265137
2011-05-05,12.100000381469727
2011-05-06,13.5
2011-05-07,14.399999618530273
2011-05-08,15.399999618530273
2011-05-09,16.799999237060547
2011-05-10,19.600000381469727
2011-05-11,25.10000038146973
2011-05-12,33.700000762939446
2011-05-13,42.400001525878906
2011-05-14,48.5
2011-05-15,55.70000076293945
2011-05-16,55.599998474121094
2011-05-17,51.29999923706055
2011-05-18,48.20000076293945
2011-05-19,48.599998474121094
2011-05-20,50.9000015258789
2011-05-21,52.70000076293945
2011-05-22,58.9000015258789
2011-05-23,68.59999847412111
2011-05-24,78.4000015258789
2011-05-25,83.80000305175781
2011-05-26,91.9000015258789
2011-05-27,102.0
2011-05-28,95.4000015258789
2011-05-29,86.5
2011-05-30,80.30000305175781
2011-05-31,76.19999694824219
2011-06-01,76.19999694824219
2011-06-02,81.0999984741211
2011-06-03,85.80000305175781
2011-06-04,93.8000030517578
2011-06-05,110.0
2011-06-06,130.0
2011-06-07,145.0
2011-06-08,150.0
2011-06-09,141.0
2011-06-10,128.0
2011-06-11,133.0
2011-06-12,136.0
2011-06-13,135.0
2011-06-14,130.0
2011-06-15,132.0
2011-06-16,131.0
2011-06-17,125.0
2011-06-18,123.0
2011-06-19,128.0
2011-06-20,137.0
2011-06-21,149.0
2011-06-22,155.0
2011-06-23,155.0
2011-06-24,150.0
2011-06-25,134.0
2011-06-26,114.0
2011-06-27,98.8000030517578
2011-06-28,95.9000015258789
2011-06-29,106.0
2011-06-30,129.0
2011-07-01,128.0
2011-07-02,108.0
2011-07-03,96.3000030517578
2011-07-04,92.4000015258789
2011-07-05,89.19999694824219
2011-07-06,85.9000015258789
2011-07-07,84.5999984741211
2011-07-08,84.69999694824219
2011-07-09,81.19999694824219
2011-07-10,71.0999984741211
2011-07-11,63.9000015258789
2011-07-12,61.5
2011-07-13,63.0
2011-07-14,66.0
2011-07-15,64.0
2011-07-16,57.9000015258789
2011-07-17,53.0
2011-07-18,51.29999923706055
2011-07-19,52.099998474121094
2011-07-20,53.70000076293945
2011-07-21,52.599998474121094
2011-07-22,49.599998474121094
2011-07-23,46.099998474121094
2011-07-24,42.20000076293945
2011-07-25,39.400001525878906
2011-07-26,38.79999923706055
2011-07-27,38.79999923706055
2011-07-28,38.79999923706055
2011-07-29,37.70000076293945
2011-07-30,36.599998474121094
2011-07-31,35.599998474121094
2011-08-01,35.20000076293945
2011-08-02,35.20000076293945
2011-08-03,34.200000762939446
2011-08-04,32.5
2011-08-05,30.899999618530284
2011-08-06,29.899999618530284
2011-08-07,29.20000076293945
2011-08-08,28.399999618530284
2011-08-09,27.79999923706055
2011-08-10,26.79999923706055
2011-08-11,26.5
2011-08-12,26.5
2011-08-13,25.60000038146973
2011-08-14,24.899999618530284
2011-08-15,24.60000038146973
2011-08-16,24.5
2011-08-17,23.29999923706055
2011-08-18,21.899999618530284
2011-08-19,21.100000381469727
2011-08-20,20.39999961853028
2011-08-21,19.600000381469727
2011-08-22,19.0
2011-08-23,18.89999961853028
2011-08-24,19.200000762939453
2011-08-25,19.100000381469727
2011-08-26,19.100000381469727
2011-08-27,18.799999237060547
2011-08-28,18.39999961853028
2011-08-29,18.200000762939453
2011-08-30,17.899999618530273
2011-08-31,18.799999237060547
2011-09-01,20.5
2011-09-02,19.700000762939453
2011-09-03,18.700000762939453
2011-09-04,17.799999237060547
2011-09-05,17.0
2011-09-06,16.299999237060547
2011-09-07,15.899999618530273
2011-09-08,15.5
2011-09-09,15.199999809265135
2011-09-10,15.0
2011-09-11,14.899999618530273
2011-09-12,14.699999809265135
2011-09-13,14.600000381469727
2011-09-14,14.899999618530273
2011-09-15,14.800000190734865
2011-09-16,14.699999809265135
2011-09-17,14.399999618530273
2011-09-18,14.399999618530273
2011-09-19,14.399999618530273
2011-09-20,14.199999809265135
2011-09-21,13.800000190734865
2011-09-22,13.300000190734865
2011-09-23,12.800000190734865
2011-09-24,12.300000190734865
2011-09-25,12.399999618530273
2011-09-26,12.699999809265135
2011-09-27,13.100000381469727
2011-09-28,13.300000190734865
2011-09-29,13.199999809265135
2011-09-30,13.0
2011-10-01,12.899999618530273
2011-10-02,12.600000381469727
2011-10-03,12.300000190734865
2011-10-04,12.199999809265135
2011-10-05,12.199999809265135
2011-10-06,14.199999809265135
2011-10-07,15.600000381469727
2011-10-08,15.899999618530273
2011-10-09,15.100000381469727
2011-10-10,14.5
2011-10-11,14.199999809265135
2011-10-12,14.100000381469727
2011-10-13,13.699999809265135
2011-10-14,13.399999618530273
2011-10-15,13.100000381469727
2011-10-16,12.699999809265135
2011-10-17,12.399999618530273
2011-10-18,12.100000381469727
2011-10-19,11.899999618530273
2011-10-20,11.699999809265135
2011-10-21,11.600000381469727
2011-10-22,11.399999618530273
2011-10-23,11.300000190734865
2011-10-24,11.199999809265137
2011-10-25,11.100000381469727
2011-10-26,10.800000190734863
2011-10-27,10.600000381469727
2011-10-28,10.399999618530273
2011-10-29,10.300000190734863
2011-10-30,10.100000381469727
2011-10-31,10.100000381469727
2011-11-01,9.920000076293944
2011-11-02,9.65999984741211
2011-11-03,9.529999732971193
2011-11-04,9.489999771118164
2011-11-05,9.300000190734863
2011-11-06,8.609999656677246
2011-11-07,8.180000305175781
2011-11-08,8.510000228881836
2011-11-09,8.310000419616701
2011-11-10,8.8100004196167
2011-11-11,8.819999694824219
2011-11-12,8.800000190734863
2011-11-13,8.689999580383299
2011-11-14,8.649999618530272
2011-11-15,7.460000038146973
2011-11-16,6.739999771118164
2011-11-17,6.809999942779541
2011-11-18,7.03000020980835
2011-11-19,6.71999979019165
2011-11-20,6.769999980926514
2011-11-21,6.989999771118164
2011-11-22,7.170000076293945
2011-11-23,8.9399995803833
2011-11-24,9.880000114440918
2011-11-25,9.170000076293944
2011-11-26,8.590000152587889
2011-11-27,8.979999542236328
2011-11-28,9.020000457763672
2011-11-29,8.75
2011-11-30,8.670000076293945
2011-12-01,8.210000038146973
2011-12-02,8.399999618530272
2011-12-03,7.679999828338622
2011-12-04,7.400000095367432
2011-12-05,7.079999923706055
2011-12-06,7.190000057220459
2011-12-07,7.010000228881836
2011-12-08,6.860000133514402
2011-12-09,6.590000152587892
2011-12-10,6.4000000953674325
2011-12-11,6.4000000953674325
2011-12-12,6.429999828338622
2011-12-13,6.480000019073486
2011-12-14,6.6599998474121085
2011-12-15,6.9099998474121085
2011-12-16,7.070000171661378
2011-12-17,7.309999942779541
2011-12-18,7.369999885559082
2011-12-19,7.260000228881836
2011-12-20,7.25
2011-12-21,6.849999904632568
2011-12-22,6.710000038146973
2011-12-23,6.53000020980835
2011-12-24,6.619999885559082
2011-12-25,6.769999980926514
2011-12-26,6.940000057220459
2011-12-27,6.96999979019165
2011-12-28,7.099999904632568
2011-12-29,7.28000020980835
2011-12-30,7.179999828338622
2011-12-31,6.9099998474121085
2012-01-01,6.360000133514402
2012-01-02,6.329999923706055
2012-01-03,6.440000057220459
2012-01-04,6.769999980926514
2012-01-05,7.239999771118164
2012-01-06,6.869999885559082
2012-01-07,6.519999980926514
2012-01-08,6.710000038146973
2012-01-09,6.820000171661378
2012-01-10,6.739999771118164
2012-01-11,5.920000076293945
2012-01-12,5.070000171661377
2012-01-13,5.21999979019165
2012-01-14,5.9000000953674325
2012-01-15,5.869999885559082
2012-01-16,5.53000020980835
2012-01-17,4.130000114440918
2012-01-18,3.259999990463257
2012-01-19,3.619999885559082
2012-01-20,4.389999866485597
2012-01-21,5.940000057220459
2012-01-22,6.4099998474121085
2012-01-23,5.380000114440918
2012-01-24,5.760000228881836
2012-01-25,6.190000057220459
2012-01-26,5.300000190734863
2012-01-27,5.6599998474121085
2012-01-28,5.570000171661377
2012-01-29,6.190000057220459
2012-01-30,6.4099998474121085
2012-01-31,6.360000133514402
2012-02-01,6.28000020980835
2012-02-02,6.25
2012-02-03,5.860000133514402
2012-02-04,5.369999885559082
2012-02-05,5.300000190734863
2012-02-06,5.449999809265137
2012-02-07,5.420000076293945
2012-02-08,5.420000076293945
2012-02-09,5.619999885559082
2012-02-10,5.710000038146973
2012-02-11,5.679999828338622
2012-02-12,5.71999979019165
2012-02-13,5.760000228881836
2012-02-14,5.570000171661377
2012-02-15,5.210000038146973
2012-02-16,5.210000038146973
2012-02-17,5.559999942779541
2012-02-18,5.559999942779541
2012-02-19,5.550000190734863
2012-02-20,5.550000190734863
2012-02-21,5.550000190734863
2012-02-22,5.570000171661377
2012-02-23,5.289999961853027
2012-02-24,5.1599998474121085
2012-02-25,5.269999980926514
2012-02-26,5.039999961853027
2012-02-27,4.730000019073486
2012-02-28,4.809999942779541
2012-02-29,4.96999979019165
2012-03-01,4.929999828338623
2012-03-02,4.929999828338623
2012-03-03,5.5
2012-03-04,5.550000190734863
2012-03-05,5.78000020980835
2012-03-06,5.739999771118164
2012-03-07,5.489999771118164
2012-03-08,5.510000228881836
2012-03-09,5.710000038146973
2012-03-10,5.949999809265138
2012-03-11,6.139999866485598
2012-03-12,6.079999923706055
2012-03-13,6.1599998474121085
2012-03-14,5.889999866485598
2012-03-15,6.070000171661378
2012-03-16,6.960000038146973
2012-03-17,6.550000190734862
2012-03-18,6.239999771118164
2012-03-19,6.019999980926514
2012-03-20,5.929999828338622
2012-03-21,5.869999885559082
2012-03-22,5.880000114440918
2012-03-23,5.78000020980835
2012-03-24,5.690000057220459
2012-03-25,5.619999885559082
2012-03-26,5.860000133514402
2012-03-27,6.019999980926514
2012-03-28,6.28000020980835
2012-03-29,6.550000190734862
2012-03-30,7.539999961853027
2012-03-31,7.670000076293945
2012-04-01,7.630000114440918
2012-04-02,7.570000171661378
2012-04-03,7.460000038146973
2012-04-04,7.460000038146973
2012-04-05,7.260000228881836
2012-04-06,7.079999923706055
2012-04-07,7.010000228881836
2012-04-08,7.0
2012-04-09,7.260000228881836
2012-04-10,7.769999980926514
2012-04-11,8.640000343322754
2012-04-12,9.739999771118164
2012-04-13,10.600000381469727
2012-04-14,11.399999618530273
2012-04-15,11.399999618530273
2012-04-16,11.100000381469727
2012-04-17,11.399999618530273
2012-04-18,12.300000190734865
2012-04-19,12.899999618530273
2012-04-20,14.199999809265135
2012-04-21,15.600000381469727
2012-04-22,17.799999237060547
2012-04-23,23.5
2012-04-24,37.70000076293945
2012-04-25,52.5
2012-04-26,61.599998474121094
2012-04-27,64.09999847412111
2012-04-28,61.599998474121094
2012-04-29,59.5
2012-04-30,58.20000076293945
2012-05-01,56.79999923706055
2012-05-02,54.9000015258789
2012-05-03,50.9000015258789
2012-05-04,47.29999923706055
2012-05-05,45.4000015258789
2012-05-06,43.5
2012-05-07,41.79999923706055
2012-05-08,42.70000076293945
2012-05-09,51.5
2012-05-10,60.0
2012-05-11,58.099998474121094
2012-05-12,53.79999923706055
2012-05-13,54.20000076293945
2012-05-14,62.4000015258789
2012-05-15,77.19999694824219
2012-05-16,99.6999969482422
2012-05-17,114.0
2012-05-18,111.0
2012-05-19,97.9000015258789
2012-05-20,86.5
2012-05-21,80.19999694824219
2012-05-22,82.69999694824219
2012-05-23,92.0
2012-05-24,95.6999969482422
2012-05-25,90.9000015258789
2012-05-26,83.0999984741211
2012-05-27,75.0
2012-05-28,69.19999694824219
2012-05-29,67.40000152587889
2012-05-30,69.59999847412111
2012-05-31,72.0999984741211
2012-06-01,76.5
2012-06-02,91.5999984741211
2012-06-03,116.0
2012-06-04,121.0
2012-06-05,135.0
2012-06-06,186.0
2012-06-07,214.0
2012-06-08,182.0
2012-06-09,154.0
2012-06-10,136.0
2012-06-11,123.0
2012-06-12,123.0
2012-06-13,132.0
2012-06-14,137.0
2012-06-15,137.0
2012-06-16,131.0
2012-06-17,135.0
2012-06-18,151.0
2012-06-19,148.0
2012-06-20,140.0
2012-06-21,136.0
2012-06-22,136.0
2012-06-23,145.0
2012-06-24,174.0
2012-06-25,182.0
2012-06-26,177.0
2012-06-27,179.0
2012-06-28,165.0
2012-06-29,152.0
2012-06-30,144.0
2012-07-01,141.0
2012-07-02,141.0
2012-07-03,137.0
2012-07-04,128.0
2012-07-05,115.0
2012-07-06,107.0
2012-07-07,103.0
2012-07-08,102.0
2012-07-09,104.0
2012-07-10,105.0
2012-07-11,103.0
2012-07-12,101.0
2012-07-13,99.4000015258789
2012-07-14,98.1999969482422
2012-07-15,95.9000015258789
2012-07-16,102.0
2012-07-17,96.0
2012-07-18,91.5999984741211
2012-07-19,87.0999984741211
2012-07-20,83.5
2012-07-21,82.9000015258789
2012-07-22,80.19999694824219
2012-07-23,75.80000305175781
2012-07-24,70.69999694824219
2012-07-25,64.80000305175781
2012-07-26,61.4000015258789
2012-07-27,57.9000015258789
2012-07-28,55.20000076293945
2012-07-29,52.9000015258789
2012-07-30,50.79999923706055
2012-07-31,48.599998474121094
2012-08-01,46.599998474121094
2012-08-02,45.29999923706055
2012-08-03,45.0
2012-08-04,42.79999923706055
2012-08-05,40.29999923706055
2012-08-06,39.20000076293945
2012-08-07,39.20000076293945
2012-08-08,39.099998474121094
2012-08-09,38.400001525878906
2012-08-10,37.20000076293945
2012-08-11,36.20000076293945
2012-08-12,34.900001525878906
2012-08-13,33.299999237060554
2012-08-14,32.09999847412109
2012-08-15,32.400001525878906
2012-08-16,31.399999618530284
2012-08-17,30.10000038146973
2012-08-18,28.60000038146973
2012-08-19,27.60000038146973
2012-08-20,27.10000038146973
2012-08-21,27.20000076293945
2012-08-22,27.20000076293945
2012-08-23,26.29999923706055
2012-08-24,26.79999923706055
2012-08-25,26.399999618530284
2012-08-26,24.899999618530284
2012-08-27,23.399999618530284
2012-08-28,22.200000762939453
2012-08-29,21.700000762939453
2012-08-30,21.700000762939453
2012-08-31,21.200000762939453
2012-09-01,20.39999961853028
2012-09-02,19.89999961853028
2012-09-03,19.299999237060547
2012-09-04,18.799999237060547
2012-09-05,18.39999961853028
2012-09-06,18.100000381469727
2012-09-07,17.5
2012-09-08,17.100000381469727
2012-09-09,16.700000762939453
2012-09-10,17.0
2012-09-11,17.399999618530273
2012-09-12,17.200000762939453
2012-09-13,16.600000381469727
2012-09-14,16.0
2012-09-15,15.5
2012-09-16,15.199999809265135
2012-09-17,14.899999618530273
2012-09-18,14.600000381469727
2012-09-19,14.300000190734865
2012-09-20,14.0
2012-09-21,13.800000190734865
2012-09-22,13.699999809265135
2012-09-23,13.600000381469727
2012-09-24,13.699999809265135
2012-09-25,13.699999809265135
2012-09-26,14.100000381469727
2012-09-27,14.100000381469727
2012-09-28,13.800000190734865
2012-09-29,13.5
2012-09-30,13.199999809265135
2012-10-01,13.199999809265135
2012-10-02,13.0
2012-10-03,13.0
2012-10-04,13.100000381469727
2012-10-05,12.899999618530273
2012-10-06,12.600000381469727
2012-10-07,12.399999618530273
2012-10-08,12.399999618530273
2012-10-09,12.399999618530273
2012-10-10,12.100000381469727
2012-10-11,11.899999618530273
2012-10-12,11.699999809265135
2012-10-13,11.399999618530273
2012-10-14,11.199999809265137
2012-10-15,11.300000190734865
2012-10-16,11.899999618530273
2012-10-17,12.600000381469727
2012-10-18,12.300000190734865
2012-10-19,12.5
2012-10-20,14.5
2012-10-21,13.300000190734865
2012-10-22,12.800000190734865
2012-10-23,12.399999618530273
2012-10-24,12.0
2012-10-25,11.699999809265135
2012-10-26,11.399999618530273
2012-10-27,11.199999809265137
2012-10-28,11.100000381469727
2012-10-29,11.100000381469727
2012-10-30,11.600000381469727
2012-10-31,12.399999618530273
2012-11-01,12.699999809265135
2012-11-02,12.5
2012-11-03,12.300000190734865
2012-11-04,12.300000190734865
2012-11-05,12.600000381469727
2012-11-06,13.0
2012-11-07,13.5
2012-11-08,13.5
2012-11-09,13.199999809265135
2012-11-10,12.199999809265135
2012-11-11,11.300000190734865
2012-11-12,11.199999809265137
2012-11-13,11.5
2012-11-14,11.399999618530273
2012-11-15,11.199999809265137
2012-11-16,11.199999809265137
2012-11-17,11.199999809265137
2012-11-18,11.100000381469727
2012-11-19,11.199999809265137
2012-11-20,12.100000381469727
2012-11-21,12.100000381469727
2012-11-22,11.600000381469727
2012-11-23,11.300000190734865
2012-11-24,11.199999809265137
2012-11-25,10.899999618530273
2012-11-26,10.399999618530273
2012-11-27,10.100000381469727
2012-11-28,9.949999809265137
2012-11-29,9.970000267028807
2012-11-30,10.300000190734863
2012-12-01,10.399999618530273
2012-12-02,10.5
2012-12-03,10.300000190734863
2012-12-04,10.199999809265137
2012-12-05,10.899999618530273
2012-12-06,10.399999618530273
2012-12-07,10.0
2012-12-08,9.4399995803833
2012-12-09,8.489999771118164
2012-12-10,8.489999771118164
2012-12-11,8.670000076293945
2012-12-12,8.9399995803833
2012-12-13,8.689999580383299
2012-12-14,8.539999961853027
2012-12-15,7.929999828338622
2012-12-16,7.940000057220459
2012-12-17,8.449999809265138
2012-12-18,8.510000228881836
2012-12-19,7.739999771118164
2012-12-20,8.010000228881836
2012-12-21,8.510000228881836
2012-12-22,8.489999771118164
2012-12-23,8.470000267028809
2012-12-24,7.789999961853027
2012-12-25,7.010000228881836
2012-12-26,6.889999866485598
2012-12-27,7.320000171661378
2012-12-28,7.320000171661378
2012-12-29,7.78000020980835
2012-12-30,7.3400001525878915
2012-12-31,7.309999942779541
2013-01-01,7.46999979019165
2013-01-02,7.579999923706055
2013-01-03,7.550000190734862
2013-01-04,7.239999771118164
2013-01-05,7.309999942779541
2013-01-06,7.570000171661378
2013-01-07,7.570000171661378
2013-01-08,7.550000190734862
2013-01-09,7.699999809265138
2013-01-10,7.690000057220459
2013-01-11,7.28000020980835
2013-01-12,6.860000133514402
2013-01-13,6.460000038146973
2013-01-14,6.539999961853027
2013-01-15,6.619999885559082
2013-01-16,6.550000190734862
2013-01-17,6.630000114440918
2013-01-18,6.570000171661378
2013-01-19,6.570000171661378
2013-01-20,6.550000190734862
2013-01-21,6.360000133514402
2013-01-22,6.309999942779541
2013-01-23,6.320000171661378
2013-01-24,6.539999961853027
2013-01-25,6.6500000953674325
2013-01-26,6.6500000953674325
2013-01-27,6.579999923706055
2013-01-28,6.579999923706055
2013-01-29,6.380000114440918
2013-01-30,6.289999961853027
2013-01-31,6.550000190734862
2013-02-01,6.480000019073486
2013-02-02,6.460000038146973
2013-02-03,6.429999828338622
2013-02-04,6.550000190734862
2013-02-05,6.519999980926514
2013-02-06,6.460000038146973
2013-02-07,6.46999979019165
2013-02-08,6.429999828338622
2013-02-09,5.96999979019165
2013-02-10,5.809999942779541
2013-02-11,5.78000020980835
2013-02-12,6.1500000953674325
2013-02-13,6.1599998474121085
2013-02-14,5.75
2013-02-15,5.550000190734863
2013-02-16,6.03000020980835
2013-02-17,6.019999980926514
2013-02-18,6.090000152587892
2013-02-19,5.820000171661378
2013-02-20,5.789999961853027
2013-02-21,5.610000133514403
2013-02-22,5.739999771118164
2013-02-23,5.889999866485598
2013-02-24,5.480000019073486
2013-02-25,5.75
2013-02-26,5.6500000953674325
2013-02-27,5.849999904632568
2013-02-28,5.78000020980835
2013-03-01,6.03000020980835
2013-03-02,6.4099998474121085
2013-03-03,6.6599998474121085
2013-03-04,6.25
2013-03-05,5.829999923706055
2013-03-06,6.25
2013-03-07,6.1599998474121085
2013-03-08,6.039999961853027
2013-03-09,5.639999866485598
2013-03-10,5.820000171661378
2013-03-11,6.03000020980835
2013-03-12,5.9099998474121085
2013-03-13,6.230000019073486
2013-03-14,6.920000076293945
2013-03-15,7.5
2013-03-16,7.559999942779541
2013-03-17,7.46999979019165
2013-03-18,6.869999885559082
2013-03-19,6.75
2013-03-20,6.980000019073486
2013-03-21,6.96999979019165
2013-03-22,6.940000057220459
2013-03-23,6.570000171661378
2013-03-24,6.110000133514402
2013-03-25,6.300000190734862
2013-03-26,6.590000152587892
2013-03-27,6.920000076293945
2013-03-28,6.989999771118164
2013-03-29,7.28000020980835
2013-03-30,7.760000228881836
2013-03-31,8.460000038146973
2013-04-01,9.279999732971193
2013-04-02,10.399999618530273
2013-04-03,11.699999809265135
2013-04-04,12.699999809265135
2013-04-05,13.800000190734865
2013-04-06,15.5
2013-04-07,16.299999237060547
2013-04-08,16.0
2013-04-09,15.399999618530273
2013-04-10,15.399999618530273
2013-04-11,15.300000190734865
2013-04-12,15.199999809265135
2013-04-13,15.699999809265135
2013-04-14,15.199999809265135
2013-04-15,14.699999809265135
2013-04-16,14.300000190734865
2013-04-17,13.899999618530273
2013-04-18,14.0
2013-04-19,14.100000381469727
2013-04-20,14.399999618530273
2013-04-21,14.699999809265135
2013-04-22,14.199999809265135
2013-04-23,14.199999809265135
2013-04-24,14.199999809265135
2013-04-25,14.399999618530273
2013-04-26,15.0
2013-04-27,16.5
2013-04-28,18.200000762939453
2013-04-29,20.5
2013-04-30,21.39999961853028
2013-05-01,21.200000762939453
2013-05-02,20.89999961853028
2013-05-03,21.200000762939453
2013-05-04,21.899999618530284
2013-05-05,24.0
2013-05-06,30.899999618530284
2013-05-07,46.4000015258789
2013-05-08,63.099998474121094
2013-05-09,75.9000015258789
2013-05-10,86.9000015258789
2013-05-11,96.0
2013-05-12,107.0
2013-05-13,130.0
2013-05-14,148.0
2013-05-15,142.0
2013-05-16,123.0
2013-05-17,108.0
2013-05-18,101.0
2013-05-19,98.0999984741211
2013-05-20,96.4000015258789
2013-05-21,98.3000030517578
2013-05-22,104.0
2013-05-23,131.0
2013-05-24,140.0
2013-05-25,126.0
2013-05-26,111.0
2013-05-27,101.0
2013-05-28,97.0
2013-05-29,98.5999984741211
2013-05-30,105.0
2013-05-31,109.0
2013-06-01,111.0
2013-06-02,108.0
2013-06-03,104.0
2013-06-04,100.0
2013-06-05,99.8000030517578
2013-06-06,107.0
2013-06-07,122.0
2013-06-08,137.0
2013-06-09,135.0
2013-06-10,126.0
2013-06-11,118.0
2013-06-12,112.0
2013-06-13,110.0
2013-06-14,105.0
2013-06-15,98.0999984741211
2013-06-16,93.9000015258789
2013-06-17,94.0
2013-06-18,98.8000030517578
2013-06-19,105.0
2013-06-20,278.0
2013-06-21,627.0
2013-06-22,386.0
2013-06-23,264.0
2013-06-24,205.0
2013-06-25,178.0
2013-06-26,166.0
2013-06-27,152.0
2013-06-28,131.0
2013-06-29,122.0
2013-06-30,117.0
2013-07-01,112.0
2013-07-02,112.0
2013-07-03,116.0
2013-07-04,112.0
2013-07-05,101.0
2013-07-06,90.6999969482422
2013-07-07,78.69999694824219
2013-07-08,72.0
2013-07-09,70.5999984741211
2013-07-10,66.59999847412111
2013-07-11,63.4000015258789
2013-07-12,60.0
2013-07-13,55.29999923706055
2013-07-14,52.599998474121094
2013-07-15,46.29999923706055
2013-07-16,43.900001525878906
2013-07-17,40.29999923706055
2013-07-18,40.099998474121094
2013-07-19,39.599998474121094
2013-07-20,39.29999923706055
2013-07-21,39.0
2013-07-22,38.0
2013-07-23,37.400001525878906
2013-07-24,36.5
2013-07-25,35.70000076293945
2013-07-26,34.700000762939446
2013-07-27,34.0
2013-07-28,33.09999847412109
2013-07-29,32.0
2013-07-30,32.09999847412109
2013-07-31,31.10000038146973
2013-08-01,29.79999923706055
2013-08-02,33.299999237060554
2013-08-03,38.20000076293945
2013-08-04,36.79999923706055
2013-08-05,35.70000076293945
2013-08-06,35.29999923706055
2013-08-07,35.79999923706055
2013-08-08,36.5
2013-08-09,35.5
2013-08-10,34.0
2013-08-11,34.0
2013-08-12,33.400001525878906
2013-08-13,32.5
2013-08-14,31.10000038146973
2013-08-15,29.79999923706055
2013-08-16,28.899999618530284
2013-08-17,28.0
2013-08-18,27.79999923706055
2013-08-19,27.29999923706055
2013-08-20,26.70000076293945
2013-08-21,25.79999923706055
2013-08-22,24.60000038146973
2013-08-23,23.60000038146973
2013-08-24,23.10000038146973
2013-08-25,22.5
2013-08-26,22.200000762939453
2013-08-27,22.100000381469727
2013-08-28,21.799999237060547
2013-08-29,21.299999237060547
2013-08-30,20.89999961853028
2013-08-31,20.89999961853028
2013-09-01,20.700000762939453
2013-09-02,20.100000381469727
2013-09-03,19.700000762939453
2013-09-04,19.200000762939453
2013-09-05,18.700000762939453
2013-09-06,19.299999237060547
2013-09-07,21.200000762939453
2013-09-08,22.5
2013-09-09,23.10000038146973
2013-09-10,22.399999618530284
2013-09-11,21.799999237060547
2013-09-12,21.0
2013-09-13,20.299999237060547
2013-09-14,19.700000762939453
2013-09-15,19.299999237060547
2013-09-16,19.100000381469727
2013-09-17,19.200000762939453
2013-09-18,20.5
2013-09-19,21.100000381469727
2013-09-20,20.100000381469727
2013-09-21,19.39999961853028
2013-09-22,18.89999961853028
2013-09-23,18.5
2013-09-24,18.299999237060547
2013-09-25,18.299999237060547
2013-09-26,17.899999618530273
2013-09-27,17.399999618530273
2013-09-28,17.100000381469727
2013-09-29,19.200000762939453
2013-09-30,19.5
2013-10-01,19.299999237060547
2013-10-02,18.700000762939453
2013-10-03,18.100000381469727
2013-10-04,17.700000762939453
2013-10-05,17.200000762939453
2013-10-06,16.799999237060547
2013-10-07,16.399999618530273
2013-10-08,16.200000762939453
2013-10-09,16.5
2013-10-10,16.100000381469727
2013-10-11,16.200000762939453
2013-10-12,15.800000190734865
2013-10-13,15.5
2013-10-14,15.199999809265135
2013-10-15,14.899999618530273
2013-10-16,14.800000190734865
2013-10-17,14.5
2013-10-18,14.199999809265135
2013-10-19,13.899999618530273
2013-10-20,13.600000381469727
2013-10-21,13.399999618530273
2013-10-22,13.199999809265135
2013-10-23,13.0
2013-10-24,12.800000190734865
2013-10-25,12.699999809265135
2013-10-26,12.600000381469727
2013-10-27,12.800000190734865
2013-10-28,12.600000381469727
2013-10-29,12.199999809265135
2013-10-30,11.899999618530273
2013-10-31,11.699999809265135
2013-11-01,11.600000381469727
2013-11-02,11.800000190734865
2013-11-03,12.100000381469727
2013-11-04,11.699999809265135
2013-11-05,11.399999618530273
2013-11-06,11.199999809265137
2013-11-07,11.0
2013-11-08,11.0
2013-11-09,10.800000190734863
2013-11-10,10.699999809265137
2013-11-11,10.600000381469727
2013-11-12,10.399999618530273
2013-11-13,10.300000190734863
2013-11-14,10.300000190734863
2013-11-15,10.199999809265137
2013-11-16,10.100000381469727
2013-11-17,10.100000381469727
2013-11-18,10.199999809265137
2013-11-19,10.800000190734863
2013-11-20,9.989999771118164
2013-11-21,8.9399995803833
2013-11-22,8.210000038146973
2013-11-23,8.130000114440918
2013-11-24,8.350000381469728
2013-11-25,8.560000419616701
2013-11-26,7.440000057220459
2013-11-27,8.159999847412111
2013-11-28,8.079999923706055
2013-11-29,8.270000457763674
2013-11-30,8.739999771118164
2013-12-01,9.050000190734863
2013-12-02,9.079999923706056
2013-12-03,8.619999885559082
2013-12-04,7.8400001525878915
2013-12-05,7.179999828338622
2013-12-06,6.739999771118164
2013-12-07,6.320000171661378
2013-12-08,6.099999904632568
2013-12-09,5.690000057220459
2013-12-10,5.590000152587892
2013-12-11,5.760000228881836
2013-12-12,6.1599998474121085
2013-12-13,6.630000114440918
2013-12-14,7.489999771118164
2013-12-15,7.5900001525878915
2013-12-16,6.889999866485598
2013-12-17,6.699999809265138
2013-12-18,7.480000019073486
2013-12-19,9.5600004196167
2013-12-20,10.399999618530273
2013-12-21,8.439999580383299
2013-12-22,7.880000114440918
2013-12-23,7.300000190734862
2013-12-24,6.960000038146973
2013-12-25,7.0
2013-12-26,7.309999942779541
2013-12-27,7.710000038146973
2013-12-28,8.149999618530272
2013-12-29,8.609999656677246
2013-12-30,9.029999732971193
2013-12-31,8.680000305175781
2014-01-01,8.090000152587889
2014-01-02,7.989999771118164
2014-01-03,8.539999961853027
2014-01-04,7.989999771118164
2014-01-05,7.130000114440918
2014-01-06,6.800000190734862
2014-01-07,6.570000171661378
2014-01-08,6.679999828338622
2014-01-09,6.800000190734862
2014-01-10,6.9099998474121085
2014-01-11,7.03000020980835
2014-01-12,7.1500000953674325
2014-01-13,7.269999980926514
2014-01-14,7.400000095367432
2014-01-15,7.429999828338622
2014-01-16,7.309999942779541
2014-01-17,7.179999828338622
2014-01-18,7.059999942779541
2014-01-19,6.929999828338622
2014-01-20,6.809999942779541
2014-01-21,6.690000057220459
2014-01-22,6.570000171661378
2014-01-23,6.429999828338622
2014-01-24,6.300000190734862
2014-01-25,6.190000057220459
2014-01-26,6.1599998474121085
2014-01-27,6.130000114440918
2014-01-28,6.099999904632568
2014-01-29,6.070000171661378
2014-01-30,5.6500000953674325
2014-01-31,5.239999771118164
2014-02-01,4.829999923706055
2014-02-02,5.090000152587892
2014-02-03,5.230000019073486
2014-02-04,4.96999979019165
2014-02-05,4.710000038146973
2014-02-06,4.579999923706055
2014-02-07,4.440000057220459
2014-02-08,4.300000190734863
2014-02-09,4.170000076293944
2014-02-10,4.320000171661377
2014-02-11,4.539999961853027
2014-02-12,4.869999885559082
2014-02-13,4.860000133514403
2014-02-14,4.860000133514403
2014-02-15,4.849999904632568
2014-02-16,4.849999904632568
2014-02-17,4.840000152587892
2014-02-18,4.809999942779541
2014-02-19,4.769999980926514
2014-02-20,4.739999771118164
2014-02-21,4.610000133514403
2014-02-22,4.460000038146973
2014-02-23,4.300000190734863
2014-02-24,4.150000095367432
2014-02-25,4.090000152587892
2014-02-26,4.1599998474121085
2014-02-27,4.340000152587892
2014-02-28,4.389999866485597
2014-03-01,4.2100000381469735
2014-03-02,3.869999885559082
2014-03-03,3.7899999618530273
2014-03-04,3.809999942779541
2014-03-05,4.199999809265137
2014-03-06,4.590000152587892
2014-03-07,4.980000019073486
2014-03-08,5.809999942779541
2014-03-09,6.920000076293945
2014-03-10,6.920000076293945
2014-03-11,6.389999866485598
2014-03-12,6.320000171661378
2014-03-13,6.5
2014-03-14,6.519999980926514
2014-03-15,6.4000000953674325
2014-03-16,6.46999979019165
2014-03-17,6.590000152587892
2014-03-18,6.329999923706055
2014-03-19,6.269999980926514
2014-03-20,6.360000133514402
2014-03-21,6.199999809265138
2014-03-22,5.059999942779541
2014-03-23,4.78000020980835
2014-03-24,4.650000095367432
2014-03-25,5.429999828338623
2014-03-26,5.510000228881836
2014-03-27,5.460000038146973
2014-03-28,5.340000152587892
2014-03-29,5.460000038146973
2014-03-30,5.769999980926514
2014-03-31,5.710000038146973
2014-04-01,5.639999866485598
2014-04-02,5.679999828338622
2014-04-03,5.699999809265138
2014-04-04,5.9099998474121085
2014-04-05,6.110000133514402
2014-04-06,6.329999923706055
2014-04-07,6.710000038146973
2014-04-08,7.6599998474121085
2014-04-09,9.789999961853027
2014-04-10,10.199999809265137
2014-04-11,10.899999618530273
2014-04-12,11.399999618530273
2014-04-13,10.699999809265137
2014-04-14,10.5
2014-04-15,10.800000190734863
2014-04-16,11.199999809265137
2014-04-17,11.600000381469727
2014-04-18,12.699999809265135
2014-04-19,13.199999809265135
2014-04-20,14.0
2014-04-21,14.800000190734865
2014-04-22,16.200000762939453
2014-04-23,17.100000381469727
2014-04-24,17.399999618530273
2014-04-25,17.700000762939453
2014-04-26,18.299999237060547
2014-04-27,18.200000762939453
2014-04-28,17.899999618530273
2014-04-29,17.5
2014-04-30,18.0
2014-05-01,20.700000762939453
2014-05-02,27.899999618530284
2014-05-03,34.0
2014-05-04,32.5
2014-05-05,30.29999923706055
2014-05-06,30.60000038146973
2014-05-07,28.0
2014-05-08,25.29999923706055
2014-05-09,29.0
2014-05-10,34.900001525878906
2014-05-11,39.0
2014-05-12,38.70000076293945
2014-05-13,43.70000076293945
2014-05-14,41.29999923706055
2014-05-15,50.20000076293945
2014-05-16,76.19999694824219
2014-05-17,92.0999984741211
2014-05-18,104.0
2014-05-19,106.0
2014-05-20,104.0
2014-05-21,115.0
2014-05-22,139.0
2014-05-23,176.0
2014-05-24,203.0
2014-05-25,214.0
2014-05-26,186.0
2014-05-27,179.0
2014-05-28,167.0
2014-05-29,147.0
2014-05-30,136.0
2014-05-31,128.0
2014-06-01,128.0
2014-06-02,134.0
2014-06-03,141.0
2014-06-04,146.0
2014-06-05,154.0
2014-06-06,149.0
2014-06-07,134.0
2014-06-08,121.0
2014-06-09,115.0
2014-06-10,118.0
2014-06-11,114.0
2014-06-12,105.0
2014-06-13,104.0
2014-06-14,111.0
2014-06-15,110.0
2014-06-16,106.0
2014-06-17,108.0
2014-06-18,119.0
2014-06-19,125.0
2014-06-20,136.0
2014-06-21,141.0
2014-06-22,137.0
2014-06-23,130.0
2014-06-24,123.0
2014-06-25,122.0
2014-06-26,121.0
2014-06-27,112.0
2014-06-28,101.0
2014-06-29,97.5
2014-06-30,93.8000030517578
2014-07-01,88.69999694824219
2014-07-02,85.80000305175781
2014-07-03,84.9000015258789
2014-07-04,84.69999694824219
2014-07-05,82.0999984741211
2014-07-06,77.80000305175781
2014-07-07,74.4000015258789
2014-07-08,71.19999694824219
2014-07-09,68.0
2014-07-10,65.19999694824219
2014-07-11,62.9000015258789
2014-07-12,59.5
2014-07-13,56.0
2014-07-14,53.79999923706055
2014-07-15,52.70000076293945
2014-07-16,52.70000076293945
2014-07-17,52.20000076293945
2014-07-18,50.70000076293945
2014-07-19,48.9000015258789
2014-07-20,46.4000015258789
2014-07-21,44.599998474121094
2014-07-22,42.5
2014-07-23,39.70000076293945
2014-07-24,38.5
2014-07-25,38.099998474121094
2014-07-26,35.900001525878906
2014-07-27,33.59999847412109
2014-07-28,31.70000076293945
2014-07-29,30.5
2014-07-30,30.10000038146973
2014-07-31,29.70000076293945
2014-08-01,29.60000038146973
2014-08-02,29.29999923706055
2014-08-03,29.399999618530284
2014-08-04,29.29999923706055
2014-08-05,28.399999618530284
2014-08-06,27.29999923706055
2014-08-07,26.5
2014-08-08,25.60000038146973
2014-08-09,24.899999618530284
2014-08-10,24.0
2014-08-11,23.10000038146973
2014-08-12,22.399999618530284
2014-08-13,22.299999237060547
2014-08-14,22.5
2014-08-15,23.29999923706055
2014-08-16,23.29999923706055
2014-08-17,23.70000076293945
2014-08-18,23.399999618530284
2014-08-19,22.899999618530284
2014-08-20,23.20000076293945
2014-08-21,23.5
2014-08-22,23.29999923706055
2014-08-23,23.10000038146973
2014-08-24,23.20000076293945
2014-08-25,22.70000076293945
2014-08-26,21.799999237060547
2014-08-27,20.799999237060547
2014-08-28,20.700000762939453
2014-08-29,21.799999237060547
2014-08-30,21.39999961853028
2014-08-31,20.700000762939453
2014-09-01,20.0
2014-09-02,19.299999237060547
2014-09-03,24.0
2014-09-04,24.29999923706055
2014-09-05,22.60000038146973
2014-09-06,22.299999237060547
2014-09-07,23.10000038146973
2014-09-08,24.29999923706055
2014-09-09,25.10000038146973
2014-09-10,24.29999923706055
2014-09-11,23.10000038146973
2014-09-12,21.899999618530284
2014-09-13,20.89999961853028
2014-09-14,20.200000762939453
2014-09-15,19.5
2014-09-16,19.0
2014-09-17,18.700000762939453
2014-09-18,18.600000381469727
2014-09-19,18.5
2014-09-20,18.5
2014-09-21,18.5
2014-09-22,18.299999237060547
2014-09-23,18.0
2014-09-24,17.799999237060547
2014-09-25,17.700000762939453
2014-09-26,17.799999237060547
2014-09-27,17.899999618530273
2014-09-28,17.899999618530273
2014-09-29,17.5
2014-09-30,17.299999237060547
2014-10-01,17.0
2014-10-02,16.899999618530273
2014-10-03,16.5
2014-10-04,15.899999618530273
2014-10-05,15.300000190734865
2014-10-06,14.899999618530273
2014-10-07,14.600000381469727
2014-10-08,14.300000190734865
2014-10-09,14.199999809265135
2014-10-10,14.0
2014-10-11,13.800000190734865
2014-10-12,13.5
2014-10-13,13.300000190734865
2014-10-14,13.100000381469727
2014-10-15,12.199999809265135
2014-10-16,12.399999618530273
2014-10-17,11.899999618530273
2014-10-18,11.5
2014-10-19,11.399999618530273
2014-10-20,11.199999809265137
2014-10-21,11.100000381469727
2014-10-22,11.0
2014-10-23,11.300000190734865
2014-10-24,11.399999618530273
2014-10-25,11.399999618530273
2014-10-26,12.300000190734865
2014-10-27,12.300000190734865
2014-10-28,12.100000381469727
2014-10-29,11.899999618530273
2014-10-30,11.600000381469727
2014-10-31,11.399999618530273
2014-11-01,11.300000190734865
2014-11-02,11.5
2014-11-03,11.300000190734865
2014-11-04,11.5
2014-11-05,11.699999809265135
2014-11-06,11.800000190734865
2014-11-07,12.199999809265135
2014-11-08,12.5
2014-11-09,13.0
2014-11-10,13.300000190734865
2014-11-11,12.600000381469727
2014-11-12,10.300000190734863
2014-11-13,9.520000457763672
2014-11-14,8.949999809265137
2014-11-15,8.069999694824219
2014-11-16,8.619999885559082
2014-11-17,8.579999923706055
2014-11-18,8.930000305175781
2014-11-19,9.229999542236328
2014-11-20,9.720000267028807
2014-11-21,10.899999618530273
2014-11-22,11.600000381469727
2014-11-23,11.100000381469727
2014-11-24,10.800000190734863
2014-11-25,10.699999809265137
2014-11-26,10.600000381469727
2014-11-27,10.800000190734863
2014-11-28,12.199999809265135
2014-11-29,12.0
2014-11-30,8.869999885559082
2014-12-01,8.039999961853027
2014-12-02,8.569999694824219
2014-12-03,8.659999847412111
2014-12-04,8.409999847412111
2014-12-05,8.630000114440918
2014-12-06,9.539999961853027
2014-12-07,10.100000381469727
2014-12-08,10.399999618530273
2014-12-09,10.699999809265137
2014-12-10,10.699999809265137
2014-12-11,10.800000190734863
2014-12-12,10.800000190734863
2014-12-13,10.699999809265137
2014-12-14,10.300000190734863
2014-12-15,9.84000015258789
2014-12-16,9.239999771118164
2014-12-17,8.880000114440918
2014-12-18,9.0
2014-12-19,8.960000038146973
2014-12-20,8.8100004196167
2014-12-21,8.670000076293945
2014-12-22,8.399999618530272
2014-12-23,7.980000019073486
2014-12-24,8.090000152587889
2014-12-25,7.820000171661378
2014-12-26,7.4099998474121085
2014-12-27,7.039999961853027
2014-12-28,7.170000076293945
2014-12-29,6.5
2014-12-30,5.940000057220459
2014-12-31,6.110000133514402
2015-01-01,6.420000076293945
2015-01-02,6.840000152587892
2015-01-03,7.269999980926514
2015-01-04,7.039999961853027
2015-01-05,7.090000152587892
2015-01-06,7.710000038146973
2015-01-07,7.670000076293945
2015-01-08,7.650000095367432
2015-01-09,7.059999942779541
2015-01-10,7.369999885559082
2015-01-11,7.570000171661378
2015-01-12,7.650000095367432
2015-01-13,7.679999828338622
2015-01-14,7.769999980926514
2015-01-15,7.78000020980835
2015-01-16,7.809999942779541
2015-01-17,7.670000076293945
2015-01-18,7.539999961853027
2015-01-19,7.619999885559082
2015-01-20,7.539999961853027
2015-01-21,6.96999979019165
2015-01-22,6.389999866485598
2015-01-23,7.0
2015-01-24,7.260000228881836
2015-01-25,7.5
2015-01-26,7.570000171661378
2015-01-27,7.480000019073486
2015-01-28,7.329999923706055
2015-01-29,7.199999809265138
2015-01-30,6.920000076293945
2015-01-31,6.829999923706055
2015-02-01,6.739999771118164
2015-02-02,6.940000057220459
2015-02-03,6.949999809265138
2015-02-04,6.849999904632568
2015-02-05,6.889999866485598
2015-02-06,8.319999694824219
2015-02-07,9.710000038146973
2015-02-08,9.359999656677246
2015-02-09,9.130000114440918
2015-02-10,8.859999656677246
2015-02-11,8.899999618530273
2015-02-12,8.829999923706055
2015-02-13,8.729999542236326
2015-02-14,8.689999580383299
2015-02-15,8.569999694824219
2015-02-16,8.399999618530272
2015-02-17,8.199999809265138
2015-02-18,8.119999885559082
2015-02-19,7.960000038146973
2015-02-20,7.929999828338622
2015-02-21,7.809999942779541
2015-02-22,6.369999885559082
2015-02-23,6.239999771118164
2015-02-24,6.119999885559082
2015-02-25,5.789999961853027
2015-02-26,5.78000020980835
2015-02-27,5.710000038146973
2015-02-28,5.679999828338622
2015-03-01,5.53000020980835
2015-03-02,5.449999809265137
2015-03-03,5.380000114440918
2015-03-04,5.570000171661377
2015-03-05,6.440000057220459
2015-03-06,6.519999980926514
2015-03-07,6.730000019073486
2015-03-08,6.639999866485598
2015-03-09,6.6500000953674325
2015-03-10,6.809999942779541
2015-03-11,6.929999828338622
2015-03-12,7.170000076293945
2015-03-13,7.400000095367432
2015-03-14,8.220000267028809
2015-03-15,9.600000381469727
2015-03-16,9.65999984741211
2015-03-17,9.1899995803833
2015-03-18,9.1899995803833
2015-03-19,9.390000343322754
2015-03-20,9.539999961853027
2015-03-21,9.880000114440918
2015-03-22,10.199999809265137
2015-03-23,10.300000190734863
2015-03-24,10.300000190734863
2015-03-25,10.199999809265137
2015-03-26,10.199999809265137
2015-03-27,10.5
2015-03-28,12.800000190734865
2015-03-29,15.199999809265135
2015-03-30,15.600000381469727
2015-03-31,16.600000381469727
2015-04-01,17.200000762939453
2015-04-02,17.0
2015-04-03,16.5
2015-04-04,16.200000762939453
2015-04-05,16.0
2015-04-06,15.5
2015-04-07,15.0
2015-04-08,14.600000381469727
2015-04-09,14.199999809265135
2015-04-10,14.100000381469727
2015-04-11,14.100000381469727
2015-04-12,13.899999618530273
2015-04-13,13.600000381469727
2015-04-14,13.600000381469727
2015-04-15,13.5
2015-04-16,13.300000190734865
2015-04-17,13.5
2015-04-18,14.100000381469727
2015-04-19,14.800000190734865
2015-04-20,15.800000190734865
2015-04-21,17.600000381469727
2015-04-22,21.5
2015-04-23,25.29999923706055
2015-04-24,26.79999923706055
2015-04-25,26.20000076293945
2015-04-26,25.20000076293945
2015-04-27,24.29999923706055
2015-04-28,24.399999618530284
2015-04-29,28.29999923706055
2015-04-30,34.09999847412109
2015-05-01,36.29999923706055
2015-05-02,36.20000076293945
2015-05-03,34.799999237060554
2015-05-04,34.0
2015-05-05,35.0
2015-05-06,36.900001525878906
2015-05-07,37.599998474121094
2015-05-08,37.599998474121094
2015-05-09,36.599998474121094
2015-05-10,35.900001525878906
2015-05-11,36.099998474121094
2015-05-12,35.79999923706055
2015-05-13,35.900001525878906
2015-05-14,36.0
2015-05-15,34.799999237060554
2015-05-16,34.5
2015-05-17,36.099998474121094
2015-05-18,37.099998474121094
2015-05-19,38.20000076293945
2015-05-20,40.79999923706055
2015-05-21,44.79999923706055
2015-05-22,50.0
2015-05-23,57.0
2015-05-24,63.4000015258789
2015-05-25,67.19999694824219
2015-05-26,73.19999694824219
2015-05-27,77.80000305175781
2015-05-28,79.0999984741211
2015-05-29,77.30000305175781
2015-05-30,74.19999694824219
2015-05-31,74.4000015258789
2015-06-01,78.9000015258789
2015-06-02,91.8000030517578
2015-06-03,107.0
2015-06-04,108.0
2015-06-05,99.5
2015-06-06,91.5
2015-06-07,87.0999984741211
2015-06-08,86.30000305175781
2015-06-09,90.1999969482422
2015-06-10,88.0999984741211
2015-06-11,81.80000305175781
2015-06-12,75.5
2015-06-13,69.0
2015-06-14,59.29999923706055
2015-06-15,52.599998474121094
2015-06-16,47.5
2015-06-17,45.9000015258789
2015-06-18,46.0
2015-06-19,46.29999923706055
2015-06-20,46.70000076293945
2015-06-21,45.70000076293945
2015-06-22,44.20000076293945
2015-06-23,42.29999923706055
2015-06-24,40.900001525878906
2015-06-25,39.5
2015-06-26,38.79999923706055
2015-06-27,39.29999923706055
2015-06-28,40.29999923706055
2015-06-29,41.29999923706055
2015-06-30,43.599998474121094
2015-07-01,44.0
2015-07-02,42.599998474121094
2015-07-03,40.5
2015-07-04,38.29999923706055
2015-07-05,36.70000076293945
2015-07-06,34.900001525878906
2015-07-07,32.200000762939446
2015-07-08,30.399999618530284
2015-07-09,29.20000076293945
2015-07-10,28.60000038146973
2015-07-11,30.29999923706055
2015-07-12,33.700000762939446
2015-07-13,33.799999237060554
2015-07-14,33.09999847412109
2015-07-15,31.399999618530284
2015-07-16,29.899999618530284
2015-07-17,28.5
2015-07-18,27.20000076293945
2015-07-19,25.29999923706055
2015-07-20,25.20000076293945
2015-07-21,25.70000076293945
2015-07-22,25.20000076293945
2015-07-23,24.79999923706055
2015-07-24,23.70000076293945
2015-07-25,22.60000038146973
2015-07-26,22.399999618530284
2015-07-27,22.299999237060547
2015-07-28,22.200000762939453
2015-07-29,21.100000381469727
2015-07-30,20.200000762939453
2015-07-31,19.39999961853028
2015-08-01,19.0
2015-08-02,18.89999961853028
2015-08-03,18.89999961853028
2015-08-04,18.799999237060547
2015-08-05,18.89999961853028
2015-08-06,19.299999237060547
2015-08-07,19.100000381469727
2015-08-08,18.0
2015-08-09,17.100000381469727
2015-08-10,16.799999237060547
2015-08-11,16.299999237060547
2015-08-12,16.100000381469727
2015-08-13,16.0
2015-08-14,16.0
2015-08-15,17.200000762939453
2015-08-16,19.600000381469727
2015-08-17,20.600000381469727
2015-08-18,19.700000762939453
2015-08-19,18.600000381469727
2015-08-20,17.700000762939453
2015-08-21,18.5
2015-08-22,20.5
2015-08-23,19.299999237060547
2015-08-24,18.200000762939453
2015-08-25,17.700000762939453
2015-08-26,17.299999237060547
2015-08-27,16.799999237060547
2015-08-28,16.5
2015-08-29,16.299999237060547
2015-08-30,16.200000762939453
2015-08-31,16.399999618530273
2015-09-01,15.800000190734865
2015-09-02,15.699999809265135
2015-09-03,15.5
2015-09-04,15.100000381469727
2015-09-05,15.0
2015-09-06,15.399999618530273
2015-09-07,15.100000381469727
2015-09-08,14.600000381469727
2015-09-09,14.199999809265135
2015-09-10,14.199999809265135
2015-09-11,14.699999809265135
2015-09-12,15.300000190734865
2015-09-13,15.699999809265135
2015-09-14,16.399999618530273
2015-09-15,17.100000381469727
2015-09-16,17.399999618530273
2015-09-17,17.0
2015-09-18,16.399999618530273
2015-09-19,15.699999809265135
2015-09-20,15.100000381469727
2015-09-21,15.399999618530273
2015-09-22,17.200000762939453
2015-09-23,18.700000762939453
2015-09-24,18.299999237060547
2015-09-25,17.399999618530273
2015-09-26,16.600000381469727
2015-09-27,16.399999618530273
2015-09-28,16.0
2015-09-29,15.600000381469727
2015-09-30,14.899999618530273
2015-10-01,14.300000190734865
2015-10-02,13.800000190734865
2015-10-03,14.300000190734865
2015-10-04,14.600000381469727
2015-10-05,14.399999618530273
2015-10-06,14.0
2015-10-07,13.699999809265135
2015-10-08,13.399999618530273
2015-10-09,13.199999809265135
2015-10-10,13.100000381469727
2015-10-11,13.800000190734865
2015-10-12,14.399999618530273
2015-10-13,14.800000190734865
2015-10-14,14.800000190734865
2015-10-15,14.5
2015-10-16,14.100000381469727
2015-10-17,13.699999809265135
2015-10-18,13.300000190734865
2015-10-19,12.899999618530273
2015-10-20,12.600000381469727
2015-10-21,12.399999618530273
2015-10-22,12.199999809265135
2015-10-23,12.0
2015-10-24,11.899999618530273
2015-10-25,11.600000381469727
2015-10-26,11.399999618530273
2015-10-27,11.100000381469727
2015-10-28,10.899999618530273
2015-10-29,10.800000190734863
2015-10-30,10.899999618530273
2015-10-31,11.100000381469727
2015-11-01,11.100000381469727
2015-11-02,11.100000381469727
2015-11-03,10.800000190734863
2015-11-04,10.600000381469727
2015-11-05,10.300000190734863
2015-11-06,9.989999771118164
2015-11-07,9.829999923706056
2015-11-08,9.68000030517578
2015-11-09,9.770000457763672
2015-11-10,9.609999656677246
2015-11-11,9.550000190734863
2015-11-12,9.369999885559082
2015-11-13,9.619999885559082
2015-11-14,11.300000190734865
2015-11-15,11.699999809265135
2015-11-16,11.0
2015-11-17,10.899999618530273
2015-11-18,11.5
2015-11-19,10.5
2015-11-20,9.779999732971193
2015-11-21,9.0
2015-11-22,8.880000114440918
2015-11-23,8.739999771118164
2015-11-24,8.270000457763674
2015-11-25,7.920000076293945
2015-11-26,7.690000057220459
2015-11-27,7.610000133514402
2015-11-28,7.550000190734862
2015-11-29,7.519999980926514
2015-11-30,7.5
2015-12-01,7.53000020980835
2015-12-02,7.550000190734862
2015-12-03,7.920000076293945
2015-12-04,8.5
2015-12-05,8.560000419616701
2015-12-06,8.590000152587889
2015-12-07,8.569999694824219
2015-12-08,8.680000305175781
2015-12-09,9.600000381469727
2015-12-10,9.170000076293944
2015-12-11,8.890000343322754
2015-12-12,8.680000305175781
2015-12-13,8.640000343322754
2015-12-14,8.460000038146973
2015-12-15,7.570000171661378
2015-12-16,7.119999885559082
2015-12-17,6.510000228881836
2015-12-18,6.1599998474121085
2015-12-19,6.420000076293945
2015-12-20,6.679999828338622
2015-12-21,6.869999885559082
2015-12-22,6.769999980926514
2015-12-23,6.679999828338622
2015-12-24,6.590000152587892
2015-12-25,6.449999809265138
2015-12-26,6.4000000953674325
2015-12-27,6.179999828338622
2015-12-28,6.039999961853027
2015-12-29,5.860000133514402
2015-12-30,5.809999942779541
2015-12-31,5.75
2016-01-01,5.699999809265138
2016-01-02,5.6599998474121085
2016-01-03,5.670000076293945
2016-01-04,6.099999904632568
2016-01-05,6.46999979019165
2016-01-06,6.550000190734862
2016-01-07,6.4000000953674325
2016-01-08,6.210000038146973
2016-01-09,6.039999961853027
2016-01-10,6.010000228881836
2016-01-11,6.039999961853027
2016-01-12,6.130000114440918
2016-01-13,6.329999923706055
2016-01-14,6.559999942779541
2016-01-15,6.639999866485598
2016-01-16,6.590000152587892
2016-01-17,6.730000019073486
2016-01-18,6.769999980926514
2016-01-19,6.769999980926514
2016-01-20,6.840000152587892
2016-01-21,6.820000171661378
2016-01-22,6.940000057220459
2016-01-23,6.980000019073486
2016-01-24,6.869999885559082
2016-01-25,6.71999979019165
2016-01-26,6.53000020980835
2016-01-27,6.610000133514402
2016-01-28,6.71999979019165
2016-01-29,6.760000228881836
2016-01-30,6.579999923706055
2016-01-31,6.429999828338622
2016-02-01,6.340000152587892
2016-02-02,5.820000171661378
2016-02-03,5.5
2016-02-04,5.489999771118164
2016-02-05,5.869999885559082
2016-02-06,5.989999771118164
2016-02-07,5.829999923706055
2016-02-08,5.829999923706055
2016-02-09,5.809999942779541
2016-02-10,5.800000190734862
2016-02-11,5.829999923706055
2016-02-12,5.849999904632568
2016-02-13,5.960000038146973
2016-02-14,5.96999979019165
2016-02-15,5.980000019073486
2016-02-16,6.03000020980835
2016-02-17,5.960000038146973
2016-02-18,6.190000057220459
2016-02-19,6.179999828338622
2016-02-20,6.050000190734862
2016-02-21,5.889999866485598
2016-02-22,5.800000190734862
2016-02-23,5.559999942779541
2016-02-24,5.199999809265137
2016-02-25,5.269999980926514
2016-02-26,5.489999771118164
2016-02-27,5.730000019073486
2016-02-28,5.599999904632568
2016-02-29,5.690000057220459
2016-03-01,5.570000171661377
2016-03-02,5.570000171661377
2016-03-03,5.590000152587892
2016-03-04,5.71999979019165
2016-03-05,5.880000114440918
2016-03-06,6.1500000953674325
2016-03-07,6.119999885559082
2016-03-08,5.989999771118164
2016-03-09,5.869999885559082
2016-03-10,6.03000020980835
2016-03-11,6.070000171661378
2016-03-12,6.119999885559082
2016-03-13,6.360000133514402
2016-03-14,6.230000019073486
2016-03-15,6.039999961853027
2016-03-16,5.920000076293945
2016-03-17,5.829999923706055
2016-03-18,5.75
2016-03-19,5.6500000953674325
2016-03-20,5.769999980926514
2016-03-21,5.889999866485598
2016-03-22,6.1500000953674325
2016-03-23,6.269999980926514
2016-03-24,6.510000228881836
2016-03-25,6.619999885559082
2016-03-26,6.550000190734862
2016-03-27,6.610000133514402
2016-03-28,6.619999885559082
2016-03-29,6.599999904632568
2016-03-30,6.699999809265138
2016-03-31,6.96999979019165
2016-04-01,7.199999809265138
2016-04-02,7.670000076293945
2016-04-03,8.640000343322754
2016-04-04,9.949999809265137
2016-04-05,11.100000381469727
2016-04-06,11.300000190734865
2016-04-07,11.5
2016-04-08,12.300000190734865
2016-04-09,14.300000190734865
2016-04-10,17.299999237060547
2016-04-11,19.600000381469727
2016-04-12,20.700000762939453
2016-04-13,21.799999237060547
2016-04-14,22.100000381469727
2016-04-15,21.799999237060547
2016-04-16,20.799999237060547
2016-04-17,20.700000762939453
2016-04-18,21.899999618530284
2016-04-19,25.899999618530284
2016-04-20,32.900001525878906
2016-04-21,40.70000076293945
2016-04-22,46.599998474121094
2016-04-23,52.099998474121094
2016-04-24,56.20000076293945
2016-04-25,58.29999923706055
2016-04-26,58.70000076293945
2016-04-27,56.4000015258789
2016-04-28,52.79999923706055
2016-04-29,49.29999923706055
2016-04-30,45.79999923706055
2016-05-01,42.20000076293945
2016-05-02,40.099998474121094
2016-05-03,42.0
2016-05-04,48.099998474121094
2016-05-05,55.599998474121094
2016-05-06,62.29999923706055
2016-05-07,67.30000305175781
2016-05-08,70.9000015258789
2016-05-09,73.5
2016-05-10,69.40000152587889
2016-05-11,61.5
2016-05-12,58.29999923706055
2016-05-13,54.099998474121094
2016-05-14,49.5
2016-05-15,46.0
2016-05-16,43.099998474121094
2016-05-17,41.900001525878906
2016-05-18,44.29999923706055
2016-05-19,51.4000015258789
2016-05-20,57.29999923706055
2016-05-21,57.599998474121094
2016-05-22,57.79999923706055
2016-05-23,59.29999923706055
2016-05-24,58.79999923706055
2016-05-25,56.9000015258789
2016-05-26,60.9000015258789
2016-05-27,67.09999847412111
2016-05-28,68.90000152587889
2016-05-29,64.59999847412111
2016-05-30,61.0
2016-05-31,57.0
2016-06-01,54.5
2016-06-02,54.5
2016-06-03,56.599998474121094
2016-06-04,59.0
2016-06-05,63.0
2016-06-06,67.5
2016-06-07,71.5999984741211
2016-06-08,75.0
2016-06-09,75.69999694824219
2016-06-10,71.0
2016-06-11,64.30000305175781
2016-06-12,57.29999923706055
2016-06-13,51.4000015258789
2016-06-14,47.5
2016-06-15,44.29999923706055
2016-06-16,41.099998474121094
2016-06-17,37.79999923706055
2016-06-18,35.09999847412109
2016-06-19,33.5
2016-06-20,31.899999618530284
2016-06-21,30.899999618530284
2016-06-22,31.20000076293945
2016-06-23,31.29999923706055
2016-06-24,32.09999847412109
2016-06-25,32.799999237060554
2016-06-26,32.200000762939446
2016-06-27,31.899999618530284
2016-06-28,31.60000038146973
2016-06-29,31.899999618530284
2016-06-30,34.400001525878906
2016-07-01,36.099998474121094
2016-07-02,36.0
2016-07-03,35.0
2016-07-04,34.900001525878906
2016-07-05,34.799999237060554
2016-07-06,33.0
2016-07-07,30.60000038146973
2016-07-08,28.5
2016-07-09,27.10000038146973
2016-07-10,26.399999618530284
2016-07-11,26.10000038146973
2016-07-12,26.70000076293945
2016-07-13,27.899999618530284
2016-07-14,28.899999618530284
2016-07-15,29.399999618530284
2016-07-16,34.0
2016-07-17,39.400001525878906
2016-07-18,46.9000015258789
2016-07-19,45.79999923706055
2016-07-20,42.5
2016-07-21,39.400001525878906
2016-07-22,36.70000076293945
2016-07-23,35.09999847412109
2016-07-24,32.700000762939446
2016-07-25,30.70000076293945
2016-07-26,29.899999618530284
2016-07-27,31.29999923706055
2016-07-28,31.29999923706055
2016-07-29,29.79999923706055
2016-07-30,29.5
2016-07-31,30.10000038146973
2016-08-01,32.09999847412109
2016-08-02,30.79999923706055
2016-08-03,29.20000076293945
2016-08-04,28.10000038146973
2016-08-05,26.10000038146973
2016-08-06,25.0
2016-08-07,25.10000038146973
2016-08-08,26.29999923706055
2016-08-09,26.20000076293945
2016-08-10,25.70000076293945
2016-08-11,25.29999923706055
2016-08-12,24.60000038146973
2016-08-13,23.70000076293945
2016-08-14,23.0
2016-08-15,22.5
2016-08-16,22.0
2016-08-17,21.5
2016-08-18,21.39999961853028
2016-08-19,21.700000762939453
2016-08-20,20.5
2016-08-21,19.5
2016-08-22,19.100000381469727
2016-08-23,19.0
2016-08-24,18.299999237060547
2016-08-25,17.5
2016-08-26,17.200000762939453
2016-08-27,16.399999618530273
2016-08-28,16.100000381469727
2016-08-29,15.899999618530273
2016-08-30,15.699999809265135
2016-08-31,15.600000381469727
2016-09-01,15.699999809265135
2016-09-02,15.800000190734865
2016-09-03,15.600000381469727
2016-09-04,15.100000381469727
2016-09-05,14.600000381469727
2016-09-06,14.199999809265135
2016-09-07,13.899999618530273
2016-09-08,13.600000381469727
2016-09-09,13.600000381469727
2016-09-10,13.199999809265135
2016-09-11,13.300000190734865
2016-09-12,13.399999618530273
2016-09-13,13.199999809265135
2016-09-14,12.899999618530273
2016-09-15,12.600000381469727
2016-09-16,12.5
2016-09-17,12.0
2016-09-18,12.300000190734865
2016-09-19,12.199999809265135
2016-09-20,12.100000381469727
2016-09-21,12.199999809265135
2016-09-22,12.199999809265135
2016-09-23,12.399999618530273
2016-09-24,11.699999809265135
2016-09-25,11.899999618530273
2016-09-26,11.699999809265135
2016-09-27,11.399999618530273
2016-09-28,11.399999618530273
2016-09-29,11.600000381469727
2016-09-30,11.699999809265135
2016-10-01,12.199999809265135
2016-10-02,12.600000381469727
2016-10-03,12.699999809265135
2016-10-04,12.899999618530273
2016-10-05,12.800000190734865
2016-10-06,12.600000381469727
2016-10-07,12.5
2016-10-08,12.5
2016-10-09,15.899999618530273
2016-10-10,19.600000381469727
2016-10-11,19.39999961853028
2016-10-12,18.89999961853028
2016-10-13,18.299999237060547
2016-10-14,18.700000762939453
2016-10-15,18.89999961853028
2016-10-16,18.100000381469727
2016-10-17,17.899999618530273
2016-10-18,17.299999237060547
2016-10-19,16.700000762939453
2016-10-20,16.399999618530273
2016-10-21,16.0
2016-10-22,15.399999618530273
2016-10-23,15.100000381469727
2016-10-24,14.600000381469727
2016-10-25,14.399999618530273
2016-10-26,13.899999618530273
2016-10-27,15.100000381469727
2016-10-28,16.299999237060547
2016-10-29,17.100000381469727
2016-10-30,17.299999237060547
2016-10-31,17.5
2016-11-01,17.299999237060547
2016-11-02,16.700000762939453
2016-11-03,16.399999618530273
2016-11-04,16.100000381469727
2016-11-05,15.899999618530273
2016-11-06,15.5
2016-11-07,15.399999618530273
2016-11-08,15.199999809265135
2016-11-09,15.100000381469727
2016-11-10,15.100000381469727
2016-11-11,15.199999809265135
2016-11-12,15.199999809265135
2016-11-13,15.300000190734865
2016-11-14,15.800000190734865
2016-11-15,16.5
2016-11-16,16.399999618530273
2016-11-17,16.100000381469727
2016-11-18,15.600000381469727
2016-11-19,15.300000190734865
2016-11-20,15.0
2016-11-21,14.800000190734865
2016-11-22,14.699999809265135
2016-11-23,14.399999618530273
2016-11-24,14.0
2016-11-25,13.899999618530273
2016-11-26,13.699999809265135
2016-11-27,13.5
2016-11-28,13.199999809265135
2016-11-29,12.699999809265135
2016-11-30,11.899999618530273
2016-12-01,11.899999618530273
2016-12-02,11.600000381469727
2016-12-03,11.800000190734865
2016-12-04,11.800000190734865
2016-12-05,11.600000381469727
2016-12-06,11.100000381469727
2016-12-07,10.199999809265137
2016-12-08,9.239999771118164
2016-12-09,8.430000305175781
2016-12-10,7.920000076293945
2016-12-11,7.3400001525878915
2016-12-12,7.099999904632568
2016-12-13,7.320000171661378
2016-12-14,7.389999866485598
2016-12-15,7.389999866485598
2016-12-16,7.210000038146973
2016-12-17,7.0
2016-12-18,6.9000000953674325
2016-12-19,7.130000114440918
2016-12-20,7.539999961853027
2016-12-21,8.039999961853027
2016-12-22,8.550000190734862
2016-12-23,8.970000267028809
2016-12-24,8.989999771118164
2016-12-25,8.880000114440918
2016-12-26,8.630000114440918
2016-12-27,8.340000152587889
2016-12-28,8.039999961853027
2016-12-29,7.699999809265138
2016-12-30,7.869999885559082
2016-12-31,7.53000020980835
2017-01-01,7.3400001525878915
2017-01-02,6.599999904632568
2017-01-03,6.1500000953674325
2017-01-04,6.340000152587892
2017-01-05,6.230000019073486
2017-01-06,6.010000228881836
2017-01-07,5.78000020980835
2017-01-08,5.739999771118164
2017-01-09,5.699999809265138
2017-01-10,5.6500000953674325
2017-01-11,5.610000133514403
2017-01-12,5.559999942779541
2017-01-13,5.519999980926514
2017-01-14,5.480000019073486
2017-01-15,5.440000057220459
2017-01-16,5.4099998474121085
2017-01-17,5.369999885559082
2017-01-18,5.329999923706055
2017-01-19,5.309999942779541
2017-01-20,5.440000057220459
2017-01-21,5.639999866485598
2017-01-22,5.769999980926514
2017-01-23,5.78000020980835
2017-01-24,5.789999961853027
2017-01-25,5.789999961853027
2017-01-26,5.639999866485598
2017-01-27,5.440000057220459
2017-01-28,5.28000020980835
2017-01-29,5.239999771118164
2017-01-30,5.199999809265137
2017-01-31,5.079999923706055
2017-02-01,4.920000076293945
2017-02-02,4.760000228881836
2017-02-03,4.559999942779541
2017-02-04,4.2199997901916495
2017-02-05,4.0
2017-02-06,3.740000009536743
2017-02-07,3.660000085830689
2017-02-08,3.650000095367432
2017-02-09,3.5399999618530287
2017-02-10,3.630000114440918
2017-02-11,4.130000114440918
2017-02-12,4.53000020980835
2017-02-13,4.829999923706055
2017-02-14,5.059999942779541
2017-02-15,5.1599998474121085
2017-02-16,5.489999771118164
2017-02-17,5.6500000953674325
2017-02-18,5.6500000953674325
2017-02-19,5.670000076293945
2017-02-20,5.670000076293945
2017-02-21,5.679999828338622
2017-02-22,5.6500000953674325
2017-02-23,5.599999904632568
2017-02-24,5.300000190734863
2017-02-25,5.320000171661377
2017-02-26,5.440000057220459
2017-02-27,5.429999828338623
2017-02-28,5.139999866485597
2017-03-01,5.269999980926514
2017-03-02,5.21999979019165
2017-03-03,5.199999809265137
2017-03-04,5.269999980926514
2017-03-05,5.230000019073486
2017-03-06,5.119999885559082
2017-03-07,4.900000095367432
2017-03-08,5.090000152587892
2017-03-09,5.039999961853027
2017-03-10,5.090000152587892
2017-03-11,5.059999942779541
2017-03-12,5.110000133514403
2017-03-13,5.179999828338623
2017-03-14,5.360000133514403
2017-03-15,6.239999771118164
2017-03-16,7.739999771118164
2017-03-17,7.210000038146973
2017-03-18,8.279999732971191
2017-03-19,9.18000030517578
2017-03-20,8.029999732971191
2017-03-21,7.739999771118164
2017-03-22,7.789999961853027
2017-03-23,8.319999694824219
2017-03-24,8.380000114440918
2017-03-25,8.470000267028809
2017-03-26,8.619999885559082
2017-03-27,8.930000305175781
2017-03-28,9.149999618530273
2017-03-29,9.050000190734863
2017-03-30,9.380000114440918
2017-03-31,10.100000381469727
2017-04-01,10.5
2017-04-02,10.600000381469727
2017-04-03,10.300000190734863
2017-04-04,10.100000381469727
2017-04-05,10.199999809265137
2017-04-06,10.800000190734863
2017-04-07,11.899999618530273
2017-04-08,12.5
2017-04-09,12.699999809265135
2017-04-10,12.399999618530273
2017-04-11,12.100000381469727
2017-04-12,12.0
2017-04-13,12.300000190734865
2017-04-14,12.5
2017-04-15,12.300000190734865
2017-04-16,12.100000381469727
2017-04-17,12.100000381469727
2017-04-18,12.5
2017-04-19,13.300000190734865
2017-04-20,14.399999618530273
2017-04-21,15.699999809265135
2017-04-22,16.299999237060547
2017-04-23,17.100000381469727
2017-04-24,18.200000762939453
2017-04-25,20.0
2017-04-26,20.600000381469727
2017-04-27,21.100000381469727
2017-04-28,21.299999237060547
2017-04-29,20.799999237060547
2017-04-30,20.39999961853028
2017-05-01,20.299999237060547
2017-05-02,19.89999961853028
2017-05-03,20.0
2017-05-04,21.899999618530284
2017-05-05,32.200000762939446
2017-05-06,60.0
2017-05-07,75.80000305175781
2017-05-08,73.80000305175781
2017-05-09,66.40000152587889
2017-05-10,63.20000076293945
2017-05-11,67.30000305175781
2017-05-12,82.0
2017-05-13,97.4000015258789
2017-05-14,94.3000030517578
2017-05-15,84.30000305175781
2017-05-16,75.9000015258789
2017-05-17,71.0
2017-05-18,64.80000305175781
2017-05-19,60.099998474121094
2017-05-20,58.20000076293945
2017-05-21,60.29999923706055
2017-05-22,70.19999694824219
2017-05-23,89.80000305175781
2017-05-24,129.0
2017-05-25,144.0
2017-05-26,119.0
2017-05-27,104.0
2017-05-28,107.0
2017-05-29,125.0
2017-05-30,149.0
2017-05-31,161.0
2017-06-01,162.0
2017-06-02,154.0
2017-06-03,148.0
2017-06-04,141.0
2017-06-05,134.0
2017-06-06,128.0
2017-06-07,121.0
2017-06-08,125.0
2017-06-09,133.0
2017-06-10,124.0
2017-06-11,109.0
2017-06-12,93.5999984741211
2017-06-13,91.0999984741211
2017-06-14,99.5999984741211
2017-06-15,102.0
2017-06-16,91.5999984741211
2017-06-17,85.80000305175781
2017-06-18,81.0
2017-06-19,75.5999984741211
2017-06-20,72.5
2017-06-21,76.80000305175781
2017-06-22,75.19999694824219
2017-06-23,67.59999847412111
2017-06-24,61.29999923706055
2017-06-25,58.79999923706055
2017-06-26,59.70000076293945
2017-06-27,62.9000015258789
2017-06-28,66.80000305175781
2017-06-29,62.5
2017-06-30,57.099998474121094
2017-07-01,55.4000015258789
2017-07-02,57.29999923706055
2017-07-03,58.29999923706055
2017-07-04,57.5
2017-07-05,54.70000076293945
2017-07-06,51.599998474121094
2017-07-07,49.79999923706055
2017-07-08,48.79999923706055
2017-07-09,47.9000015258789
2017-07-10,46.79999923706055
2017-07-11,46.5
2017-07-12,44.900001525878906
2017-07-13,41.900001525878906
2017-07-14,38.79999923706055
2017-07-15,37.400001525878906
2017-07-16,36.099998474121094
2017-07-17,34.700000762939446
2017-07-18,33.09999847412109
2017-07-19,30.0
2017-07-20,28.399999618530284
2017-07-21,27.29999923706055
2017-07-22,26.60000038146973
2017-07-23,25.70000076293945
2017-07-24,25.60000038146973
2017-07-25,25.79999923706055
2017-07-26,25.10000038146973
2017-07-27,24.29999923706055
2017-07-28,23.70000076293945
2017-07-29,23.399999618530284
2017-07-30,23.10000038146973
2017-07-31,22.70000076293945
2017-08-01,22.299999237060547
2017-08-02,22.100000381469727
2017-08-03,22.0
2017-08-04,21.39999961853028
2017-08-05,21.100000381469727
2017-08-06,20.5
2017-08-07,19.799999237060547
2017-08-08,19.5
2017-08-09,19.299999237060547
2017-08-10,19.100000381469727
2017-08-11,19.0
2017-08-12,18.700000762939453
2017-08-13,18.5
2017-08-14,18.799999237060547
2017-08-15,19.200000762939453
2017-08-16,18.5
2017-08-17,17.600000381469727
2017-08-18,17.100000381469727
2017-08-19,16.700000762939453
2017-08-20,16.700000762939453
2017-08-21,16.600000381469727
2017-08-22,16.100000381469727
2017-08-23,15.600000381469727
2017-08-24,15.5
2017-08-25,15.600000381469727
2017-08-26,15.5
2017-08-27,15.100000381469727
2017-08-28,14.600000381469727
2017-08-29,14.399999618530273
2017-08-30,14.5
2017-08-31,14.600000381469727
2017-09-01,14.600000381469727
2017-09-02,14.399999618530273
2017-09-03,14.199999809265135
2017-09-04,14.199999809265135
2017-09-05,14.399999618530273
2017-09-06,14.199999809265135
2017-09-07,13.800000190734865
2017-09-08,13.600000381469727
2017-09-09,13.600000381469727
2017-09-10,13.600000381469727
2017-09-11,13.699999809265135
2017-09-12,13.5
2017-09-13,13.199999809265135
2017-09-14,13.899999618530273
2017-09-15,13.899999618530273
2017-09-16,13.399999618530273
2017-09-17,12.899999618530273
2017-09-18,12.399999618530273
2017-09-19,12.0
2017-09-20,11.699999809265135
2017-09-21,11.5
2017-09-22,11.300000190734865
2017-09-23,11.0
2017-09-24,10.800000190734863
2017-09-25,10.399999618530273
2017-09-26,10.199999809265137
2017-09-27,10.0
2017-09-28,9.84000015258789
2017-09-29,9.649999618530273
2017-09-30,9.5
2017-10-01,9.510000228881836
2017-10-02,9.710000038146973
2017-10-03,9.800000190734863
2017-10-04,9.600000381469727
2017-10-05,9.420000076293944
2017-10-06,9.300000190734863
2017-10-07,9.34000015258789
2017-10-08,9.350000381469727
2017-10-09,9.260000228881836
2017-10-10,9.170000076293944
2017-10-11,9.109999656677246
2017-10-12,9.06999969482422
2017-10-13,8.9399995803833
2017-10-14,8.8100004196167
2017-10-15,8.680000305175781
2017-10-16,8.529999732971191
2017-10-17,8.359999656677246
2017-10-18,8.449999809265138
2017-10-19,10.300000190734863
2017-10-20,10.600000381469727
2017-10-21,10.199999809265137
2017-10-22,10.199999809265137
2017-10-23,9.920000076293944
2017-10-24,9.65999984741211
2017-10-25,9.460000038146973
2017-10-26,9.369999885559082
2017-10-27,9.270000457763672
2017-10-28,9.119999885559082
2017-10-29,9.0
2017-10-30,8.859999656677246
2017-10-31,8.699999809265138
2017-11-01,9.109999656677246
2017-11-02,8.579999923706055
2017-11-03,8.199999809265138
2017-11-04,7.28000020980835
2017-11-05,7.449999809265138
2017-11-06,6.699999809265138
2017-11-07,6.099999904632568
2017-11-08,6.760000228881836
2017-11-09,7.090000152587892
2017-11-10,7.519999980926514
2017-11-11,7.480000019073486
2017-11-12,7.4099998474121085
2017-11-13,7.46999979019165
2017-11-14,7.5
2017-11-15,7.380000114440918
2017-11-16,7.579999923706055
2017-11-17,7.429999828338622
2017-11-18,7.329999923706055
2017-11-19,7.28000020980835
2017-11-20,7.380000114440918
2017-11-21,7.199999809265138
2017-11-22,7.300000190734862
2017-11-23,8.479999542236326
2017-11-24,9.229999542236328
2017-11-25,8.84000015258789
2017-11-26,8.84000015258789
2017-11-27,9.630000114440918
2017-11-28,9.380000114440918
2017-11-29,9.199999809265137
2017-11-30,9.010000228881836
2017-12-01,8.84000015258789
2017-12-02,8.729999542236326
2017-12-03,8.489999771118164
2017-12-04,7.480000019073486
2017-12-05,6.820000171661378
2017-12-06,7.039999961853027
2017-12-07,7.369999885559082
2017-12-08,7.210000038146973
2017-12-09,6.849999904632568
2017-12-10,6.210000038146973
2017-12-11,5.769999980926514
2017-12-12,5.6599998474121085
2017-12-13,5.460000038146973
2017-12-14,5.690000057220459
2017-12-15,5.980000019073486
2017-12-16,6.050000190734862
2017-12-17,6.050000190734862
2017-12-18,6.260000228881836
2017-12-19,6.429999828338622
2017-12-20,6.489999771118164
2017-12-21,5.820000171661378
2017-12-22,5.849999904632568
2017-12-23,5.170000076293945
2017-12-24,5.070000171661377
2017-12-25,4.869999885559082
2017-12-26,4.829999923706055
2017-12-27,4.789999961853027
2017-12-28,4.75
2017-12-29,4.710000038146973
2017-12-30,4.670000076293945
2017-12-31,4.639999866485597
2018-01-01,4.610000133514403
2018-01-02,4.630000114440918
2018-01-03,4.670000076293945
2018-01-04,4.710000038146973
2018-01-05,4.760000228881836
2018-01-06,4.849999904632568
2018-01-07,5.130000114440918
2018-01-08,5.6500000953674325
2018-01-09,5.9099998474121085
2018-01-10,5.860000133514402
2018-01-11,5.71999979019165
2018-01-12,5.949999809265138
2018-01-13,6.179999828338622
2018-01-14,6.420000076293945
2018-01-15,6.460000038146973
2018-01-16,6.480000019073486
2018-01-17,6.5
2018-01-18,6.630000114440918
2018-01-19,6.510000228881836
2018-01-20,6.489999771118164
2018-01-21,6.389999866485598
2018-01-22,6.349999904632568
2018-01-23,6.21999979019165
2018-01-24,6.25
2018-01-25,6.190000057220459
2018-01-26,6.03000020980835
2018-01-27,5.599999904632568
2018-01-28,5.690000057220459
2018-01-29,5.940000057220459
2018-01-30,6.119999885559082
2018-01-31,5.889999866485598
2018-02-01,5.6599998474121085
2018-02-02,5.820000171661378
2018-02-03,5.78000020980835
2018-02-04,5.210000038146973
2018-02-05,5.119999885559082
2018-02-06,4.679999828338623
2018-02-07,4.840000152587892
2018-02-08,4.599999904632568
2018-02-09,4.150000095367432
2018-02-10,4.030000209808351
2018-02-11,3.910000085830689
2018-02-12,3.7899999618530273
2018-02-13,3.630000114440918
2018-02-14,3.700000047683716
2018-02-15,3.849999904632568
2018-02-16,3.609999895095825
2018-02-17,3.240000009536743
2018-02-18,3.0999999046325684
2018-02-19,3.1800000667572017
2018-02-20,3.259999990463257
2018-02-21,3.3299999237060547
2018-02-22,3.390000104904175
2018-02-23,3.4600000381469727
2018-02-24,3.5299999713897705
2018-02-25,3.5999999046325684
2018-02-26,3.670000076293945
2018-02-27,3.740000009536743
2018-02-28,3.809999942779541
2018-03-01,3.869999885559082
2018-03-02,3.9300000667572017
2018-03-03,3.990000009536743
2018-03-04,4.059999942779541
2018-03-05,4.119999885559082
2018-03-06,4.179999828338623
2018-03-07,4.25
2018-03-08,4.449999809265137
2018-03-09,4.570000171661377
2018-03-10,4.550000190734863
2018-03-11,4.53000020980835
2018-03-12,4.559999942779541
2018-03-13,4.639999866485597
2018-03-14,4.78000020980835
2018-03-15,4.96999979019165
2018-03-16,4.920000076293945
2018-03-17,4.980000019073486
2018-03-18,5.059999942779541
2018-03-19,5.079999923706055
2018-03-20,5.039999961853027
2018-03-21,4.980000019073486
2018-03-22,5.019999980926514
2018-03-23,5.019999980926514
2018-03-24,5.010000228881836
2018-03-25,4.96999979019165
2018-03-26,4.929999828338623
2018-03-27,4.960000038146973
2018-03-28,4.980000019073486
2018-03-29,5.010000228881836
2018-03-30,5.1599998474121085
2018-03-31,4.960000038146973
2018-04-01,4.75
2018-04-02,5.079999923706055
2018-04-03,4.800000190734863
2018-04-04,5.199999809265137
2018-04-05,5.28000020980835
2018-04-06,5.21999979019165
2018-04-07,5.28000020980835
2018-04-08,5.449999809265137
2018-04-09,5.75
2018-04-10,5.96999979019165
2018-04-11,6.389999866485598
2018-04-12,6.78000020980835
2018-04-13,6.679999828338622
2018-04-14,6.829999923706055
2018-04-15,7.6599998474121085
2018-04-16,8.239999771118164
2018-04-17,8.119999885559082
2018-04-18,8.270000457763674
2018-04-19,8.779999732971191
2018-04-20,9.960000038146973
2018-04-21,11.600000381469727
2018-04-22,12.199999809265135
2018-04-23,12.600000381469727
2018-04-24,14.0
2018-04-25,16.5
2018-04-26,19.799999237060547
2018-04-27,24.399999618530284
2018-04-28,32.900001525878906
2018-04-29,43.0
2018-04-30,44.400001525878906
2018-05-01,40.70000076293945
2018-05-02,38.20000076293945
2018-05-03,37.29999923706055
2018-05-04,40.79999923706055
2018-05-05,46.599998474121094
2018-05-06,55.29999923706055
2018-05-07,65.09999847412111
2018-05-08,76.4000015258789
2018-05-09,92.0
2018-05-10,96.8000030517578
2018-05-11,88.9000015258789
2018-05-12,82.19999694824219
2018-05-13,80.5
2018-05-14,89.5
2018-05-15,110.0
2018-05-16,141.0
2018-05-17,164.0
2018-05-18,153.0
2018-05-19,126.0
2018-05-20,107.0
2018-05-21,106.0
2018-05-22,108.0
2018-05-23,113.0
2018-05-24,122.0
2018-05-25,130.0
2018-05-26,145.0
2018-05-27,143.0
2018-05-28,134.0
2018-05-29,126.0
2018-05-30,119.0
2018-05-31,105.0
2018-06-01,91.0
2018-06-02,79.4000015258789
2018-06-03,72.0999984741211
2018-06-04,71.0999984741211
2018-06-05,75.5
2018-06-06,71.5999984741211
2018-06-07,66.90000152587889
2018-06-08,65.59999847412111
2018-06-09,67.0
2018-06-10,67.40000152587889
2018-06-11,64.30000305175781
2018-06-12,57.79999923706055
2018-06-13,52.0
2018-06-14,49.29999923706055
2018-06-15,48.0
2018-06-16,48.70000076293945
2018-06-17,51.79999923706055
2018-06-18,51.79999923706055
2018-06-19,50.9000015258789
2018-06-20,49.20000076293945
2018-06-21,51.70000076293945
2018-06-22,56.4000015258789
2018-06-23,58.599998474121094
2018-06-24,64.59999847412111
2018-06-25,65.0
2018-06-26,64.0
2018-06-27,60.099998474121094
2018-06-28,53.79999923706055
2018-06-29,49.9000015258789
2018-06-30,46.70000076293945
2018-07-01,45.20000076293945
2018-07-02,47.4000015258789
2018-07-03,48.9000015258789
2018-07-04,49.0
2018-07-05,48.20000076293945
2018-07-06,47.0
2018-07-07,47.4000015258789
2018-07-08,47.599998474121094
2018-07-09,44.599998474121094
2018-07-10,42.599998474121094
2018-07-11,41.5
2018-07-12,39.79999923706055
2018-07-13,38.29999923706055
2018-07-14,37.29999923706055
2018-07-15,37.099998474121094
2018-07-16,35.5
2018-07-17,33.200000762939446
2018-07-18,31.79999923706055
2018-07-19,31.60000038146973
2018-07-20,31.10000038146973
2018-07-21,29.60000038146973
2018-07-22,28.79999923706055
2018-07-23,27.399999618530284
2018-07-24,26.5
2018-07-25,25.899999618530284
2018-07-26,25.5
2018-07-27,25.20000076293945
2018-07-28,25.20000076293945
2018-07-29,24.5
2018-07-30,23.70000076293945
2018-07-31,23.10000038146973
2018-08-01,23.0
2018-08-02,22.70000076293945
2018-08-03,22.79999923706055
2018-08-04,23.10000038146973
2018-08-05,22.299999237060547
2018-08-06,21.299999237060547
2018-08-07,20.5
2018-08-08,20.200000762939453
2018-08-09,19.799999237060547
2018-08-10,19.5
2018-08-11,19.799999237060547
2018-08-12,20.200000762939453
2018-08-13,20.0
2018-08-14,18.89999961853028
2018-08-15,18.0
2018-08-16,17.600000381469727
2018-08-17,17.399999618530273
2018-08-18,17.200000762939453
2018-08-19,17.0
2018-08-20,16.799999237060547
2018-08-21,16.5
2018-08-22,15.800000190734865
2018-08-23,15.300000190734865
2018-08-24,15.5
2018-08-25,16.0
2018-08-26,15.699999809265135
2018-08-27,15.600000381469727
2018-08-28,15.0
2018-08-29,14.399999618530273
2018-08-30,14.0
2018-08-31,13.600000381469727
2018-09-01,13.300000190734865
2018-09-02,13.0
2018-09-03,12.699999809265135
2018-09-04,12.600000381469727
2018-09-05,12.399999618530273
2018-09-06,12.0
2018-09-07,11.699999809265135
2018-09-08,11.5
2018-09-09,11.399999618530273
2018-09-10,11.600000381469727
2018-09-11,11.899999618530273
2018-09-12,11.800000190734865
2018-09-13,11.600000381469727
2018-09-14,11.899999618530273
2018-09-15,11.800000190734865
2018-09-16,11.600000381469727
2018-09-17,11.600000381469727
2018-09-18,11.399999618530273
2018-09-19,11.100000381469727
2018-09-20,11.0
2018-09-21,11.199999809265137
2018-09-22,11.399999618530273
2018-09-23,11.800000190734865
2018-09-24,12.199999809265135
2018-09-25,12.600000381469727
2018-09-26,12.600000381469727
2018-09-27,12.600000381469727
2018-09-28,12.600000381469727
2018-09-29,12.300000190734865
2018-09-30,12.199999809265135
2018-10-01,12.0
2018-10-02,12.399999618530273
2018-10-03,12.399999618530273
2018-10-04,12.100000381469727
2018-10-05,11.899999618530273
2018-10-06,11.800000190734865
2018-10-07,11.600000381469727
2018-10-08,11.399999618530273
2018-10-09,11.300000190734865
2018-10-10,11.100000381469727
2018-10-11,10.899999618530273
2018-10-12,10.699999809265137
2018-10-13,10.600000381469727
2018-10-14,10.5
2018-10-15,10.399999618530273
2018-10-16,10.300000190734863
2018-10-17,10.100000381469727
2018-10-18,9.979999542236328
2018-10-19,9.899999618530273
2018-10-20,9.800000190734863
2018-10-21,9.75
2018-10-22,9.68000030517578
2018-10-23,9.579999923706056
2018-10-24,9.460000038146973
2018-10-25,9.40999984741211
2018-10-26,9.5
2018-10-27,9.829999923706056
2018-10-28,9.93000030517578
2018-10-29,9.899999618530273
2018-10-30,9.75
2018-10-31,9.720000267028807
2018-11-01,9.619999885559082
2018-11-02,9.829999923706056
2018-11-03,10.0
2018-11-04,10.100000381469727
2018-11-05,10.0
2018-11-06,9.989999771118164
2018-11-07,10.100000381469727
2018-11-08,9.31999969482422
2018-11-09,9.220000267028807
2018-11-10,9.18000030517578
2018-11-11,9.029999732971193
2018-11-12,8.859999656677246
2018-11-13,8.979999542236328
2018-11-14,8.84000015258789
2018-11-15,8.84000015258789
2018-11-16,8.699999809265138
2018-11-17,8.0
2018-11-18,7.739999771118164
2018-11-19,7.809999942779541
2018-11-20,7.760000228881836
2018-11-21,7.570000171661378
2018-11-22,8.010000228881836
2018-11-23,8.229999542236326
2018-11-24,8.039999961853027
2018-11-25,7.869999885559082
2018-11-26,7.920000076293945
2018-11-27,8.020000457763674
2018-11-28,7.989999771118164
2018-11-29,7.889999866485598
2018-11-30,7.789999961853027
2018-12-01,7.809999942779541
2018-12-02,7.730000019073486
2018-12-03,7.599999904632567
2018-12-04,6.6500000953674325
2018-12-05,5.940000057220459
2018-12-06,5.699999809265138
2018-12-07,5.670000076293945
2018-12-08,5.679999828338622
2018-12-09,5.670000076293945
2018-12-10,5.690000057220459
2018-12-11,5.809999942779541
2018-12-12,6.130000114440918
2018-12-13,6.28000020980835
2018-12-14,6.389999866485598
2018-12-15,6.5
2018-12-16,6.679999828338622
2018-12-17,6.789999961853027
2018-12-18,6.860000133514402
2018-12-19,6.760000228881836
2018-12-20,6.730000019073486
2018-12-21,6.78000020980835
2018-12-22,6.059999942779541
2018-12-23,5.71999979019165
2018-12-24,5.539999961853027
2018-12-25,5.599999904632568
2018-12-26,5.6500000953674325
2018-12-27,5.619999885559082
2018-12-28,5.579999923706055
2018-12-29,5.539999961853027
2018-12-30,5.579999923706055
2018-12-31,5.510000228881836
